,afrikaans,arabic,armenian,basque,belarusian,bulgarian,catalan,chinese,classical_chinese,croatian,czech,danish,dutch,english,estonian,finnish,french,galician,german,gothic,greek,hebrew,hindi,hungarian,indonesian,irish,italian,japanese,kazakh,korean,latin,latvian,lithuanian,maltese,marathi,north_sami,old_church_slavonic,persian,polish,portuguese,romanian,russian,sanskrit,scottish_gaelic,serbian,slovak,slovenian,spanish,swedish,tamil,telugu,turkish,ukrainian,urdu,uyghur,vietnamese,welsh,wolof
afrikaans,1.0,0.7136047162425708,0.6945021765550706,0.7414768408648214,0.8393368595457943,0.8390994277004716,0.9391650033486766,0.5899032724406738,0.4847559943391396,0.8465565387391455,0.8488124764172125,0.9332710111876198,0.9392590947845272,0.9363668491053009,0.7295791382305538,0.7092009995551192,0.9251195497250592,0.8976052450850461,0.9647748414201697,0.34385129561793826,0.9375320534965169,0.6505577516609531,0.8200103898504992,0.6202428786218691,0.7865604322786335,0.8452730355326414,0.9261601158736067,0.5684505342154178,0.627357990478645,0.5272562759311605,0.6895594709049341,0.8044578198829029,0.7077675747259011,0.6421879664628766,0.7525380907624613,0.5536877966066196,0.49867254670939637,0.7838191655996604,0.833058864474131,0.8812930508525467,0.8978914336538223,0.8302598929090497,0.3761834665827786,0.7156566517888779,0.8603612364343002,0.832953108647934,0.873615558795307,0.9421354625441187,0.9137077317353285,0.5974240278515548,0.6258014016014934,0.7527538315784055,0.8021353537350833,0.7887438514360748,0.736335726989675,0.6914161308249465,0.8573520461930163,0.7799375568441683
arabic,0.7136047162425708,1.0,0.5889035470568819,0.751503032193458,0.8454724737332999,0.8781204149499257,0.764122130033318,0.7486423578411542,0.3988060372210554,0.8397950661604068,0.8644384434935021,0.8326113338770768,0.760316035163776,0.7872925214668449,0.7684824714661517,0.6086106975073892,0.7629337607786292,0.8200791414023446,0.762226670633094,0.5409249832797606,0.6684412879621188,0.7717693680718828,0.8680648171101021,0.37218811174930566,0.7240278981474332,0.8602884472437563,0.7930272308041983,0.6344100126439072,0.5270806732342446,0.5127175411254439,0.7077952147647153,0.8503125224931295,0.8113100915879934,0.5229324247541742,0.5491479137020473,0.4280446130842006,0.50755249841848,0.7571771015396146,0.7992715109131483,0.8353262496934615,0.8626864308909059,0.8675015566854564,0.30015746689329337,0.6161011790353988,0.84250829436354,0.8618854964376891,0.8442409885761817,0.765064209988235,0.8049722780030791,0.8406604854180917,0.5025624564397713,0.7312751866067649,0.8393143650572824,0.7976459242467666,0.7302535101944398,0.5806949118018141,0.9029469485779666,0.7365600908270371
armenian,0.6945021765550706,0.5889035470568819,1.0,0.8589584584694543,0.8609116598415183,0.6915162168612454,0.6874982919632562,0.6242778087572448,0.41784924654560673,0.8532434878805131,0.8495525940124375,0.7646863410706353,0.8030352326206908,0.7518239099161557,0.8709650853614823,0.9309709415351309,0.5787877196489347,0.50300480103213,0.7703614938588296,0.2478139921274555,0.6052093170608297,0.6343199924196562,0.6513292468016326,0.6330157107832918,0.7391253263834963,0.647396788753439,0.589733770647056,0.40184509696936094,0.874052541400444,0.6509364452749031,0.8357739227357249,0.8227712430600529,0.8428776716601332,0.6091656846229091,0.7865072911949401,0.795895313198154,0.4580673552040433,0.7829730570122122,0.8612472850826343,0.5592461307833826,0.763343416500613,0.8471036437176815,0.42355627258045847,0.4819837394346851,0.8219767126232598,0.8499987689827513,0.8365459191755085,0.6862497441296839,0.7872570001406684,0.5738032175471065,0.721171892316902,0.8400103066404702,0.8669540825658215,0.6141414371941402,0.8776667018086964,0.5312054088279368,0.7203020349169376,0.6708069317688073
basque,0.7414768408648214,0.751503032193458,0.8589584584694543,1.0,0.8848846702700622,0.740069249053165,0.7809406049774814,0.8219346349178033,0.542997971165918,0.8837653695610157,0.8733710083933995,0.8244803339205345,0.8580870377086004,0.7878389474580634,0.9061277945621918,0.8558600291094335,0.6666881126821594,0.6444990506519851,0.8322403035058763,0.535070536858318,0.7109845940236087,0.6258679661814516,0.7680667666446495,0.6437456384307694,0.8030337571150288,0.8147269155421352,0.6818665169937412,0.5414837156041292,0.7152141677167662,0.7306074683959893,0.8154467310966139,0.9481408092738044,0.9320278129583015,0.5873578341856487,0.7393871481452898,0.7153119345901287,0.5769736543500766,0.7032057766413903,0.8474950512404641,0.6906995687947476,0.8551587433632333,0.8844949147420301,0.4981007639883824,0.5744720985584996,0.8669090864925676,0.8910032619084136,0.8558554516462412,0.7783481394101218,0.8132055384075005,0.7596572924458407,0.7764088111355123,0.8108754745823318,0.8797748086485339,0.6903965067362632,0.8850759391248016,0.6241917239380815,0.866666594311166,0.8221614315269329
belarusian,0.8393368595457943,0.8454724737332999,0.8609116598415183,0.8848846702700622,1.0,0.923804240551959,0.8444120156451437,0.7613303929826171,0.5299287515235909,0.978962236963928,0.9870078659665668,0.9312395610430844,0.9087252834677861,0.8945815243788292,0.9270279778310739,0.8428697608592152,0.7685224680951191,0.7344538423292466,0.9023538036960385,0.4264920309822843,0.7260359502188747,0.7118303387953167,0.8693117509082285,0.5756629353074478,0.8394977153970234,0.8699429993515951,0.7679641684204891,0.5654164859690308,0.7538619240035025,0.6572995682367112,0.8720081161722099,0.94638785972708,0.9211956641193462,0.6181800896913027,0.7849855729515804,0.6838941211862133,0.5885288470706511,0.8463892125897575,0.9646245947927391,0.7775381924014607,0.9388960165475593,0.9825688988455641,0.4665653689378552,0.6247964762680276,0.9626906605316214,0.9778442452141749,0.9761189068767373,0.8454600006808813,0.9267242064748245,0.7888132089764277,0.6909144552039216,0.8354223206894292,0.9846876033298769,0.8067253505762496,0.9047577490020465,0.649662782463244,0.9195577271672057,0.7606423882248611
bulgarian,0.8390994277004716,0.8781204149499257,0.6915162168612454,0.740069249053165,0.923804240551959,1.0,0.8388023834123417,0.6714412540076027,0.4522330698132446,0.9329203762897826,0.9414255841840119,0.9370477605634887,0.8586587952498541,0.9035856895901406,0.8108265066362845,0.6961997392344977,0.8080627926352902,0.7920706552263703,0.8670000491820004,0.3936956684923258,0.6982264295308755,0.6880434213739498,0.9401258032787498,0.4238755810716892,0.8150867316141592,0.8910641961632642,0.8032201937366998,0.6795617350266104,0.604486652678044,0.5370921698433127,0.7818111734882303,0.8565421647805571,0.8017803915007298,0.5703290637088827,0.6417521115081573,0.5218718887147894,0.5540662173911921,0.8670727273295721,0.9127213084916949,0.8208666607496583,0.940709287330452,0.9282284699746969,0.3797208489647405,0.7050881297836288,0.9328180200211642,0.9202138050156706,0.9464770946600498,0.8493188276565249,0.9200722062380576,0.750010305816352,0.5128899673415214,0.7521176412539357,0.9055282221321348,0.8970316435490804,0.7715091292040701,0.6426464303682093,0.9251921829696585,0.7152070685963547
catalan,0.9391650033486766,0.764122130033318,0.6874982919632562,0.7809406049774814,0.8444120156451437,0.8388023834123417,1.0,0.6666798429509257,0.43720065791222557,0.8308677771972843,0.851198458781879,0.9267246471845383,0.9493287690529414,0.9456519218739972,0.7367575707434459,0.6808639365798165,0.9559980525144021,0.9115133382878847,0.9606306932564806,0.3350482571272511,0.9139001314441644,0.6703685606061298,0.841672168367728,0.656425821751005,0.8341558906816842,0.883516646539639,0.936656068225788,0.6574885695600868,0.5806679063846952,0.5758170146248638,0.7107170590303511,0.830195288789877,0.7631465714696284,0.6145557304019126,0.6387147678746119,0.5402430239414616,0.44612595693716156,0.7823786972320403,0.8436326279094457,0.9267052376515943,0.9286257990071694,0.8521239298060964,0.29473102790271444,0.7528982861941711,0.8428544312416267,0.8531639946039741,0.8558425641214538,0.9959648814555726,0.89351534033309,0.6105822562697686,0.6010204600678375,0.7470533210680069,0.833342899951799,0.775499343193221,0.7065390001269538,0.7100615354472813,0.9139479839483211,0.8387174508591432
chinese,0.5899032724406738,0.7486423578411542,0.6242778087572448,0.8219346349178033,0.7613303929826171,0.6714412540076027,0.6666798429509257,1.0,0.5550568116758354,0.7647387375437599,0.7553944697095272,0.7024129545264785,0.7001491274727855,0.7013801733381655,0.7953910717112548,0.6625074910434722,0.5948897099684562,0.5849661900434899,0.6777646590291351,0.44176227104782306,0.5742112003516838,0.5298618669117849,0.7312577241360246,0.4938868151034053,0.7750665286796876,0.770026376664515,0.569463736655155,0.5903723667493771,0.4752875360469744,0.795962855872118,0.7044634400930692,0.8511271290896806,0.8242923106489327,0.4567516483164522,0.5426262645197335,0.5631023081659753,0.517128655635813,0.6133370694513072,0.6954059771252704,0.6546047511917218,0.7663770190563161,0.767169953878246,0.39107288390383244,0.39450611761403026,0.7202393398172616,0.7934115528542237,0.7206100191914842,0.6699141971845888,0.6982781704144249,0.7855892304774135,0.6723573998808168,0.6789749942811938,0.7709726315420434,0.5919233846272065,0.791248123862911,0.7233593339264812,0.7975018348577946,0.7056911632973597
classical_chinese,0.4847559943391396,0.3988060372210554,0.41784924654560673,0.542997971165918,0.5299287515235909,0.4522330698132446,0.43720065791222557,0.5550568116758354,1.0,0.5911232577004911,0.4882689847215436,0.5624873658014383,0.536139579569442,0.4357621654633991,0.5207551447426897,0.5711308697810378,0.37629171072370377,0.3131201142693502,0.5195757174674863,0.34236489594646635,0.4360665946826158,0.35625028072046616,0.4519667877227292,0.39978524413926686,0.5153931963039592,0.5660256370707553,0.3694365776069757,0.23759465839253383,0.3346038526643277,0.45643500784165236,0.5465182990544768,0.55926926651501,0.469512825932339,0.31015725109336645,0.5897967980625467,0.5304728303666488,0.7909469350797683,0.429705265198271,0.5003983619729792,0.3874529809775172,0.502980141649476,0.4610193029663639,0.8153578410975044,0.34543417847338814,0.5610408694916156,0.4814722035788362,0.5250488581558084,0.46749428170525387,0.5992291742405093,0.39795773428284775,0.5946348943323773,0.5308914689235515,0.4410208170104476,0.42349891111260274,0.562190316637721,0.49059410658052455,0.4632167185176885,0.5003939475280896
croatian,0.8465565387391455,0.8397950661604068,0.8532434878805131,0.8837653695610157,0.978962236963928,0.9329203762897826,0.8308677771972843,0.7647387375437599,0.5911232577004911,1.0,0.9766994774833533,0.9482398443604445,0.9026197921719886,0.8979134072166265,0.9217598684736523,0.8556496969297238,0.7585574665844377,0.7162609928565746,0.901197185636753,0.4314826041926638,0.7257456548269817,0.7071208308952516,0.8893536921119201,0.5459309300380407,0.8610809884049327,0.8811630900619482,0.7662125038978195,0.6050661211317094,0.7332862429973389,0.6610380845987558,0.8793486718382165,0.9415895635287544,0.8967683748877869,0.6157772880273925,0.8034653290446472,0.6710288430033264,0.6377171663937616,0.8552910110550647,0.9513295620953746,0.7622334857379319,0.9453670923037383,0.969316491658304,0.5175545819957195,0.6560952433324659,0.9836029476207777,0.9656400938728149,0.9845918801515718,0.8413136605471191,0.9518628955161083,0.7636220068757008,0.7100892721322355,0.8433355989537541,0.9549094574939987,0.8481610978387353,0.9072864702024191,0.6806278034417155,0.9170665281504355,0.7672214022215552
czech,0.8488124764172125,0.8644384434935021,0.8495525940124375,0.8733710083933995,0.9870078659665668,0.9414255841840119,0.851198458781879,0.7553944697095272,0.4882689847215436,0.9766994774833533,1.0,0.9366980062949647,0.9100043118510278,0.908344862701112,0.924164222651769,0.8352225133087083,0.7840810244135799,0.7554645139143293,0.9043175045390862,0.4417486083704208,0.729334703722528,0.7172087653481647,0.8949615853984693,0.5549518778446313,0.8525591447067665,0.8824410883615189,0.7826282973650441,0.5992219943655912,0.7392643741116358,0.6436136072369133,0.8743722377312051,0.9442501315990325,0.9238215211615678,0.6255239395599818,0.7556734341378349,0.6691532175633016,0.5724211672833706,0.8596355277945872,0.9680086029322592,0.7918495758768814,0.9518720275389807,0.9862688517414847,0.42867972280759886,0.663255112185365,0.9606518417664838,0.9920021587581755,0.9785690397884284,0.8541661742592491,0.9313562202657534,0.7977143762985186,0.6737141323586742,0.835277697370262,0.9792546211156138,0.8293954427625028,0.9003033621408935,0.6558474751929323,0.9359178131900185,0.760251752980945
danish,0.9332710111876198,0.8326113338770768,0.7646863410706353,0.8244803339205345,0.9312395610430844,0.9370477605634887,0.9267246471845383,0.7024129545264785,0.5624873658014383,0.9482398443604445,0.9366980062949647,1.0,0.9432018050593595,0.9546640509317524,0.8139895460469303,0.7820971134535487,0.8783009840864084,0.8396778660761377,0.9541089968867428,0.40722585871897665,0.843772485669404,0.7135371969014861,0.9219068403001462,0.5691561395251032,0.8645579379870715,0.9136985057242648,0.8823698718883386,0.6876203389739793,0.6796405498127603,0.5857556606692684,0.8086481844828562,0.889940323935245,0.8080544914215777,0.6363181716369752,0.7598806089658523,0.5948990006095731,0.5928051198003272,0.8746033155851918,0.9226206977217032,0.8588886961434712,0.9620131531256588,0.9233315862297857,0.44558256494728316,0.7659429749101586,0.9610908931760296,0.9195039913932558,0.9565979488577275,0.9373294908922044,0.9839074190765856,0.6731559947765009,0.6674287181578842,0.8147724329322156,0.8916130637774641,0.9020659382774943,0.8005460825584888,0.7229890081881662,0.9355373803071336,0.8504613331396683
dutch,0.9392590947845272,0.760316035163776,0.8030352326206908,0.8580870377086004,0.9087252834677861,0.8586587952498541,0.9493287690529414,0.7001491274727855,0.536139579569442,0.9026197921719886,0.9100043118510278,0.9432018050593595,1.0,0.9470010814752537,0.8442086020196236,0.8103796119108819,0.90832196243367,0.8428716512314134,0.9804530985348472,0.39090964654312127,0.9041470210302476,0.6953833789012326,0.8493944693174242,0.7157332536724468,0.8523319737845102,0.8999538343475287,0.8979917588622325,0.5936533659098265,0.6865235490922401,0.6309575903656879,0.8270324779114092,0.8982890525064305,0.8514509880924751,0.661906003825775,0.746009205778094,0.7060284175745386,0.5783442368477201,0.8151917979436896,0.9072613801324915,0.884342990618531,0.9468799738193265,0.9105941674066043,0.5011974747811666,0.7412644108715642,0.8940478883044357,0.9123111467746472,0.9098758353617613,0.9554908890242007,0.9328156706098708,0.6681503939456731,0.6983598975464942,0.8151873826797579,0.8871084278758471,0.7763990248331751,0.8319668700514375,0.7032827172293046,0.9162026478661499,0.8379624676492365
english,0.9363668491053009,0.7872925214668449,0.7518239099161557,0.7878389474580634,0.8945815243788292,0.9035856895901406,0.9456519218739972,0.7013801733381655,0.4357621654633991,0.8979134072166265,0.908344862701112,0.9546640509317524,0.9470010814752537,1.0,0.7947685358697207,0.7524164232837315,0.9090578530837521,0.8593145013685762,0.9585174361202984,0.35554443644325007,0.8658037307164335,0.6982506173021742,0.9254743774736697,0.5969526820491641,0.9029072705275633,0.8824455536384875,0.9077979440267699,0.7506378700545012,0.6704787303454539,0.6861309248843686,0.7771031501116109,0.8508270517555487,0.7891293993138747,0.6416058092726632,0.7028845571063698,0.5778189709029964,0.48330870089716904,0.8496632242042544,0.8957504000439359,0.878142533666004,0.9477266251564394,0.9056073783903957,0.3521590562102729,0.7564876003879666,0.9025020934640624,0.8967408370105205,0.9156893028083279,0.9503407178360465,0.9398593786617726,0.6338730293856183,0.6340412660924717,0.8023586296563403,0.8807031901570618,0.8792410132422733,0.7785650444427769,0.8110756927710739,0.917648801397421,0.8090251665470584
estonian,0.7295791382305538,0.7684824714661517,0.8709650853614823,0.9061277945621918,0.9270279778310739,0.8108265066362845,0.7367575707434459,0.7953910717112548,0.5207551447426897,0.9217598684736523,0.924164222651769,0.8139895460469303,0.8442086020196236,0.7947685358697207,1.0,0.8889202382590686,0.6532564870297466,0.6078350123628798,0.8195170106785488,0.4522441007431191,0.6557438574818929,0.64315326102788,0.7691068320460995,0.5705184498260616,0.767304539625536,0.8089519272767499,0.653909832501225,0.43398155178244785,0.7075580150591706,0.6977082612769291,0.907740565565565,0.9260601949394363,0.9548368825104585,0.5674583213900077,0.7004477295573736,0.6834879056013204,0.5942041308195468,0.7510161283490698,0.8818385058794372,0.6894328730935932,0.862258567539674,0.9281837314596884,0.49123707795488625,0.4858289360873859,0.8640024223472367,0.9366490383347388,0.8917889491968678,0.7402030213105724,0.8292069889103643,0.7885927729381739,0.6489017391929622,0.8031213558498035,0.9419373179434398,0.66664874245549,0.9187948538000439,0.5890883913845774,0.8572084857120257,0.6489273902111617
finnish,0.7092009995551192,0.6086106975073892,0.9309709415351309,0.8558600291094335,0.8428697608592152,0.6961997392344977,0.6808639365798165,0.6625074910434722,0.5711308697810378,0.8556496969297238,0.8352225133087083,0.7820971134535487,0.8103796119108819,0.7524164232837315,0.8889202382590686,1.0,0.5802717122126831,0.5155077849308436,0.7844566463829976,0.41700614660822216,0.6321233433380855,0.6332245404034033,0.6775822332870012,0.6016334635594588,0.7465169871143027,0.7142939996780057,0.6009946142587355,0.4096822111610647,0.8903101656193463,0.6615064856884417,0.8254464747005703,0.8468805931270518,0.8312249578338452,0.6493451927803522,0.7922073609508617,0.8174140744494819,0.6167923301789718,0.8190758652877221,0.8352643783291543,0.5651121425762311,0.7767290386812649,0.830731703421525,0.5666647464529613,0.5431452672896825,0.8229157722639551,0.8375780686386425,0.8361238211802055,0.6857504060917247,0.8287657885723934,0.6033229545936203,0.7591302324207219,0.9040013905998521,0.8270392828269612,0.6341470489503221,0.9025316557779232,0.5843104444633305,0.7419620482698904,0.6702619303689018
french,0.9251195497250592,0.7629337607786292,0.5787877196489347,0.6666881126821594,0.7685224680951191,0.8080627926352902,0.9559980525144021,0.5948897099684562,0.37629171072370377,0.7585574665844377,0.7840810244135799,0.8783009840864084,0.90832196243367,0.9090578530837521,0.6532564870297466,0.5802717122126831,1.0,0.9498566573999777,0.9239768321361504,0.2547698837070256,0.9394308535219063,0.7019892327032717,0.7965959736610304,0.6141709715602618,0.7494588851870173,0.8457104068681329,0.9752336056202423,0.6114229916651094,0.48181629032800394,0.48505994491163834,0.6294885340570704,0.7458936906404915,0.6854332958191448,0.5793729057296324,0.560742349282231,0.47393784314982973,0.40385548038683533,0.7375636600125614,0.7679425360114592,0.9714066672381803,0.8824006462528555,0.7771914656720132,0.27217374192327065,0.6961191895677667,0.7644506252337784,0.7864810855420087,0.785621614018574,0.9549058204809395,0.8469860454725563,0.5834157907920029,0.5028942164133104,0.6725685094125246,0.7523400362187186,0.7261058891392935,0.6301230790082666,0.6686252002538741,0.8680549006580889,0.7804666855597807
galician,0.8976052450850461,0.8200791414023446,0.50300480103213,0.6444990506519851,0.7344538423292466,0.7920706552263703,0.9115133382878847,0.5849661900434899,0.3131201142693502,0.7162609928565746,0.7554645139143293,0.8396778660761377,0.8428716512314134,0.8593145013685762,0.6078350123628798,0.5155077849308436,0.9498566573999777,1.0,0.8625416072377887,0.3739250309897111,0.9018507213290758,0.7066381552864563,0.7966728287960265,0.5350479257339374,0.6912429275757073,0.8283532743511146,0.9594351068812441,0.611732920777735,0.4565027200062809,0.4406035730966769,0.5503813781274662,0.733949201325303,0.6414336574814894,0.5728550403249958,0.5359370292833529,0.4081992468514474,0.3840914389204179,0.7097627342210661,0.7156179092353463,0.9600292050324335,0.8360729194002585,0.7480193446892932,0.19545233992394065,0.6770587246019063,0.7405193451503972,0.7554309198963292,0.7615997971818027,0.903380504888537,0.7861347747598261,0.6566671316728176,0.4746225249049232,0.6587539554377839,0.7197537446543142,0.7332295868555002,0.6035219845137676,0.6244738262404584,0.8554293087320044,0.7740859949444332
german,0.9647748414201697,0.762226670633094,0.7703614938588296,0.8322403035058763,0.9023538036960385,0.8670000491820004,0.9606306932564806,0.6777646590291351,0.5195757174674863,0.901197185636753,0.9043175045390862,0.9541089968867428,0.9804530985348472,0.9585174361202984,0.8195170106785488,0.7844566463829976,0.9239768321361504,0.8625416072377887,1.0,0.39738692766536615,0.9218037723009191,0.6956311055784306,0.853558809031989,0.6677648509711878,0.846063572214809,0.8891579297260656,0.9217618830617433,0.5995238036219699,0.6807832193689759,0.6058071551093627,0.7858720703110987,0.8844257885735112,0.8208822536854645,0.6543762298882557,0.7454782057022978,0.624132830434166,0.5421991931114776,0.8096910977571288,0.8938166888014772,0.8912405790485955,0.949541670415543,0.9030772480355695,0.44459836217703125,0.7372306813736699,0.9000282109879898,0.8983517493236749,0.9146441454059049,0.9630204634627079,0.9450807175880049,0.6451436370554864,0.6846386592508232,0.8026949864670923,0.8782371720613008,0.7958129468876897,0.8010793617485891,0.7071235476129295,0.9170890988508287,0.8204612719498607
gothic,0.34385129561793826,0.5409249832797606,0.2478139921274555,0.535070536858318,0.4264920309822843,0.3936956684923258,0.3350482571272511,0.44176227104782306,0.34236489594646635,0.4314826041926638,0.4417486083704208,0.40722585871897665,0.39090964654312127,0.35554443644325007,0.4522441007431191,0.41700614660822216,0.2547698837070256,0.3739250309897111,0.39738692766536615,1.0,0.33787826603134397,0.273713442503831,0.4850164618967037,0.123823591719114,0.3408298836790101,0.5062995249049583,0.34271789679519016,0.334973216012272,0.4034825939370539,0.2997660560306245,0.3617678073027961,0.5719166497381517,0.48243255864394846,0.38182017424611864,0.3727509076770786,0.2640255230918231,0.44612556081124527,0.31784483088783216,0.37202760134845003,0.3078012616740929,0.43153420459289005,0.47672784694011744,0.39631703604751783,0.48684760901259705,0.46211262783404095,0.4354967769869732,0.46020838713935536,0.32712232976824823,0.4055710823864777,0.5745468385764996,0.4407066173113025,0.4680592226436222,0.4091087680825306,0.4727140122880739,0.4629655395453986,0.26936653541504174,0.5080333534407755,0.45453232046965186
greek,0.9375320534965169,0.6684412879621188,0.6052093170608297,0.7109845940236087,0.7260359502188747,0.6982264295308755,0.9139001314441644,0.5742112003516838,0.4360665946826158,0.7257456548269817,0.729334703722528,0.843772485669404,0.9041470210302476,0.8658037307164335,0.6557438574818929,0.6321233433380855,0.9394308535219063,0.9018507213290758,0.9218037723009191,0.33787826603134397,1.0,0.6408538085894953,0.706775808015393,0.6687819485123603,0.6986936479653858,0.7918524213643009,0.9489449331519112,0.48852791777675186,0.5283537035226068,0.4896896726678447,0.6175010310049114,0.7397222429237119,0.6583053802158875,0.6045950806504065,0.6594168341432494,0.4968432805280038,0.4480550334246069,0.6639323164638481,0.7100159814302859,0.9128238501976355,0.8173989280782324,0.7237222524050304,0.34890602632091344,0.6432950998507551,0.7342484698508557,0.7331172485192889,0.7436797889500838,0.9143066029235221,0.82235265772604,0.5410894558962772,0.5790379082267134,0.6884850938763069,0.6944821575311971,0.6587964840155829,0.6488963644020947,0.6504169938632378,0.800702364440291,0.7856577437939531
hebrew,0.6505577516609531,0.7717693680718828,0.6343199924196562,0.6258679661814516,0.7118303387953167,0.6880434213739498,0.6703685606061298,0.5298618669117849,0.35625028072046616,0.7071208308952516,0.7172087653481647,0.7135371969014861,0.6953833789012326,0.6982506173021742,0.64315326102788,0.6332245404034033,0.7019892327032717,0.7066381552864563,0.6956311055784306,0.273713442503831,0.6408538085894953,1.0,0.6660384228574201,0.4372794585727348,0.6550811323207185,0.6555708331364745,0.7636307620584396,0.49977451963544134,0.5864975866384773,0.4700954935470328,0.6274196929851736,0.6758637170198298,0.6465040173671354,0.48576035673757906,0.5537869278673905,0.5200287501144762,0.38075528364961336,0.6802936440005206,0.712271837139478,0.7304753892746048,0.7166608340557201,0.7166346884044263,0.31134615816192973,0.5558263126588623,0.7023779063330997,0.7106463688462076,0.7160082155007451,0.6723179442042426,0.7142435748321873,0.5512501081041905,0.5230984774528684,0.6953459820481329,0.7025365511130394,0.6293713575619818,0.6358073491117465,0.5077102942158357,0.701102050769694,0.6482336213160835
hindi,0.8200103898504992,0.8680648171101021,0.6513292468016326,0.7680667666446495,0.8693117509082285,0.9401258032787498,0.841672168367728,0.7312577241360246,0.4519667877227292,0.8893536921119201,0.8949615853984693,0.9219068403001462,0.8493944693174242,0.9254743774736697,0.7691068320460995,0.6775822332870012,0.7965959736610304,0.7966728287960265,0.853558809031989,0.4850164618967037,0.706775808015393,0.6660384228574201,1.0,0.43732186321771477,0.8669903532975435,0.894231238896326,0.8055532198117399,0.8368816966268837,0.5753199891256666,0.6523501793469213,0.7582669353730114,0.8483501497159481,0.7823455534936073,0.5666563737100254,0.5977457619119662,0.4911215670407719,0.5486807099111769,0.8261513798589732,0.8642906224654844,0.8099782872940163,0.9195972720386766,0.8895020799556457,0.39354368396394934,0.7633644129910876,0.9021616809195688,0.8743979881890642,0.8978699123190751,0.8524049422834532,0.8904490965402411,0.6969229960324439,0.5573746976016567,0.7475322869858223,0.8504684439574851,0.9560301777973521,0.7267675513488329,0.7745186586465411,0.9243260589367952,0.7935424622654726
hungarian,0.6202428786218691,0.37218811174930566,0.6330157107832918,0.6437456384307694,0.5756629353074478,0.4238755810716892,0.656425821751005,0.4938868151034053,0.39978524413926686,0.5459309300380407,0.5549518778446313,0.5691561395251032,0.7157332536724468,0.5969526820491641,0.5705184498260616,0.6016334635594588,0.6141709715602618,0.5350479257339374,0.6677648509711878,0.123823591719114,0.6687819485123603,0.4372794585727348,0.43732186321771477,1.0,0.5670900023264857,0.5453707075241441,0.579937407261454,0.27366368373001676,0.47565147546044,0.502074745341587,0.5510151298450844,0.60887831747257,0.6028407851995748,0.45337623225886897,0.5409227704594818,0.6662781729444,0.4091138853982097,0.455961288099552,0.5820378388513531,0.5856281127698336,0.5736285326292722,0.5540962809605334,0.4090595105596384,0.4023727948287445,0.5189389812958048,0.5839394284989508,0.5333684547053161,0.6498933195978711,0.5551741863960291,0.38245339129430306,0.5993694101214688,0.5457599584053884,0.5633406889254211,0.34371157875890657,0.5960076530824541,0.48360576953198137,0.5507505828305375,0.6197025439728131
indonesian,0.7865604322786335,0.7240278981474332,0.7391253263834963,0.8030337571150288,0.8394977153970234,0.8150867316141592,0.8341558906816842,0.7750665286796876,0.5153931963039592,0.8610809884049327,0.8525591447067665,0.8645579379870715,0.8523319737845102,0.9029072705275633,0.767304539625536,0.7465169871143027,0.7494588851870173,0.6912429275757073,0.846063572214809,0.3408298836790101,0.6986936479653858,0.6550811323207185,0.8669903532975435,0.5670900023264857,1.0,0.8270008139954707,0.7434571163236964,0.7796739401310598,0.6308902107644511,0.7888394095715772,0.7458478547404128,0.8342289147985602,0.7827788527622327,0.5665408157626224,0.6647209601325799,0.6465807675211944,0.5039636412043406,0.7744579292044133,0.8533979920586439,0.7263961139546442,0.8741133565140746,0.8537095727113171,0.4175305015151686,0.7522226801965977,0.865821664545093,0.8502433718001625,0.8477612419054722,0.8506815088226101,0.8582323619444501,0.6034008488131062,0.7417860961256048,0.8086388262408072,0.8246561301634279,0.8090680550345198,0.792196063785134,0.8459801283362864,0.8420474273140779,0.7892289993765208
irish,0.8452730355326414,0.8602884472437563,0.647396788753439,0.8147269155421352,0.8699429993515951,0.8910641961632642,0.883516646539639,0.770026376664515,0.5660256370707553,0.8811630900619482,0.8824410883615189,0.9136985057242648,0.8999538343475287,0.8824455536384875,0.8089519272767499,0.7142939996780057,0.8457104068681329,0.8283532743511146,0.8891579297260656,0.5062995249049583,0.7918524213643009,0.6555708331364745,0.894231238896326,0.5453707075241441,0.8270008139954707,1.0,0.8295156393574942,0.6607822449548596,0.5550013128564932,0.588855772305725,0.7405201090878766,0.8931356780643116,0.828688901389099,0.5897617125887537,0.5989090090779869,0.574878051563858,0.6383185249114388,0.8062617180710635,0.8452068527332207,0.8636076443504784,0.9438958251144418,0.8847141416653401,0.47064127984916676,0.7671002050949421,0.8745160356892532,0.8873257467290272,0.8757316877918686,0.8917315364056806,0.9059591057821063,0.7634128701204305,0.6240251977965146,0.7723155522629798,0.8429860759844373,0.8094319354609882,0.7839929829773226,0.7012240186960309,0.9450960499754227,0.7986877914651221
italian,0.9261601158736067,0.7930272308041983,0.589733770647056,0.6818665169937412,0.7679641684204891,0.8032201937366998,0.936656068225788,0.569463736655155,0.3694365776069757,0.7662125038978195,0.7826282973650441,0.8823698718883386,0.8979917588622325,0.9077979440267699,0.653909832501225,0.6009946142587355,0.9752336056202423,0.9594351068812441,0.9217618830617433,0.34271789679519016,0.9489449331519112,0.7636307620584396,0.8055532198117399,0.579937407261454,0.7434571163236964,0.8295156393574942,1.0,0.6233158622497686,0.531633536583083,0.47918867268427867,0.6342858681200599,0.7495539287435573,0.6696741436857278,0.5980652354031251,0.6053314283688862,0.4531342212361885,0.39457714812451267,0.7360199110546071,0.7644705423401723,0.9609068376686362,0.8718301628650783,0.7837821858934609,0.2770111951793514,0.7275214730515845,0.7843424843201982,0.7766673453826864,0.7978810725634838,0.9354037977624408,0.8527644164057813,0.5782140967768039,0.5291586317099609,0.7038832204762665,0.7468451294505478,0.7628703603620494,0.6339886283444648,0.6591891988758714,0.85987477323559,0.7964015942362878
japanese,0.5684505342154178,0.6344100126439072,0.40184509696936094,0.5414837156041292,0.5654164859690308,0.6795617350266104,0.6574885695600868,0.5903723667493771,0.23759465839253383,0.6050661211317094,0.5992219943655912,0.6876203389739793,0.5936533659098265,0.7506378700545012,0.43398155178244785,0.4096822111610647,0.6114229916651094,0.611732920777735,0.5995238036219699,0.334973216012272,0.48852791777675186,0.49977451963544134,0.8368816966268837,0.27366368373001676,0.7796739401310598,0.6607822449548596,0.6233158622497686,1.0,0.36515459086660473,0.6409319598381423,0.455219801759728,0.5730611989669505,0.4877505337672698,0.3972058421441995,0.34667749636493017,0.3117868298247656,0.26382362334169046,0.6040117246400483,0.5981449929543732,0.5877398673205386,0.6918735084662028,0.615069472962708,0.1719235812732747,0.7143135655470751,0.6537068268911123,0.5852268326375303,0.6234052617933523,0.6638283253267988,0.6434635259800744,0.41882095387939317,0.45974162161732157,0.5172387120908797,0.5571068843451555,0.8450283437461914,0.44568358837559274,0.7627482986978807,0.6984720123024286,0.7113255175799
kazakh,0.627357990478645,0.5270806732342446,0.874052541400444,0.7152141677167662,0.7538619240035025,0.604486652678044,0.5806679063846952,0.4752875360469744,0.3346038526643277,0.7332862429973389,0.7392643741116358,0.6796405498127603,0.6865235490922401,0.6704787303454539,0.7075580150591706,0.8903101656193463,0.48181629032800394,0.4565027200062809,0.6807832193689759,0.4034825939370539,0.5283537035226068,0.5864975866384773,0.5753199891256666,0.47565147546044,0.6308902107644511,0.5550013128564932,0.531633536583083,0.36515459086660473,1.0,0.5321336675245213,0.666916343753636,0.7173560563356328,0.6891669366456012,0.6676517077299005,0.780535325931627,0.7286821996331911,0.3798141409953802,0.8130043605683513,0.7499042121299635,0.44133558978305465,0.6544143368960236,0.7482061241297515,0.3711342002146658,0.5148662643172779,0.7364117819864314,0.7236810010930352,0.7526340874939326,0.5745415784773666,0.7256282996616432,0.49782218386674487,0.6953084345425428,0.8839936002105551,0.7403272748411177,0.5813644749119213,0.7987616296240897,0.44588638067037195,0.6157748659251266,0.5734609057301937
korean,0.5272562759311605,0.5127175411254439,0.6509364452749031,0.7306074683959893,0.6572995682367112,0.5370921698433127,0.5758170146248638,0.795962855872118,0.45643500784165236,0.6610380845987558,0.6436136072369133,0.5857556606692684,0.6309575903656879,0.6861309248843686,0.6977082612769291,0.6615064856884417,0.48505994491163834,0.4406035730966769,0.6058071551093627,0.2997660560306245,0.4896896726678447,0.4700954935470328,0.6523501793469213,0.502074745341587,0.7888394095715772,0.588855772305725,0.47918867268427867,0.6409319598381423,0.5321336675245213,1.0,0.635563884559641,0.6873689139965592,0.6918236519560141,0.41181287812740935,0.5654629268170641,0.585468902287271,0.4381273126112778,0.5257675104562273,0.6387213436043121,0.4905307644078818,0.633791262394709,0.6514984538496269,0.41608730814833506,0.3712923821742246,0.6215238274575329,0.6612707950605989,0.6257636106049788,0.5804214741383932,0.5934776823984013,0.5396910062267678,0.6460778685214,0.6405362424948805,0.674690972351794,0.562448829084517,0.7066830157273714,0.7952175069884686,0.618294472786842,0.5982854188998397
latin,0.6895594709049341,0.7077952147647153,0.8357739227357249,0.8154467310966139,0.8720081161722099,0.7818111734882303,0.7107170590303511,0.7044634400930692,0.5465182990544768,0.8793486718382165,0.8743722377312051,0.8086481844828562,0.8270324779114092,0.7771031501116109,0.907740565565565,0.8254464747005703,0.6294885340570704,0.5503813781274662,0.7858720703110987,0.3617678073027961,0.6175010310049114,0.6274196929851736,0.7582669353730114,0.5510151298450844,0.7458478547404128,0.7405201090878766,0.6342858681200599,0.455219801759728,0.666916343753636,0.635563884559641,1.0,0.8370073435337346,0.8807080822417047,0.527274399249805,0.6774899206375915,0.6172619807080617,0.5658868403697972,0.7468919624796326,0.8626270513304087,0.6469494992985554,0.8156600902194785,0.8750879983481857,0.5223544293997113,0.5168572577263039,0.8342877354070752,0.8732553710526711,0.8428484464545781,0.733265888813181,0.8187372699613632,0.6124584263776732,0.5941804863340473,0.7538068292479033,0.8750015631708465,0.6835211060506974,0.8160519333479893,0.559055870858045,0.7883522181133293,0.62683645473705
latvian,0.8044578198829029,0.8503125224931295,0.8227712430600529,0.9481408092738044,0.94638785972708,0.8565421647805571,0.830195288789877,0.8511271290896806,0.55926926651501,0.9415895635287544,0.9442501315990325,0.889940323935245,0.8982890525064305,0.8508270517555487,0.9260601949394363,0.8468805931270518,0.7458936906404915,0.733949201325303,0.8844257885735112,0.5719166497381517,0.7397222429237119,0.6758637170198298,0.8483501497159481,0.60887831747257,0.8342289147985602,0.8931356780643116,0.7495539287435573,0.5730611989669505,0.7173560563356328,0.6873689139965592,0.8370073435337346,1.0,0.9499711484917177,0.6328021365457243,0.7528656032184192,0.7169756600703268,0.6161737844945384,0.7852194990522006,0.9079251290058628,0.7703474123639442,0.9295764688277816,0.9524878058788798,0.502413955978199,0.6351595565601215,0.9218145281849268,0.9572929172728831,0.9305159449705992,0.8269020978342061,0.8843649900823761,0.8435358129992654,0.7770427119474033,0.8393477482767201,0.9350277987132559,0.7541640658752333,0.9249837285838477,0.6548153234662086,0.9344071493384466,0.8162619657127406
lithuanian,0.7077675747259011,0.8113100915879934,0.8428776716601332,0.9320278129583015,0.9211956641193462,0.8017803915007298,0.7631465714696284,0.8242923106489327,0.469512825932339,0.8967683748877869,0.9238215211615678,0.8080544914215777,0.8514509880924751,0.7891293993138747,0.9548368825104585,0.8312249578338452,0.6854332958191448,0.6414336574814894,0.8208822536854645,0.48243255864394846,0.6583053802158875,0.6465040173671354,0.7823455534936073,0.6028407851995748,0.7827788527622327,0.828688901389099,0.6696741436857278,0.4877505337672698,0.6891669366456012,0.6918236519560141,0.8807080822417047,0.9499711484917177,1.0,0.5693531311378847,0.6453142852528577,0.6919210483448995,0.5479496872636788,0.7372328012477094,0.8854077194174061,0.7189074648923653,0.8748418792919331,0.930749356962646,0.46597591256370935,0.5279151753592517,0.8516058238808866,0.942570843699317,0.8696686460386643,0.7610984861834766,0.8060603521207603,0.8111159847795171,0.6802264635368416,0.7930731855618848,0.9363774337000086,0.6593858758624642,0.8955070173851849,0.5743958250755372,0.8889450979906883,0.7140115789884791
maltese,0.6421879664628766,0.5229324247541742,0.6091656846229091,0.5873578341856487,0.6181800896913027,0.5703290637088827,0.6145557304019126,0.4567516483164522,0.31015725109336645,0.6157772880273925,0.6255239395599818,0.6363181716369752,0.661906003825775,0.6416058092726632,0.5674583213900077,0.6493451927803522,0.5793729057296324,0.5728550403249958,0.6543762298882557,0.38182017424611864,0.6045950806504065,0.48576035673757906,0.5666563737100254,0.45337623225886897,0.5665408157626224,0.5897617125887537,0.5980652354031251,0.3972058421441995,0.6676517077299005,0.41181287812740935,0.527274399249805,0.6328021365457243,0.5693531311378847,1.0,0.5934483473845013,0.567628315095764,0.3570397926794662,0.6696833885836077,0.6123366860540216,0.5559329191127395,0.626371082741667,0.6299103272522618,0.3165371437170288,0.5301630696380283,0.6250144587556762,0.6264312413585719,0.6414063849076466,0.6120885858699046,0.646195437227641,0.5001665348908135,0.5550193942938708,0.7013428530020026,0.6019032774298934,0.5423089927495889,0.6469450333639069,0.44639095627665826,0.6148753220913734,0.5722699775495202
marathi,0.7525380907624613,0.5491479137020473,0.7865072911949401,0.7393871481452898,0.7849855729515804,0.6417521115081573,0.6387147678746119,0.5426262645197335,0.5897967980625467,0.8034653290446472,0.7556734341378349,0.7598806089658523,0.746009205778094,0.7028845571063698,0.7004477295573736,0.7922073609508617,0.560742349282231,0.5359370292833529,0.7454782057022978,0.3727509076770786,0.6594168341432494,0.5537869278673905,0.5977457619119662,0.5409227704594818,0.6647209601325799,0.5989090090779869,0.6053314283688862,0.34667749636493017,0.780535325931627,0.5654629268170641,0.6774899206375915,0.7528656032184192,0.6453142852528577,0.5934483473845013,1.0,0.6918373196763243,0.5700526703589452,0.6617863927127751,0.7659808595715683,0.5168648935613257,0.6882385730026666,0.7360923950126527,0.5360059149839345,0.4985875616954945,0.8162191130634877,0.7378044054456997,0.8073403091345234,0.6468687594830196,0.7760447298351825,0.5521599534007299,0.7807693140815882,0.7587063529064636,0.7245121359564154,0.6306798404555449,0.8174919912524975,0.5396234451869332,0.6151813694307985,0.6481746919657221
north_sami,0.5536877966066196,0.4280446130842006,0.795895313198154,0.7153119345901287,0.6838941211862133,0.5218718887147894,0.5402430239414616,0.5631023081659753,0.5304728303666488,0.6710288430033264,0.6691532175633016,0.5948990006095731,0.7060284175745386,0.5778189709029964,0.6834879056013204,0.8174140744494819,0.47393784314982973,0.4081992468514474,0.624132830434166,0.2640255230918231,0.4968432805280038,0.5200287501144762,0.4911215670407719,0.6662781729444,0.6465807675211944,0.574878051563858,0.4531342212361885,0.3117868298247656,0.7286821996331911,0.585468902287271,0.6172619807080617,0.7169756600703268,0.6919210483448995,0.567628315095764,0.6918373196763243,1.0,0.5767684507061976,0.6303693042785213,0.6976864151752552,0.4558110950132854,0.6147675544698881,0.660219885951567,0.6419564217204766,0.4589153248705795,0.632621359110774,0.6998780404199375,0.6636667132677454,0.5406603338073278,0.6258990944761109,0.5728757057711624,0.7815069488667128,0.7366781743645521,0.6643440594411971,0.4121448093481653,0.8372016457769246,0.45323205150003654,0.5804438562519618,0.6291392792143071
