,afrikaans,arabic,armenian,basque,belarusian,bulgarian,catalan,chinese,classical_chinese,croatian,czech,danish,dutch,english,estonian,finnish,french,galician,german,gothic,greek,hebrew,hindi,hungarian,indonesian,irish,italian,japanese,kazakh,korean,latin,latvian,lithuanian,maltese,marathi,north_sami,old_church_slavonic,persian,polish,portuguese,romanian,russian,sanskrit,scottish_gaelic,serbian,slovak,slovenian,spanish,swedish,tamil,telugu,turkish,ukrainian,urdu,uyghur,vietnamese,welsh,wolof
afrikaans,1.0,0.6562464702205284,0.8218695981338283,0.7643461180213588,0.8334390199107772,0.8605846355250075,0.9265376598841082,0.6239731708070048,0.4890793479626027,0.8875557315280966,0.8793105544053306,0.8985283201080476,0.9386595759105765,0.9316820721897612,0.8047092890968495,0.7690947041310281,0.8795965641382729,0.8374812217569785,0.931808682008962,0.2489263135036892,0.9184788862368233,0.6048100020704941,0.748021012141137,0.7085201329739439,0.8112321755530627,0,0.8802358689590043,0.5869875473284691,0.6817624728967285,0.6944504760122088,0.8324403489600305,0.851136832022814,0.763800712967315,0.8780440813692012,0.782579611048965,0,0,0.7323930333297901,0.8522892463662041,0.8489358518892762,0.9067341467530202,0.8370424257627062,0.41402595940416254,0.7680274364114477,0.8832935525571294,0.8831816495437917,0.8736247529166555,0.9370447900517952,0.8835389172553295,0.7153614244993253,0.694490597179509,0.7917108153912285,0.8589159415778886,0.7913484426256214,0,0.7269364077186777,0.8680488468455125,0.8038091590170332
arabic,0.6562464702205284,1.0,0.6163220091502686,0.699950544055392,0.7497410525315216,0.827827267955183,0.6992534083009938,0.6887429340207174,0.45377523530971275,0.7791403823241756,0.8032467970751452,0.7383679673361099,0.7154014222249971,0.7186096815095903,0.7532522864271991,0.615148849977552,0.7075135584100145,0.7711719194971941,0.6833992871652007,0.550820803476745,0.6902777947556076,0.7609364285106428,0.7991585444604296,0.40040491442314435,0.6536781910398464,0,0.7816327490678957,0.6354327394156664,0.4767438740216032,0.5670097277227372,0.7685378314494979,0.7854523550270925,0.7616460015125768,0.6251212878276975,0.5701394488408619,0,0,0.7353839215661412,0.7507843211777653,0.8117579201272724,0.7747590006936612,0.7768876215351969,0.3785677601626859,0.5267368463988557,0.7557880985511053,0.7989556695183093,0.7780399925136207,0.6938402008938338,0.7530291926505753,0.8443886567247458,0.5469910110263467,0.7044072433924718,0.772554405217718,0.730391069683253,0,0.6161957691787151,0.770988965091417,0.7287784400254955
armenian,0.8218695981338283,0.6163220091502686,1.0,0.8166768311764426,0.8841483861049608,0.8060755122955875,0.7434809023167376,0.6721096946070958,0.43390203198021465,0.8943581993891455,0.88996354077888,0.8725245583132479,0.7891357802363768,0.8388073141273156,0.873183029634993,0.9401885064867066,0.6402747172207561,0.5628762442871467,0.7779298066289086,0.17147432103548008,0.6977336986727011,0.6755038222862009,0.6867599021383125,0.6427304011281317,0.8034043017677165,0,0.6815771039799777,0.5632934420515785,0.9029968263834599,0.7835394267309678,0.8621081003158356,0.8757231724073241,0.8135974988376142,0.8487158024681168,0.8411343012158742,0,0,0.784099767657895,0.8960393631086997,0.6514109459961306,0.8008290772054707,0.8731671509165353,0.4093910192702033,0.8128848049428059,0.924639907842739,0.87998582111577,0.9097087298273024,0.7545682918126702,0.8816506229432507,0.7466448541284437,0.7749998444845552,0.9008175768252376,0.8927689482213699,0.7534979160688807,0,0.7120812949983042,0.8997492345551237,0.8120165605637206
basque,0.7643461180213588,0.699950544055392,0.8166768311764426,1.0,0.827046759577333,0.7954202017024844,0.745349057959021,0.8052117359954971,0.557220138067362,0.8503656213909736,0.8321908671480843,0.8095593183305645,0.73210108255455,0.736587729923252,0.9178938919489206,0.8177692537630277,0.6070616737234616,0.5844935117565602,0.7462365484579817,0.47847828838369266,0.7062904402714285,0.5356263341939799,0.7172500295898782,0.5911243807042482,0.7631316538730102,0,0.6555431759846959,0.5955345117327129,0.6826905257638826,0.8322804442968333,0.807407947180365,0.8759629648247772,0.8485102409776502,0.6860105992799634,0.7584648908546099,0,0,0.607361231216365,0.8331509290412764,0.6948239433678705,0.7869426885500965,0.8144984535604972,0.5150833348074808,0.6906165726692579,0.8599542923636028,0.8354987988891268,0.87685082759072,0.7124164479535112,0.7931729149029949,0.8811234191616563,0.762064032521549,0.77899420031951,0.8504856514466242,0.7747886195682023,0,0.721893719315675,0.8399785709187253,0.8771394301531903
belarusian,0.8334390199107772,0.7497410525315216,0.8841483861049608,0.827046759577333,1.0,0.9039988901411568,0.7984494781985007,0.7802593846848525,0.45284773036866305,0.8993704674142378,0.9611976331453703,0.888808143227968,0.8532539870559813,0.8863068241146336,0.9236088962358919,0.8484920891572254,0.7439374339033391,0.678480206521515,0.8417035123072247,0.3416459679869835,0.7709386990958776,0.6656313286336759,0.7670580316115675,0.6805900036752761,0.8237737272991921,0,0.7736697153217258,0.610695906603447,0.8491763520775445,0.8188035817312164,0.9551430238343839,0.967431810994511,0.9394419215180448,0.824157030959225,0.7730112033737151,0,0,0.7272449127083292,0.9562216329886768,0.805632172818916,0.8869071580877601,0.9729529763109315,0.4168996800342247,0.8333817898917395,0.924655626578297,0.9705585430974822,0.9502512189203455,0.8230760769676888,0.8785570505869865,0.8503937019903182,0.7580323970581727,0.8539653236169845,0.9863013680090917,0.7309808689944981,0,0.7450001794067377,0.9400152557152324,0.8781924825605287
bulgarian,0.8605846355250075,0.827827267955183,0.8060755122955875,0.7954202017024844,0.9039988901411568,1.0,0.8749181366527564,0.7248089751871494,0.5008526599783006,0.9360456866906508,0.9414048521032643,0.9263969058724575,0.9010072996388198,0.9187097850266596,0.8538105531670277,0.7663317233112872,0.8310253346418672,0.8016790706677088,0.8787540084322438,0.3928295730415104,0.799322451439786,0.6617085677973569,0.8983098824520115,0.5671308968827704,0.8509950919624508,0,0.8482422304028102,0.7509628792431529,0.6578044896628445,0.7116096806322758,0.9079500805596014,0.913840327010894,0.8365989923927534,0.8049780915945929,0.7295112164243952,0,0,0.8489711048021402,0.9196200198408256,0.8767422649745271,0.9401945674521507,0.9220123637815125,0.44722593969753827,0.7289720646664982,0.9244850072877028,0.9356801775797403,0.9385630485947349,0.8725603639639828,0.9291258391381789,0.8050983709304104,0.6919918340083299,0.7873735552225669,0.9259266683938724,0.862400741630409,0,0.7628144851849635,0.9217290307886082,0.8327824374216158
catalan,0.9265376598841082,0.6992534083009938,0.7434809023167376,0.745349057959021,0.7984494781985007,0.8749181366527564,1.0,0.6621497834080117,0.4416790239110295,0.8518325249558809,0.8509852333478013,0.9070673609306669,0.9605248632940356,0.9516239827732246,0.7473121623029347,0.7036265319675502,0.953267582353056,0.9104436897296113,0.954641790412399,0.31632726264548794,0.9501210362726988,0.610740740610279,0.79081433111683,0.6833906464878143,0.8203645123651986,0,0.9426349624381413,0.7075944141930655,0.5777828649721428,0.6745819650085981,0.7604181978237907,0.8239456465217545,0.7214586443681337,0.866749291664967,0.6954030849733742,0,0,0.7382642755706417,0.8339005888497436,0.9249812110897719,0.9450813785964364,0.8287008980866036,0.3311297739880859,0.6979543147780534,0.8492655017619242,0.8512691408500098,0.8590756218639143,0.9868228954171153,0.8917992495535139,0.6905050460874776,0.6656387866606931,0.741576788321884,0.8361539903342674,0.8177774368720744,0,0.7320519767079801,0.8785324056037934,0.8283341171048143
chinese,0.6239731708070048,0.6887429340207174,0.6721096946070958,0.8052117359954971,0.7802593846848525,0.7248089751871494,0.6621497834080117,1.0,0.4210670651814971,0.7008578263593683,0.7665019991057557,0.7282873996466115,0.6594481165278056,0.724087698412458,0.7922545326812969,0.6922142862883981,0.5851946267232238,0.5494122792596591,0.6580783017566703,0.45533057660496445,0.6217128279298484,0.5026664384047259,0.738627248745755,0.5351072372429245,0.7728045298500675,0,0.5967524714970056,0.6666773566823424,0.5799353612931107,0.8444190412412816,0.7317085692184504,0.8028487206638736,0.7986514064791624,0.6617513882845362,0.6576622284286687,0,0,0.5427420883181184,0.7601886358646146,0.6755687393755827,0.7095983654549411,0.7751679189537761,0.3447101967821846,0.5952908946597018,0.7142119909569267,0.7735496122427669,0.7777242859981851,0.6692589588157591,0.7266061369093462,0.812086095843901,0.7531983754343025,0.7240881402845634,0.8107470238013879,0.693335433109532,0,0.8164630893635729,0.7851218731838001,0.8263221288797449
classical_chinese,0.4890793479626027,0.45377523530971275,0.43390203198021465,0.557220138067362,0.45284773036866305,0.5008526599783006,0.4416790239110295,0.4210670651814971,1.0,0.5533126003157074,0.5098016473915008,0.4831811896546952,0.4302354581289988,0.41922980596178777,0.5629348799430071,0.47435483601572603,0.3935620548076878,0.31085015738754235,0.4478812972117481,0.3461874440699296,0.40941585259722063,0.3062058021429581,0.4517032964345319,0.34628056907994154,0.5173569289308098,0,0.3873805496391725,0.23035812373698156,0.311725622311197,0.5445681933547762,0.49114883825898703,0.5171183962273218,0.4989563502816788,0.40681180905795666,0.545392060093556,0,0,0.4530770155138017,0.5199735366826992,0.39635668146447955,0.4492262158659958,0.419528736198397,0.8066923344092708,0.4813699372110823,0.46666229406958937,0.49665916113479947,0.46332769574735444,0.43938892408018404,0.5346268666691868,0.49757652046593975,0.47562040994639737,0.4928445984538455,0.47151968629363183,0.5017898519412657,0,0.5097730781916944,0.46168980882384086,0.44926818332338914
croatian,0.8875557315280966,0.7791403823241756,0.8943581993891455,0.8503656213909736,0.8993704674142378,0.9360456866906508,0.8518325249558809,0.7008578263593683,0.5533126003157074,1.0,0.9424770245190817,0.9118557994133385,0.868975611265905,0.8990087598819825,0.9068177911468417,0.8552850383991754,0.7686795248749704,0.7282727949556596,0.8661756889358688,0.3706704036975995,0.7938237712864696,0.6613866362663422,0.8357747924855721,0.5924070719893765,0.8369688933058574,0,0.8031809794031622,0.6736462489913034,0.7269061763632159,0.7670267289058847,0.9275230202074596,0.919863046282995,0.8323788597536106,0.8207936133586478,0.8095662628521477,0,0,0.8059318013617793,0.922512572757694,0.7871082024865516,0.9025997442854189,0.9121931706951719,0.5006792584213741,0.7659452732086628,0.9765936935138064,0.9385556353710817,0.9652587040928441,0.8506092512618801,0.9215249598762674,0.8298292170226127,0.7179426484383008,0.8360514227714932,0.9276408322074761,0.8701679488561432,0,0.7799189222713306,0.9196725474391315,0.8300071011899354
czech,0.8793105544053306,0.8032467970751452,0.88996354077888,0.8321908671480843,0.9611976331453703,0.9414048521032643,0.8509852333478013,0.7665019991057557,0.5098016473915008,0.9424770245190817,1.0,0.9375398568364924,0.8911136876455895,0.920821768454471,0.9219888339323246,0.8579797825109148,0.8051192961553383,0.736562696406227,0.8797125477310102,0.34115504545190695,0.809907533372056,0.6875709495290588,0.8248957137557451,0.6573918353521193,0.8627166381519992,0,0.8203611621029426,0.6579955461663545,0.7836280340546791,0.7906966689161724,0.9464414618711907,0.9572352527824053,0.9294096634628274,0.8524781899271812,0.8081223243276092,0,0,0.7960950447236116,0.9739972218073996,0.8290509500757928,0.9212359160280623,0.9557969870193807,0.46361909933967077,0.813212359955753,0.9497525202644989,0.9892267882005537,0.9618104035439549,0.8675226613258498,0.9309551766395463,0.8465015090071699,0.7675427746468451,0.8501796710673701,0.9734120575079188,0.8164981100699861,0,0.7834180928006096,0.9525199130234724,0.8748238181966546
danish,0.8985283201080476,0.7383679673361099,0.8725245583132479,0.8095593183305645,0.888808143227968,0.9263969058724575,0.9070673609306669,0.7282873996466115,0.4831811896546952,0.9118557994133385,0.9375398568364924,1.0,0.931381242008911,0.9409499241988819,0.878715565840027,0.8648020781623292,0.8439878089633217,0.7891349382899988,0.9308695658908531,0.2952717629164681,0.8512175475944259,0.6906970377136499,0.8410512009694286,0.6662164924133185,0.8949568780397097,0,0.8594714572023935,0.6933173413293363,0.7111361537369726,0.7220355843893039,0.8483609086776204,0.9036266737764851,0.8156292927397322,0.8739613702576398,0.8363308366846385,0,0,0.8130172723304028,0.9241041371706318,0.83262038416432,0.9309065116601084,0.9187262929692963,0.47079172490222926,0.7637271927253755,0.9320256874658545,0.92959468922685,0.9346526751700637,0.9101301843310298,0.9717300894263656,0.7692303152568241,0.830177873792673,0.8366611084351686,0.9228770615646048,0.8598104198763071,0,0.7835098971230247,0.9429708729967378,0.8806442923771652
dutch,0.9386595759105765,0.7154014222249971,0.7891357802363768,0.73210108255455,0.8532539870559813,0.9010072996388198,0.9605248632940356,0.6594481165278056,0.4302354581289988,0.868975611265905,0.8911136876455895,0.931381242008911,1.0,0.9743522482701812,0.8088275364727804,0.760844506562136,0.9430918940557955,0.8913607467607572,0.979515743613833,0.3393196215385,0.9546142481320216,0.6372999320778786,0.7913617169040924,0.6885260765958604,0.833730735864729,0,0.9432323919142299,0.6561752605372166,0.6610115087675326,0.6659086286853245,0.8317611283096976,0.8690925241922857,0.784442027715409,0.906507107967317,0.7290486509114686,0,0,0.7846349254125452,0.8586375014305918,0.9256865428781037,0.9639994685316106,0.8834499227065444,0.4114042221794462,0.7408532341332913,0.8762520782410341,0.8977767986084345,0.881622205673925,0.9734203778289912,0.923637793356981,0.7304440163942175,0.6888092809085421,0.8060518730074305,0.8764988058447318,0.7736135328225665,0,0.7189282702348312,0.9088358037362915,0.8223450883104879
english,0.9316820721897612,0.7186096815095903,0.8388073141273156,0.736587729923252,0.8863068241146336,0.9187097850266596,0.9516239827732246,0.724087698412458,0.41922980596178777,0.8990087598819825,0.920821768454471,0.9409499241988819,0.9743522482701812,1.0,0.8166866315557171,0.797503186001575,0.923400976742895,0.8580440146318192,0.9613124781162673,0.27373088246024385,0.9161109949637953,0.6710982537254894,0.8300531117250209,0.6895002239914194,0.8670472498706839,0,0.9242095778624806,0.7218612928745977,0.7192223698178781,0.7353597956068317,0.8607933000162523,0.8919328415254572,0.796781777039944,0.9234704481073539,0.7522664373563208,0,0,0.8142033782932225,0.8985643526351262,0.9025246100408086,0.9588459169759864,0.9074772129346733,0.36870283082376004,0.7660565707044791,0.903622075326845,0.9203149251452503,0.9144841595746793,0.9665340630712619,0.9388552844536294,0.7292437224764224,0.713486893149058,0.837593147518405,0.9121294078773586,0.8243175065550902,0,0.8011356780921155,0.936296219566521,0.8306484814407504
estonian,0.8047092890968495,0.7532522864271991,0.873183029634993,0.9178938919489206,0.9236088962358919,0.8538105531670277,0.7473121623029347,0.7922545326812969,0.5629348799430071,0.9068177911468417,0.9219888339323246,0.878715565840027,0.8088275364727804,0.8166866315557171,1.0,0.9035011682720497,0.6581786810882233,0.6113295001525936,0.8166856296388979,0.4649058739819378,0.7451165318993506,0.6259423751967019,0.7389425615175507,0.6211333972399733,0.8180688266560784,0,0.712894569005889,0.5405709473562905,0.7911566881474572,0.8159187832935196,0.9148369828160137,0.9575125227781061,0.9193529090019981,0.7659014258441815,0.7989175335148634,0,0,0.6985746366121929,0.9140280850621535,0.7239438301600817,0.8462995401732083,0.9240607048149153,0.5741763943434888,0.7737096546135996,0.9168631223332134,0.9315320710314088,0.9316140108304265,0.7615986025630745,0.8656815097592,0.9059701836923594,0.7921716657206762,0.8598619955045921,0.9398013546416226,0.7469923896271431,0,0.7535826620528527,0.9123143860762126,0.869329207384913
finnish,0.7690947041310281,0.615148849977552,0.9401885064867066,0.8177692537630277,0.8484920891572254,0.7663317233112872,0.7036265319675502,0.6922142862883981,0.47435483601572603,0.8552850383991754,0.8579797825109148,0.8648020781623292,0.760844506562136,0.797503186001575,0.9035011682720497,1.0,0.6029621433743614,0.5424253556879871,0.7785284776925934,0.2721915133170476,0.6715353658271696,0.6870432265932376,0.6882104877015152,0.6248744437121404,0.7986385921647857,0,0.664555076442875,0.5220397526880152,0.8849780836339454,0.7916263008304001,0.8375892545678204,0.8621406081250728,0.8048038737843817,0.8143560059637786,0.843739930001328,0,0,0.7528331600257755,0.8830283729623842,0.5977582937613027,0.7704342925854452,0.869633885811039,0.5035370285224384,0.7512404528619221,0.8848056368227017,0.8651423854315743,0.8672632895619744,0.7156329756771824,0.8892941443315764,0.768008859900336,0.859949479098516,0.923679120055268,0.8738893840608521,0.7323339074812465,0,0.7319822126761225,0.8980197014175016,0.8193525575199688
french,0.8795965641382729,0.7075135584100145,0.6402747172207561,0.6070616737234616,0.7439374339033391,0.8310253346418672,0.953267582353056,0.5851946267232238,0.3935620548076878,0.7686795248749704,0.8051192961553383,0.8439878089633217,0.9430918940557955,0.923400976742895,0.6581786810882233,0.6029621433743614,1.0,0.9395402744900533,0.933242837518852,0.28460102196997733,0.9467859159504326,0.6259072144861483,0.7224357849688046,0.6583257789888354,0.7414960133479788,0,0.9616391628355463,0.6172011207760066,0.49997384684909063,0.5678146894757419,0.7122382479943853,0.7641988623616414,0.6829861846923562,0.8469276339103664,0.6323024692791461,0,0,0.7081135368188564,0.7662918213330253,0.9442369955303366,0.8989273860432013,0.7701579125454943,0.31900546036020055,0.6449638419729954,0.7499217082346203,0.8038614089542824,0.7726751992901228,0.9603240257567532,0.8363426740078681,0.620240208093383,0.5758024100388565,0.6795941433981862,0.7731096588585603,0.7053493473607534,0,0.6699961392469006,0.8171881186995844,0.7335553741804106
galician,0.8374812217569785,0.7711719194971941,0.5628762442871467,0.5844935117565602,0.678480206521515,0.8016790706677088,0.9104436897296113,0.5494122792596591,0.31085015738754235,0.7282727949556596,0.736562696406227,0.7891349382899988,0.8913607467607572,0.8580440146318192,0.6113295001525936,0.5424253556879871,0.9395402744900533,1.0,0.876390406327477,0.37207038694433836,0.9200789824216365,0.6483647708225512,0.7434682701492272,0.5494433670102599,0.6570819522011457,0,0.95736618536493,0.6378879715756433,0.4122640859177162,0.4939496131594188,0.6647795529279253,0.7049861099663945,0.6045720888579682,0.7577394558275897,0.5524506578875168,0,0,0.6915468362212343,0.6903354812357443,0.9336149703606939,0.8579881605084174,0.7225881754394631,0.2245403338553388,0.5079861842069877,0.7131236923702627,0.7469249341925464,0.7281004215379928,0.9045139168552314,0.7771038976601448,0.6544575346693069,0.5314806137765249,0.6499045415861294,0.7126294333437412,0.7076865509961359,0,0.6060683910483212,0.7543412416176554,0.6946582337968303
german,0.931808682008962,0.6833992871652007,0.7779298066289086,0.7462365484579817,0.8417035123072247,0.8787540084322438,0.954641790412399,0.6580783017566703,0.4478812972117481,0.8661756889358688,0.8797125477310102,0.9308695658908531,0.979515743613833,0.9613124781162673,0.8166856296388979,0.7785284776925934,0.933242837518852,0.876390406327477,1.0,0.3258538049337548,0.9472882827442797,0.6283854888031543,0.7658628360541629,0.706174458193766,0.825535823088923,0,0.9359096307956851,0.6222940495728506,0.6498716464554912,0.6824848504144432,0.8138063625958418,0.8731294994828661,0.7701536343436131,0.8882775426017258,0.7518182222160761,0,0,0.7292344434878176,0.8606149532843494,0.8973154710638906,0.9463405439106376,0.8766012701193122,0.43866116246862474,0.7209083522021282,0.8670791394448099,0.8875204847550443,0.8811717817244712,0.9649637270284925,0.9138328254924746,0.7257869950968987,0.7260307906716084,0.7927826691125222,0.8739632775457951,0.7670072985627677,0,0.7339269335768989,0.8975397813881355,0.8057792139112387
gothic,0.2489263135036892,0.550820803476745,0.17147432103548008,0.47847828838369266,0.3416459679869835,0.3928295730415104,0.31632726264548794,0.45533057660496445,0.3461874440699296,0.3706704036975995,0.34115504545190695,0.2952717629164681,0.3393196215385,0.27373088246024385,0.4649058739819378,0.2721915133170476,0.28460102196997733,0.37207038694433836,0.3258538049337548,1.0,0.35137655923694117,0.18515198543710573,0.42649280841687265,0.09259714838118796,0.23093862474556343,0,0.3251949482961958,0.2764617471408216,0.11045021310301309,0.3191376147124876,0.42619181508897097,0.393133037997048,0.43802916453290425,0.20480230651784012,0.14370414643899077,0,0,0.2915673760187176,0.2965331445381095,0.4463956062073789,0.3886472768859382,0.38712521122696014,0.3713096061568195,0.13331941082220308,0.31835265458983203,0.39532166066649416,0.3670567015795065,0.2944871299394181,0.3336017695069889,0.6097223753173361,0.2206909839447615,0.3400927129011426,0.3646397514674945,0.3132626258696487,0,0.2251317989194594,0.38575364040859,0.4345936959738531
greek,0.9184788862368233,0.6902777947556076,0.6977336986727011,0.7062904402714285,0.7709386990958776,0.799322451439786,0.9501210362726988,0.6217128279298484,0.40941585259722063,0.7938237712864696,0.809907533372056,0.8512175475944259,0.9546142481320216,0.9161109949637953,0.7451165318993506,0.6715353658271696,0.9467859159504326,0.9200789824216365,0.9472882827442797,0.35137655923694117,1.0,0.5935264946191862,0.6851137572947631,0.6994435297803843,0.7328005185990578,0,0.9489598720445156,0.5457940975734306,0.5649248778573154,0.6127937994641636,0.7384949064452996,0.8070111084884436,0.7133232946563592,0.8585270668189258,0.6846508773315758,0,0,0.6593314535272953,0.7701272350201898,0.9204117172073681,0.8974927950567892,0.7886131553706777,0.3386033304028027,0.6670454960656947,0.7869205610159375,0.8246781543780445,0.7986059403995291,0.961026644214501,0.8308210015971037,0.7123775056197028,0.6248107975529447,0.738934289054766,0.799612053051872,0.6932927289201328,0,0.6546921484252786,0.8293548301034717,0.779664550346211
hebrew,0.6048100020704941,0.7609364285106428,0.6755038222862009,0.5356263341939799,0.6656313286336759,0.6617085677973569,0.610740740610279,0.5026664384047259,0.3062058021429581,0.6613866362663422,0.6875709495290588,0.6906970377136499,0.6372999320778786,0.6710982537254894,0.6259423751967019,0.6870432265932376,0.6259072144861483,0.6483647708225512,0.6283854888031543,0.18515198543710573,0.5935264946191862,1.0,0.618933700539106,0.4528757842771635,0.6302522258334639,0,0.7340923311240388,0.5240191138405699,0.6203172253551136,0.5350901110862716,0.6408875011779142,0.6566757486435861,0.5963221901757211,0.637363448639941,0.5901597636196109,0,0,0.6782380035332471,0.6995861700530402,0.6492762270129232,0.6602161678732584,0.696892782150142,0.2961479699106216,0.569703559069123,0.6852587999684577,0.6792225747830105,0.6746220090420201,0.616434585987569,0.7059615101610718,0.6160088552020057,0.5760401431159068,0.7224252088798491,0.678123842424772,0.614992146927518,0,0.5599711416452128,0.7120169618590972,0.650029245568591
hindi,0.748021012141137,0.7991585444604296,0.6867599021383125,0.7172500295898782,0.7670580316115675,0.8983098824520115,0.79081433111683,0.738627248745755,0.4517032964345319,0.8357747924855721,0.8248957137557451,0.8410512009694286,0.7913617169040924,0.8300531117250209,0.7389425615175507,0.6882104877015152,0.7224357849688046,0.7434682701492272,0.7658628360541629,0.42649280841687265,0.6851137572947631,0.618933700539106,1.0,0.43888265805640886,0.7933250743709018,0,0.7717869617309239,0.9081519727873434,0.5193190203402851,0.6587434935845199,0.7801868819321944,0.7781872671275298,0.711706045804491,0.688402599859977,0.6317954253833259,0,0,0.8024081646657748,0.7998310206475895,0.7660052440877552,0.8520404669809569,0.8267925117388187,0.411430715274415,0.5660840815020833,0.8427570205162291,0.8222270950020201,0.8200931303562661,0.7587053361876235,0.8558571769411859,0.7175026986741492,0.6711756629133852,0.7335245908941487,0.7932428881923798,0.9482083138684703,0,0.78666757190895,0.8213671400436212,0.7886109483588997
hungarian,0.7085201329739439,0.40040491442314435,0.6427304011281317,0.5911243807042482,0.6805900036752761,0.5671308968827704,0.6833906464878143,0.5351072372429245,0.34628056907994154,0.5924070719893765,0.6573918353521193,0.6662164924133185,0.6885260765958604,0.6895002239914194,0.6211333972399733,0.6248744437121404,0.6583257789888354,0.5494433670102599,0.706174458193766,0.09259714838118796,0.6994435297803843,0.4528757842771635,0.43888265805640886,1.0,0.6171039274665459,0,0.6400336518810794,0.33836690170947126,0.6313449020906159,0.6106998979954165,0.600509590008081,0.680499412394104,0.6446136745176889,0.7161355601877114,0.6430352436479516,0,0,0.43520985805157497,0.6709689482532177,0.6142672518386545,0.6492820845646134,0.6544096674568605,0.3200818611097661,0.6907769091096051,0.6224680436769494,0.6732758822003135,0.6329828447752284,0.7043438499845411,0.6415474934104698,0.49812331125522197,0.6277020312457898,0.6231250283346976,0.6782936978660233,0.47368432985568115,0,0.5596343098395632,0.677025662124353,0.6658804464369701
indonesian,0.8112321755530627,0.6536781910398464,0.8034043017677165,0.7631316538730102,0.8237737272991921,0.8509950919624508,0.8203645123651986,0.7728045298500675,0.5173569289308098,0.8369688933058574,0.8627166381519992,0.8949568780397097,0.833730735864729,0.8670472498706839,0.8180688266560784,0.7986385921647857,0.7414960133479788,0.6570819522011457,0.825535823088923,0.23093862474556343,0.7328005185990578,0.6302522258334639,0.7933250743709018,0.6171039274665459,1.0,0,0.7428016773272765,0.6956012276263845,0.6645947000820467,0.8071160570145076,0.7983269556149548,0.8327758652119029,0.7687811150037163,0.7822830509412645,0.7784706488269562,0,0,0.7337409666740355,0.880060864718593,0.7359143966303394,0.8409649142989094,0.8443732250754321,0.4387672446583531,0.7949338429887175,0.8572962769737045,0.8476771423023464,0.8490109952162154,0.8382341873860584,0.875723280323297,0.6898156170963755,0.8048365432507859,0.7977389328852957,0.8576822998231437,0.8026235076256615,0,0.8563877649038552,0.8645477965989483,0.8348841977476805
irish,0.0,0.0,0.0,0.0,0.0,0.0,0.0,0.0,0.0,0.0,0.0,0.0,0.0,0.0,0.0,0.0,0.0,0.0,0.0,0.0,0.0,0.0,0.0,0.0,0.0,0,0.0,0.0,0.0,0.0,0.0,0.0,0.0,0.0,0.0,0,0,0.0,0.0,0.0,0.0,0.0,0.0,0.0,0.0,0.0,0.0,0.0,0.0,0.0,0.0,0.0,0.0,0.0,0,0.0,0.0,0.0
italian,0.8802358689590043,0.7816327490678957,0.6815771039799777,0.6555431759846959,0.7736697153217258,0.8482422304028102,0.9426349624381413,0.5967524714970056,0.3873805496391725,0.8031809794031622,0.8203611621029426,0.8594714572023935,0.9432323919142299,0.9242095778624806,0.712894569005889,0.664555076442875,0.9616391628355463,0.95736618536493,0.9359096307956851,0.3251949482961958,0.9489598720445156,0.7340923311240388,0.7717869617309239,0.6400336518810794,0.7428016773272765,0,1.0,0.6656654385614929,0.5589854717568866,0.591872372856916,0.7495648968743236,0.7975426268559336,0.6996807185001632,0.8360917693955631,0.6346320203276348,0,0,0.7350348585957139,0.7947417722357664,0.9457622337899372,0.921232257651724,0.8125608808022821,0.33874802375126134,0.636632635894579,0.8039644915919216,0.825372388356399,0.8087886568489242,0.9410802656101778,0.8535631376382965,0.691272545332387,0.5977631164033076,0.7402772201894747,0.8004234545290817,0.7565247601811643,0,0.6697819871525881,0.8427584463402328,0.7698510037131014
japanese,0.5869875473284691,0.6354327394156664,0.5632934420515785,0.5955345117327129,0.610695906603447,0.7509628792431529,0.7075944141930655,0.6666773566823424,0.23035812373698156,0.6736462489913034,0.6579955461663545,0.6933173413293363,0.6561752605372166,0.7218612928745977,0.5405709473562905,0.5220397526880152,0.6172011207760066,0.6378879715756433,0.6222940495728506,0.2764617471408216,0.5457940975734306,0.5240191138405699,0.9081519727873434,0.33836690170947126,0.6956012276263845,0,0.6656654385614929,1.0,0.40984796361984893,0.5933448355391543,0.6006704557922147,0.6050744351979965,0.5490254353309884,0.5636291934832595,0.4228022931968178,0,0,0.6745957590263972,0.6487951636371756,0.6580174514334395,0.7437281140199334,0.676695102646389,0.19273898790324218,0.43343292411549056,0.7144855934418559,0.6395660109011333,0.6946532257904806,0.646648805143625,0.6974496179631736,0.5223951058521726,0.5049490507436937,0.5778038645490993,0.633674434473008,0.886546500846631,0,0.7047056888142276,0.6837453809131072,0.684401123809858
kazakh,0.6817624728967285,0.4767438740216032,0.9029968263834599,0.6826905257638826,0.8491763520775445,0.6578044896628445,0.5777828649721428,0.5799353612931107,0.311725622311197,0.7269061763632159,0.7836280340546791,0.7111361537369726,0.6610115087675326,0.7192223698178781,0.7911566881474572,0.8849780836339454,0.49997384684909063,0.4122640859177162,0.6498716464554912,0.11045021310301309,0.5649248778573154,0.6203172253551136,0.5193190203402851,0.6313449020906159,0.6645947000820467,0,0.5589854717568866,0.40984796361984893,1.0,0.7417003822389835,0.8039253670366958,0.806106158189921,0.7902739352513974,0.7621803354015018,0.6780132819661786,0,0,0.6694400277517368,0.8165658284683892,0.525478638486229,0.6777283414744193,0.8143051992675925,0.32982118048652587,0.7846481932109586,0.7857624121444736,0.7966175430047118,0.7806929580665145,0.610244558084976,0.7360015517635695,0.6477386802661503,0.6732988956557237,0.8677313217391383,0.8246244257261305,0.5404119849240839,0,0.5922631874068257,0.8140953718122212,0.7075894172808738
korean,0.6944504760122088,0.5670097277227372,0.7835394267309678,0.8322804442968333,0.8188035817312164,0.7116096806322758,0.6745819650085981,0.8444190412412816,0.5445681933547762,0.7670267289058847,0.7906966689161724,0.7220355843893039,0.6659086286853245,0.7353597956068317,0.8159187832935196,0.7916263008304001,0.5678146894757419,0.4939496131594188,0.6824848504144432,0.3191376147124876,0.6127937994641636,0.5350901110862716,0.6587434935845199,0.6106998979954165,0.8071160570145076,0,0.591872372856916,0.5933448355391543,0.7417003822389835,1.0,0.7913944258228477,0.8153287705165312,0.8112482206990554,0.6916304187440393,0.717011316826617,0,0,0.5480242270091251,0.8285077805727489,0.6134707271530782,0.7158020700821565,0.7858304365858935,0.4764335738390817,0.7486569189421021,0.7792250756050384,0.7927768021436088,0.8039456662477389,0.6831741895245522,0.7315604938874065,0.7516948421270689,0.7731059982935303,0.7814899123420007,0.8283265741789562,0.678289011119393,0,0.7882293938921489,0.8023244078916771,0.8087021357089077
latin,0.8324403489600305,0.7685378314494979,0.8621081003158356,0.807407947180365,0.9551430238343839,0.9079500805596014,0.7604181978237907,0.7317085692184504,0.49114883825898703,0.9275230202074596,0.9464414618711907,0.8483609086776204,0.8317611283096976,0.8607933000162523,0.9148369828160137,0.8375892545678204,0.7122382479943853,0.6647795529279253,0.8138063625958418,0.42619181508897097,0.7384949064452996,0.6408875011779142,0.7801868819321944,0.600509590008081,0.7983269556149548,0,0.7495648968743236,0.6006704557922147,0.8039253670366958,0.7913944258228477,1.0,0.9331130049297225,0.9161307025091993,0.798007975662467,0.7528994544541648,0,0,0.7537132886523318,0.9297305059285917,0.7740857064144422,0.8597802800176502,0.9369077386284592,0.47555049086964135,0.7835622239526108,0.9222696307749856,0.9578116007832641,0.9364336013651914,0.7872847692024979,0.8716808068211657,0.8625419306492204,0.6921778777906741,0.8519094570336988,0.9542138363312594,0.7417631638271375,0,0.7271540952216387,0.9092306265486652,0.830571876568555
latvian,0.851136832022814,0.7854523550270925,0.8757231724073241,0.8759629648247772,0.967431810994511,0.913840327010894,0.8239456465217545,0.8028487206638736,0.5171183962273218,0.919863046282995,0.9572352527824053,0.9036266737764851,0.8690925241922857,0.8919328415254572,0.9575125227781061,0.8621406081250728,0.7641988623616414,0.7049861099663945,0.8731294994828661,0.393133037997048,0.8070111084884436,0.6566757486435861,0.7781872671275298,0.680499412394104,0.8327758652119029,0,0.7975426268559336,0.6050744351979965,0.806106158189921,0.8153287705165312,0.9331130049297225,1.0,0.9359007713937173,0.8337681879438488,0.7852268111424222,0,0,0.7470605394080844,0.9481882051971658,0.8165134929637529,0.9108349673231301,0.9616352014891164,0.48753741399506545,0.8088824624495328,0.9295917860939505,0.9629714334842868,0.9569828544717124,0.8425069546711799,0.8892408112923886,0.8722541453985667,0.7687515250166234,0.8640931938369544,0.9770130061029897,0.764252544561332,0,0.77271912086911,0.9451542070866716,0.8607174708983466
lithuanian,0.763800712967315,0.7616460015125768,0.8135974988376142,0.8485102409776502,0.9394419215180448,0.8365989923927534,0.7214586443681337,0.7986514064791624,0.4989563502816788,0.8323788597536106,0.9294096634628274,0.8156292927397322,0.784442027715409,0.796781777039944,0.9193529090019981,0.8048038737843817,0.6829861846923562,0.6045720888579682,0.7701536343436131,0.43802916453290425,0.7133232946563592,0.5963221901757211,0.711706045804491,0.6446136745176889,0.7687811150037163,0,0.6996807185001632,0.5490254353309884,0.7902739352513974,0.8112482206990554,0.9161307025091993,0.9359007713937173,1.0,0.7610272155450946,0.7110406639780659,0,0,0.660149457112529,0.9055820176766731,0.7563730626192797,0.8335742796350424,0.9090977839052782,0.5063643963583352,0.7765688355253655,0.8565217261740405,0.9315383421536619,0.8906951861771678,0.7413318030812767,0.8115829284133215,0.8696965399487501,0.727271531688533,0.8211022714541142,0.9265604296621357,0.668175621866461,0,0.7022599027826396,0.8864420299948846,0.8559789711378211
maltese,0.8780440813692012,0.6251212878276975,0.8487158024681168,0.6860105992799634,0.824157030959225,0.8049780915945929,0.866749291664967,0.6617513882845362,0.40681180905795666,0.8207936133586478,0.8524781899271812,0.8739613702576398,0.906507107967317,0.9234704481073539,0.7659014258441815,0.8143560059637786,0.8469276339103664,0.7577394558275897,0.8882775426017258,0.20480230651784012,0.8585270668189258,0.637363448639941,0.688402599859977,0.7161355601877114,0.7822830509412645,0,0.8360917693955631,0.5636291934832595,0.7621803354015018,0.6916304187440393,0.798007975662467,0.8337681879438488,0.7610272155450946,1.0,0.7705831139171074,0,0,0.7820115250108182,0.8309966869525258,0.8057793256306853,0.8585087634790217,0.8269280813283747,0.3853531433566213,0.7552865189962182,0.8284192737207398,0.8538503231853107,0.8368863693792754,0.8924370558385477,0.898172006420089,0.6681391215925369,0.7091478332805865,0.850681844105114,0.8475557168240131,0.6998288398843455,0,0.7147664307911142,0.888680859828568,0.773205713544707
marathi,0.782579611048965,0.5701394488408619,0.8411343012158742,0.7584648908546099,0.7730112033737151,0.7295112164243952,0.6954030849733742,0.6576622284286687,0.545392060093556,0.8095662628521477,0.8081223243276092,0.8363308366846385,0.7290486509114686,0.7522664373563208,0.7989175335148634,0.843739930001328,0.6323024692791461,0.5524506578875168,0.7518182222160761,0.14370414643899077,0.6846508773315758,0.5901597636196109,0.6317954253833259,0.6430352436479516,0.7784706488269562,0,0.6346320203276348,0.4228022931968178,0.6780132819661786,0.717011316826617,0.7528994544541648,0.7852268111424222,0.7110406639780659,0.7705831139171074,1.0,0,0,0.6153924605063381,0.8061715496782915,0.5841274555850506,0.6807628491787168,0.7605541647017879,0.5282599704818247,0.7466343985300691,0.804892188726737,0.8059108761892073,0.7882710631977934,0.7230318741035419,0.8327150502338471,0.7117201836385085,0.8901752543909001,0.7784875873081311,0.8033020050622341,0.6823935509222073,0,0.7009183668555726,0.7806348840241618,0.7304574818096153
north_sami,0.0,0.0,0.0,0.0,0.0,0.0,0.0,0.0,0.0,0.0,0.0,0.0,0.0,0.0,0.0,0.0,0.0,0.0,0.0,0.0,0.0,0.0,0.0,0.0,0.0,0,0.0,0.0,0.0,0.0,0.0,0.0,0.0,0.0,0.0,0,0,0.0,0.0,0.0,0.0,0.0,0.0,0.0,0.0,0.0,0.0,0.0,0.0,0.0,0.0,0.0,0.0,0.0,0,0.0,0.0,0.0
old_church_slavonic,0.0,0.0,0.0,0.0,0.0,0.0,0.0,0.0,0.0,0.0,0.0,0.0,0.0,0.0,0.0,0.0,0.0,0.0,0.0,0.0,0.0,0.0,0.0,0.0,0.0,0,0.0,0.0,0.0,0.0,0.0,0.0,0.0,0.0,0.0,0,0,0.0,0.0,0.0,0.0,0.0,0.0,0.0,0.0,0.0,0.0,0.0,0.0,0.0,0.0,0.0,0.0,0.0,0,0.0,0.0,0.0
persian,0.7323930333297901,0.7353839215661412,0.784099767657895,0.607361231216365,0.7272449127083292,0.8489711048021402,0.7382642755706417,0.5427420883181184,0.4530770155138017,0.8059318013617793,0.7960950447236116,0.8130172723304028,0.7846349254125452,0.8142033782932225,0.6985746366121929,0.7528331600257755,0.7081135368188564,0.6915468362212343,0.7292344434878176,0.2915673760187176,0.6593314535272953,0.6782380035332471,0.8024081646657748,0.43520985805157497,0.7337409666740355,0,0.7350348585957139,0.6745957590263972,0.6694400277517368,0.5480242270091251,0.7537132886523318,0.7470605394080844,0.660149457112529,0.7820115250108182,0.6153924605063381,0,0,1.0,0.7661398281169745,0.725003226635998,0.8036701797561644,0.7671475299008044,0.40112943170522,0.6280498233929597,0.7949917406038519,0.7823722297297797,0.7755210233531701,0.7375802234805847,0.8682812122922947,0.6159353975713154,0.567922172613396,0.819340183775492,0.7541157979449126,0.7877082605212601,0,0.6505051731326489,0.8337916302723984,0.6614755644525415
polish,0.8522892463662041,0.7507843211777653,0.8960393631086997,0.8331509290412764,0.9562216329886768,0.9196200198408256,0.8339005888497436,0.7601886358646146,0.5199735366826992,0.922512572757694,0.9739972218073996,0.9241041371706318,0.8586375014305918,0.8985643526351262,0.9140280850621535,0.8830283729623842,0.7662918213330253,0.6903354812357443,0.8606149532843494,0.2965331445381095,0.7701272350201898,0.6995861700530402,0.7998310206475895,0.6709689482532177,0.880060864718593,0,0.7947417722357664,0.6487951636371756,0.8165658284683892,0.8285077805727489,0.9297305059285917,0.9481882051971658,0.9055820176766731,0.8309966869525258,0.8061715496782915,0,0,0.7661398281169745,1.0,0.7890102237365111,0.89905741564899,0.9523267555633211,0.4606314425006175,0.8256346739162262,0.9372667870131286,0.9694087126398978,0.9486014423856224,0.8470310040454022,0.9212829787617249,0.8210521044268952,0.8016464296186678,0.8563609247160053,0.969565495439805,0.8025676037927529,0,0.7933191095470327,0.946406120911974,0.8827114411089901
portuguese,0.8489358518892762,0.8117579201272724,0.6514109459961306,0.6948239433678705,0.805632172818916,0.8767422649745271,0.9249812110897719,0.6755687393755827,0.39635668146447955,0.7871082024865516,0.8290509500757928,0.83262038416432,0.9256865428781037,0.9025246100408086,0.7239438301600817,0.5977582937613027,0.9442369955303366,0.9336149703606939,0.8973154710638906,0.4463956062073789,0.9204117172073681,0.6492762270129232,0.7660052440877552,0.6142672518386545,0.7359143966303394,0,0.9457622337899372,0.6580174514334395,0.525478638486229,0.6134707271530782,0.7740857064144422,0.8165134929637529,0.7563730626192797,0.8057793256306853,0.5841274555850506,0,0,0.725003226635998,0.7890102237365111,1.0,0.9179212456285548,0.8161641807243025,0.3131673753233215,0.6469572047331396,0.7742060245074741,0.8383534336458252,0.8183989406619204,0.9251195366081704,0.823018353794969,0.7438524691267027,0.547824592952183,0.7029009237015047,0.8215042680710702,0.7109729473731983,0,0.6543606450527367,0.8467147070011075,0.7948851374714867
