,afrikaans,arabic,armenian,basque,belarusian,bulgarian,catalan,chinese,classical_chinese,croatian,czech,danish,dutch,english,estonian,finnish,french,galician,german,gothic,greek,hebrew,hindi,hungarian,indonesian,irish,italian,japanese,kazakh,korean,latin,latvian,lithuanian,maltese,marathi,north_sami,old_church_slavonic,persian,polish,portuguese,romanian,russian,sanskrit,scottish_gaelic,serbian,slovak,slovenian,spanish,swedish,tamil,telugu,turkish,ukrainian,urdu,uyghur,vietnamese,welsh,wolof
afrikaans,1.0,0.7148479982889783,0.7195229095220356,0.7726324574335542,0.825845319931277,0.8494417352548436,0.9283112960228201,0.5828542704621595,0.5860229147096643,0.784250250384667,0.8462871109721694,0.919066552284493,0.9481846711889614,0.9256695297446742,0.7332642424455414,0.7358080111054255,0.9031256718392908,0.8832530992512808,0.9492140096941097,0,0.9187019865597867,0.5726256978424592,0.7975976725047716,0.6388124106500014,0.7328349839402091,0.8967210460016943,0.9037294038045383,0.5582480380696133,0.612763398202875,0.5569925360887625,0.8279423379609798,0.8194287125592308,0.7131096014060364,0.8223452716620796,0.7584458069460801,0.5692643883471208,0.5748166586701405,0.7453983266466828,0.7853382702014421,0.8797931883876847,0.8687053228198327,0.8074168661858898,0.42441420822568676,0.7526014015354741,0.828628041182795,0.8436935301430731,0.8467115361223475,0.934293780480271,0.9062732623658558,0.6765004286404118,0.644305948907139,0.7275183121402534,0.8072410746404244,0.8246563096533152,0.7298019916044808,0.711576371119691,0.8807039032497506,0
arabic,0.7148479982889783,1.0,0.6627372993309477,0.837863287754349,0.8812511162380838,0.8510557959640725,0.7039804709171986,0.7092086658125651,0.5026253394272518,0.7896899534533917,0.8570152722329784,0.8013284104944338,0.7335240776189055,0.7805980675364526,0.8361201979310416,0.6533500893142073,0.7274139349875024,0.7654405859662067,0.725910053406203,0,0.6891178644639481,0.7415989879260203,0.7926412916815502,0.4101362066049335,0.6768901640155942,0.7384862488656888,0.7795221596261168,0.591899149178528,0.5744129329609866,0.609361416864315,0.8063712988665263,0.8820003762060065,0.8495813005906282,0.6086822640550505,0.5737663471896488,0.49041741627576807,0.42721556748254613,0.6980883694727344,0.8024306297717798,0.8208204324514933,0.8318708428799341,0.8598158160766352,0.3075831927628092,0.64234712119821,0.8329486787818929,0.8398075056415117,0.8253045945846754,0.7057836672394909,0.781088397368233,0.9077890977472909,0.5753846836847745,0.7545301281679472,0.8572788605891354,0.8048071921487814,0.7475892651447748,0.6279823562135657,0.8580500072816684,0
armenian,0.7195229095220356,0.6627372993309477,1.0,0.8537611658319387,0.8440110905141007,0.7792082262057417,0.701320046998243,0.6012358332144601,0.49333681148359354,0.8959147889852545,0.8593187474178647,0.8393683958116683,0.731046908218912,0.7911194928055041,0.8476042690551364,0.9364659675357083,0.5923454889414522,0.5606642603899491,0.7451365676019505,0,0.6363846687158515,0.5965008294851358,0.6905422716422883,0.5732072974418115,0.7439154094080723,0.7198456033451182,0.644219369779304,0.49797064201979,0.9176716616614491,0.6742564228671388,0.8805342633899987,0.8142850974373917,0.7950576247379953,0.777485304374067,0.7846683015916737,0.838225699903414,0.5123579439937453,0.8333915627242336,0.8707740336018658,0.5721493513005944,0.7964505583857843,0.8479406597135921,0.410500734429463,0.7932514485395858,0.9018440742971363,0.8664638353212458,0.8807270047215001,0.679506131293053,0.8648729548413806,0.7417144158683604,0.7560144134117577,0.9188773349572905,0.8616869388533867,0.7360397684785308,0.9178237925635111,0.6510485576951385,0.7541536124555174,0
basque,0.7726324574335542,0.837863287754349,0.8537611658319387,1.0,0.9068509142150507,0.8315979639124995,0.7645710981570881,0.772712341885082,0.5981951313668281,0.8805634803545547,0.8852548889683106,0.8734268229861131,0.7920173740219645,0.8265637335360332,0.9475641883162655,0.8431047419046487,0.665430479416284,0.6753961279109629,0.8020809111974952,0,0.7369054581122451,0.5702287357738453,0.8017720923777178,0.5625460139857925,0.7599953511465418,0.7801099375368367,0.7171942963160917,0.5953189626435976,0.7385002684339845,0.7623891171611561,0.8887952937125775,0.9542995202013885,0.9034430800976,0.7256917760060659,0.7439975932569056,0.6319416953658054,0.5332920088109596,0.7043666196735163,0.8599425500091956,0.704877153627519,0.8809165158647423,0.9005746083461363,0.4563988856900656,0.7648801899062497,0.9316683700038866,0.8802584872870085,0.9115250094709847,0.7449185332494639,0.852714165264832,0.9090721539178687,0.764016310756922,0.8508085898534645,0.8991091343056651,0.8257675977500374,0.8965195277990863,0.7110647884630651,0.890775830780084,0
belarusian,0.825845319931277,0.8812511162380838,0.8440110905141007,0.9068509142150507,1.0,0.9545418355610303,0.8020735494081784,0.7070440149006884,0.5437022362175493,0.9506528006723666,0.9738631621615683,0.9297097480780715,0.8457907616303477,0.9049136686115822,0.9271436996947411,0.8260917374654607,0.7594210108996865,0.7277137052086409,0.8569961406405966,0,0.7483538126532265,0.6415767219868546,0.8426420458651045,0.5257122303873734,0.7959445399586933,0.8411580948362806,0.7961040341833016,0.6161751097627848,0.769626082881788,0.693132161821198,0.9422038663248623,0.9465444640129962,0.8982691035977927,0.7353142040035899,0.7277764849070556,0.6624584645393573,0.5123391633313276,0.8048740747647565,0.9430848215163056,0.7864040475607278,0.9333320014575087,0.980158147972731,0.4199965306783826,0.7944143647147397,0.9698443787316828,0.9686439690981665,0.9669890444607293,0.8015133520255754,0.9264562850689637,0.8634682577510739,0.7046204138009234,0.8559994596322164,0.9870745743904196,0.8755149116910065,0.8834385883410242,0.7130161406676283,0.9012375662959831,0
bulgarian,0.8494417352548436,0.8510557959640725,0.7792082262057417,0.8315979639124995,0.9545418355610303,1.0,0.8371004354420648,0.6527046080554092,0.5203285632333586,0.8917097363294633,0.9434417382737975,0.9398437907240024,0.8683507354011475,0.9267294015314097,0.8308504050032495,0.7545551100465624,0.814432023250692,0.7770585490379185,0.8646549040403074,0,0.7551501692960809,0.6441833777459947,0.8968386188067006,0.48950462679673734,0.8087158466756013,0.8707583184750148,0.8358869727306155,0.7176369277649783,0.6867201132057381,0.6232508047485051,0.9173411296239656,0.8884986424235578,0.8199731927891627,0.723215230665088,0.6685808271498948,0.5989523108970081,0.527375568100308,0.83534463826097,0.9166384398832842,0.8288144349226959,0.9268156342886218,0.941968095794493,0.3901744316416197,0.7642876151912422,0.938068361732897,0.9277765736386416,0.9401943749634444,0.8423577443072734,0.9351766188761207,0.7758852092809486,0.6447876925864388,0.7892632242341098,0.9364385407501576,0.9169188569254291,0.7919481958964005,0.723552730602577,0.9041528577244904,0
catalan,0.9283112960228201,0.7039804709171986,0.701320046998243,0.7645710981570881,0.8020735494081784,0.8371004354420648,1.0,0.6288969904616691,0.5332194539334989,0.7538913937326602,0.8120670187086989,0.9233613640870436,0.9710146845596898,0.9506808803042536,0.7222714151194486,0.6910514722277965,0.9518832389375562,0.9126724002323049,0.9629715953510682,0,0.9437195996647721,0.5838593685303974,0.8052814879757859,0.6884105331925492,0.7953133901588304,0.9358532880499539,0.9391096357936143,0.6479691818695806,0.5690314949661738,0.5962688359222026,0.8138743464707495,0.7970111740311395,0.7199493418749752,0.8606508574845786,0.6659754044665709,0.5045153141679959,0.4478646010269455,0.7463504848541554,0.809911896738145,0.9147372604932608,0.9094498037660244,0.7963313247195973,0.31812411594199286,0.7966223762755803,0.819028751323364,0.799130495547041,0.8446865766937683,0.9952266413595126,0.9028544825043493,0.6679831849439206,0.6524248294861128,0.7240904473323346,0.8077711307073314,0.8086005992286885,0.6923023121717398,0.7375327535658128,0.8939090148083049,0
chinese,0.5828542704621595,0.7092086658125651,0.6012358332144601,0.772712341885082,0.7070440149006884,0.6527046080554092,0.6288969904616691,1.0,0.5537755371191131,0.625228681152411,0.679475688717686,0.6861500125588673,0.6099735421979178,0.6827785227213332,0.7590209815013353,0.6049900915600323,0.5537605903750594,0.575308415619451,0.6100801050903222,0,0.568762759530902,0.4536000585424187,0.7611902635257166,0.4713640333011053,0.723559677557477,0.6080739781278138,0.5621520733962629,0.6366421711378969,0.4713396804069608,0.8565390880633911,0.7262674047579588,0.7778408833356327,0.7856013920213959,0.5734567396656703,0.5611259280555945,0.4726218440304493,0.434473446934912,0.5461046423685306,0.6913268993127257,0.6011926694055865,0.7175438227342199,0.7115516576729339,0.33589069456899495,0.5472451681129453,0.6984151271645066,0.6786875971712321,0.7239290219111233,0.605699610086116,0.6559344568858383,0.787417980799887,0.7373914678238106,0.7255291666405277,0.7157869779653883,0.7394296655851105,0.7758318561348668,0.8110502346623489,0.7225954138039666,0
classical_chinese,0.5860229147096643,0.5026253394272518,0.49333681148359354,0.5981951313668281,0.5437022362175493,0.5203285632333586,0.5332194539334989,0.5537755371191131,1.0,0.4983323642786934,0.5514970270640186,0.5751599521022449,0.5185084039172908,0.48961525516205306,0.5525721126384064,0.5956181215255121,0.4296488237120161,0.41568867191956854,0.5201262866586935,0,0.4495841993373835,0.34889445426317817,0.5760439117933744,0.3877746897741039,0.5285830239113442,0.522511772641483,0.41674704236281074,0.2906793554622346,0.36480113699894917,0.5415801151386556,0.5704611501079366,0.6039118136047984,0.5521356823660782,0.472075548035486,0.6588676856274417,0.47567674491528084,0.8169079415175337,0.4556042461083373,0.4878009108122636,0.44553659862936873,0.46314242108881004,0.49608444428357695,0.7880680297469473,0.3674418287492933,0.5620531594983095,0.5696500362250578,0.5866617799994908,0.5227919207284661,0.5695668545574819,0.5604958271064112,0.6751857780356708,0.5466765613342366,0.4819009482761367,0.573786556774304,0.5711890789382109,0.5594152278925943,0.5932419985988073,0
croatian,0.784250250384667,0.7896899534533917,0.8959147889852545,0.8805634803545547,0.9506528006723666,0.8917097363294633,0.7538913937326602,0.625228681152411,0.4983323642786934,1.0,0.9622511284149536,0.8804167877592787,0.7966998777164397,0.8613788275006232,0.906224112843001,0.8548205757668963,0.685092378637521,0.6191419985203371,0.8151275142381417,0,0.6903653961010761,0.607350505043238,0.7386484546492461,0.5548204127461628,0.7967751149145422,0.7693770449978089,0.728983809335708,0.5149689215508687,0.7986214146924077,0.6966380148751598,0.9148737381083625,0.8824038663190066,0.8556915685963659,0.7262983147962716,0.7391058784257554,0.7399580284777101,0.470400977541289,0.7665257778455897,0.9387567975723425,0.69663338905521,0.8834983929657836,0.9297851774070229,0.39183780525663625,0.7885255237590498,0.9638629159205852,0.9634406009634698,0.946112654649731,0.747467188892927,0.8951685953847814,0.7877256674763219,0.6506736286219926,0.8429431665307912,0.9613508915978093,0.8031876398626301,0.8751576760766621,0.6751363356056125,0.8307099847413925,0
czech,0.8462871109721694,0.8570152722329784,0.8593187474178647,0.8852548889683106,0.9738631621615683,0.9434417382737975,0.8120670187086989,0.679475688717686,0.5514970270640186,0.9622511284149536,1.0,0.933907977120027,0.8532874118095355,0.9077219183584279,0.9044147138179426,0.8486770912478637,0.7668145885772126,0.7137899379520826,0.8640272086400629,0,0.751235547058201,0.6419928962840639,0.8217230712519438,0.5461918050328148,0.8083251638497888,0.8268486768493585,0.7952971304816707,0.5831920745092661,0.7647729298650311,0.6795778243996019,0.9596686980484674,0.9162816041380105,0.8937544747783029,0.7572722257923117,0.7522824487668225,0.6885044289122879,0.5327692468394764,0.810863880772744,0.9519386613832951,0.7759912706805198,0.9200174542419277,0.9536903863873869,0.4186236707497229,0.7848900731258012,0.9646296959852014,0.9905894395397795,0.963543561949917,0.8129686101272103,0.942354130726509,0.8283728284688111,0.6815264238098623,0.8438335919629883,0.9670335099067908,0.869189288852238,0.8745337467793296,0.7299297082410957,0.8940678063207552,0
danish,0.919066552284493,0.8013284104944338,0.8393683958116683,0.8734268229861131,0.9297097480780715,0.9398437907240024,0.9233613640870436,0.6861500125588673,0.5751599521022449,0.8804167877592787,0.933907977120027,1.0,0.945864233872045,0.9693667660786873,0.849905819512318,0.8471716566521192,0.8724030643581011,0.8339305162603385,0.947584684223727,0,0.8687645541156578,0.6563416442577211,0.8756784674300394,0.6261997672677986,0.832328171246126,0.919950936323092,0.8945739096862976,0.6681900683075243,0.7425517813474622,0.6469521866741827,0.9340852511065909,0.8978424936162298,0.8286338247139681,0.8474141511033996,0.7623977267543447,0.6395266157082358,0.5524889226576934,0.8573547126436825,0.9080788132727844,0.8561729002003926,0.9516289211573199,0.9228409205454511,0.45051468509365006,0.8351732066936788,0.9427137933431823,0.9205798923049926,0.9549253629357911,0.921358695731835,0.9863699461379901,0.7839371483985655,0.739502908141018,0.8384356735128133,0.9225900381002796,0.8991172667757951,0.8471113287208211,0.7736224780121854,0.9357416498726189,0
dutch,0.9481846711889614,0.7335240776189055,0.731046908218912,0.7920173740219645,0.8457907616303477,0.8683507354011475,0.9710146845596898,0.6099735421979178,0.5185084039172908,0.7966998777164397,0.8532874118095355,0.945864233872045,1.0,0.9714173156649297,0.7694269849336041,0.7392274358033315,0.9499657055247016,0.8940819960367095,0.9855364769757954,0,0.9622727378212845,0.5906558774080406,0.800451370428339,0.6728124268610794,0.7878983583585965,0.952670419178503,0.9533317247902827,0.6117928335061539,0.6357211289294632,0.5822232941522855,0.8406815518729759,0.840935032049915,0.7514974561510964,0.8729601457002751,0.6782376651872654,0.5484278298841307,0.46081226494964406,0.7787150401903097,0.8260387826492114,0.9240979462446652,0.926979629122928,0.8409315981771021,0.39933216004884253,0.8238654431557759,0.8475266335000917,0.8409785452899027,0.864749376875878,0.9741609127292377,0.9356609369773075,0.6957425835812008,0.616771389149758,0.7514258365260219,0.8425951996681899,0.8213011357118292,0.7267209154344365,0.7253026415661477,0.9138917308680674,0
english,0.9256695297446742,0.7805980675364526,0.7911194928055041,0.8265637335360332,0.9049136686115822,0.9267294015314097,0.9506808803042536,0.6827785227213332,0.48961525516205306,0.8613788275006232,0.9077219183584279,0.9693667660786873,0.9714173156649297,1.0,0.8087883207107961,0.7775726078941312,0.9231793824837544,0.8702437088049513,0.9664736272364962,0,0.9053819372740215,0.6350573714845698,0.8773329968821845,0.6413559232453727,0.8459891901132298,0.9417975221411411,0.936334621350865,0.7169518728010604,0.7031407885518288,0.672981411649908,0.8960090436441708,0.8687868884346236,0.7916396709336321,0.8608332057388511,0.6890344982027858,0.5962097720048234,0.4483271554406889,0.837208174512202,0.8903391044122174,0.9004102480554915,0.9508784856054873,0.9011388172581725,0.35299238009616796,0.8434771599955728,0.9062179423941568,0.8932301068392879,0.9155108607328835,0.9531126273269798,0.9628995331826552,0.7277604912959608,0.6670740855265694,0.8204029207446646,0.907377016321858,0.898585012503592,0.7972594135222724,0.8052270866162964,0.9266838094406953,0
estonian,0.7332642424455414,0.8361201979310416,0.8476042690551364,0.9475641883162655,0.9271436996947411,0.8308504050032495,0.7222714151194486,0.7590209815013353,0.5525721126384064,0.906224112843001,0.9044147138179426,0.849905819512318,0.7694269849336041,0.8087883207107961,1.0,0.8587624545929945,0.6489345962736679,0.6406014119451409,0.7863058779308373,0,0.7065386035027489,0.5765818205910144,0.7399959380724325,0.5570448835067259,0.7568505731101258,0.7731749117109168,0.6945660491944677,0.4923139351118675,0.7645090489964173,0.743831767628609,0.8987827791588517,0.9606258575875276,0.9380315256051643,0.7157074780725498,0.6866685145573498,0.7052936140707998,0.5061233039240731,0.7053901243254488,0.8916347208120792,0.692095696142931,0.8789224457388035,0.9357258309698416,0.4664881853419894,0.8017212599762247,0.9200790016937015,0.9089710705367503,0.9276713121787492,0.7030434579820755,0.8388731202576549,0.9083207576960863,0.7230577463704521,0.8617081030379661,0.9382828344424095,0.7817134001189314,0.9109471746203048,0.6711836197868811,0.8771038378557368,0
finnish,0.7358080111054255,0.6533500893142073,0.9364659675357083,0.8431047419046487,0.8260917374654607,0.7545551100465624,0.6910514722277965,0.6049900915600323,0.5956181215255121,0.8548205757668963,0.8486770912478637,0.8471716566521192,0.7392274358033315,0.7775726078941312,0.8587624545929945,1.0,0.5876989117273193,0.5538516142130339,0.7685018501853315,0,0.6571508531492398,0.5836721039675543,0.666294761917934,0.5532655101901822,0.7085772333092805,0.7042809418186567,0.6449044552440231,0.41673245249699026,0.9089818635466433,0.6715928466091673,0.8719810736265509,0.824940857863583,0.7738672102297288,0.7849715029741172,0.811337491692832,0.8205423838162694,0.609594437821693,0.8206499910152549,0.8190465454333731,0.5676720016794132,0.7747948201209299,0.8303992820050932,0.5540145449975622,0.7555180837590939,0.8641074972136263,0.8515026200242515,0.8744197462885958,0.6798988886398554,0.8741851515861919,0.7460724192520544,0.7545239491564052,0.9124090208134961,0.8246432692407274,0.7252696907243282,0.9345344051425896,0.6658340778467672,0.7782790318760945,0
french,0.9031256718392908,0.7274139349875024,0.5923454889414522,0.665430479416284,0.7594210108996865,0.814432023250692,0.9518832389375562,0.5537605903750594,0.4296488237120161,0.685092378637521,0.7668145885772126,0.8724030643581011,0.9499657055247016,0.9231793824837544,0.6489345962736679,0.5876989117273193,1.0,0.9463347899758235,0.9376835873963743,0,0.9456077397575584,0.6242047508555358,0.757861542831335,0.6354942853409167,0.7058747570188856,0.9111041919077172,0.9753602844867075,0.6095313058688551,0.4888377445740851,0.4972602641792513,0.7456392206245286,0.7425019191448798,0.6760138856213814,0.8054409760010565,0.5652304084692784,0.44236433492511823,0.36987734309959486,0.7114921145486685,0.7475308009949226,0.9690199451519205,0.8728152796614019,0.7541545062902781,0.2764834901309025,0.7441203190818063,0.7407093532086046,0.7533966785345364,0.7740642219563763,0.9566584267648128,0.8488081021203877,0.6313094267780466,0.5177922199091681,0.6494652639675418,0.762082766224554,0.7614510111085556,0.5977615549070363,0.6727873619573651,0.8606939934200777,0
galician,0.8832530992512808,0.7654405859662067,0.5606642603899491,0.6753961279109629,0.7277137052086409,0.7770585490379185,0.9126724002323049,0.575308415619451,0.41568867191956854,0.6191419985203371,0.7137899379520826,0.8339305162603385,0.8940819960367095,0.8702437088049513,0.6406014119451409,0.5538516142130339,0.9463347899758235,1.0,0.8837821124517616,0,0.9227551971072578,0.6764366252851467,0.7703990844671857,0.586762910561355,0.6611150348662099,0.8896379097087362,0.9544596696268434,0.6229631842624914,0.47661317180107404,0.48030450265489244,0.7113568780188256,0.7435370117786995,0.6472639376268322,0.7652666814789816,0.5629449546313812,0.3856148767325082,0.39069902580380256,0.6793709490984561,0.693871226953916,0.9496603429522908,0.8280383277771991,0.7286057840999155,0.22211371576266656,0.7151347277281448,0.7079935745526414,0.7021572231418856,0.7366113827407069,0.9154238019274634,0.7952361451098809,0.6824823154166197,0.576045615113033,0.6434019696534591,0.7206635142677867,0.7568180318813513,0.5957431548496552,0.6512225866025101,0.8476667319668167,0
german,0.9492140096941097,0.725910053406203,0.7451365676019505,0.8020809111974952,0.8569961406405966,0.8646549040403074,0.9629715953510682,0.6100801050903222,0.5201262866586935,0.8151275142381417,0.8640272086400629,0.947584684223727,0.9855364769757954,0.9664736272364962,0.7863058779308373,0.7685018501853315,0.9376835873963743,0.8837821124517616,1.0,0,0.9585246255315256,0.5956977645738452,0.7788667141676172,0.6770245398365088,0.7823379955366282,0.9295514744769487,0.9473662555894866,0.5776086941805479,0.6571177944431285,0.599218010052672,0.8565785983232966,0.848085880966502,0.7560107176497246,0.8651739582526038,0.7127241604034399,0.5541479623552917,0.471380537566167,0.7603980348820776,0.8326159113085736,0.9067581505874633,0.9305721199562292,0.8564518776437386,0.3982083428417451,0.8228869486909097,0.8560648714888673,0.8502513335269175,0.886485978181307,0.9661493331246785,0.9365193330883003,0.7123016534092171,0.6434915461594113,0.7639445293810407,0.8574110184756041,0.8031125786171694,0.7605799854962536,0.7258884773462531,0.907013489874689,0
gothic,0.0,0.0,0.0,0.0,0.0,0.0,0.0,0.0,0.0,0.0,0.0,0.0,0.0,0.0,0.0,0.0,0.0,0.0,0.0,0,0.0,0.0,0.0,0.0,0.0,0.0,0.0,0.0,0.0,0.0,0.0,0.0,0.0,0.0,0.0,0.0,0.0,0.0,0.0,0.0,0.0,0.0,0.0,0.0,0.0,0.0,0.0,0.0,0.0,0.0,0.0,0.0,0.0,0.0,0.0,0.0,0.0,0
greek,0.9187019865597867,0.6891178644639481,0.6363846687158515,0.7369054581122451,0.7483538126532265,0.7551501692960809,0.9437195996647721,0.568762759530902,0.4495841993373835,0.6903653961010761,0.751235547058201,0.8687645541156578,0.9622727378212845,0.9053819372740215,0.7065386035027489,0.6571508531492398,0.9456077397575584,0.9227551971072578,0.9585246255315256,0,1.0,0.5609563971428694,0.6995040664001951,0.6743643043957063,0.687950309561794,0.9038199186622061,0.9526658749134775,0.508527381003429,0.5495486328903362,0.5149063635551626,0.7430873606908841,0.7809367612939339,0.6809383699614006,0.8380623011580546,0.6400971705711088,0.4517277226690516,0.39622309983678766,0.6657583690598049,0.7135717919157174,0.9283411678799883,0.8606263439094988,0.7489734491936177,0.3107446430819996,0.7759788328985976,0.7396312068574744,0.7434632212817157,0.7691022220863265,0.947640407813151,0.8433930895744436,0.6742223774063643,0.5548487655182881,0.678170282781391,0.7506386167514608,0.7138187551877306,0.6576832603575008,0.6490538879109808,0.8615742102969622,0
hebrew,0.5726256978424592,0.7415989879260203,0.5965008294851358,0.5702287357738453,0.6415767219868546,0.6441833777459947,0.5838593685303974,0.4536000585424187,0.34889445426317817,0.607350505043238,0.6419928962840639,0.6563416442577211,0.5906558774080406,0.6350573714845698,0.5765818205910144,0.5836721039675543,0.6242047508555358,0.6764366252851467,0.5956977645738452,0,0.5609563971428694,1.0,0.6011519823196678,0.37711228868956026,0.5650258408149275,0.5963527444862119,0.7101664857737713,0.47988918137589254,0.5763498406578608,0.4405345922741281,0.6437384410116256,0.5954836083712404,0.5560641636765107,0.5505061389525422,0.5319606866783354,0.464729758671051,0.3602454739133947,0.6121216793905111,0.6420504724342675,0.6563086126653135,0.6255453475626344,0.6428485794778246,0.27217538134124647,0.5777228366300134,0.646673882705888,0.6276487288064138,0.6492021339189099,0.583866239340935,0.6610570687362134,0.6681310233293066,0.5186466334609511,0.6334727833324522,0.6399386797263816,0.613466462558997,0.5867500651734545,0.5092851359419668,0.6065011555223272,0
hindi,0.7975976725047716,0.7926412916815502,0.6905422716422883,0.8017720923777178,0.8426420458651045,0.8968386188067006,0.8052814879757859,0.7611902635257166,0.5760439117933744,0.7386484546492461,0.8217230712519438,0.8756784674300394,0.800451370428339,0.8773329968821845,0.7399959380724325,0.666294761917934,0.757861542831335,0.7703990844671857,0.7788667141676172,0,0.6995040664001951,0.6011519823196678,1.0,0.46029895662345083,0.8084157992944611,0.842563407802084,0.7721714606649661,0.8884165949286006,0.587798758451935,0.6854981640667763,0.8305426020388559,0.8266877333448561,0.7425957034979219,0.6902493028306524,0.634633271304795,0.5041232083364214,0.5752859776595258,0.7788330354902369,0.7966277067167576,0.765433586551071,0.8226686863520808,0.837116058964799,0.3986298320932775,0.710815629073898,0.8534356683994269,0.8072737652947517,0.8385303899194866,0.8062193753603408,0.8541297672065022,0.7146814614029046,0.7225646247993636,0.7607451507487774,0.8140995101944005,0.9841605654286338,0.7392627346925872,0.8329477368831635,0.8677394659698339,0
hungarian,0.6388124106500014,0.4101362066049335,0.5732072974418115,0.5625460139857925,0.5257122303873734,0.48950462679673734,0.6884105331925492,0.4713640333011053,0.3877746897741039,0.5548204127461628,0.5461918050328148,0.6261997672677986,0.6728124268610794,0.6413559232453727,0.5570448835067259,0.5532655101901822,0.6354942853409167,0.586762910561355,0.6770245398365088,0,0.6743643043957063,0.37711228868956026,0.46029895662345083,1.0,0.5386203108922656,0.642555103062767,0.6171568538364539,0.28620012879551743,0.45518419804441873,0.4851915996598083,0.5860618478292166,0.5809107191083588,0.5766511499737255,0.6834077593613349,0.533422258473993,0.5138671913374412,0.348261018716954,0.46131852639663806,0.5988733843228136,0.5830963775815823,0.6084578717266682,0.5275126453084469,0.30068581142550493,0.6166945918627289,0.5689579754377333,0.5702769662949551,0.5841776698617411,0.6557639742264546,0.6070136932807134,0.462864251436851,0.5639477863787539,0.5544583034401815,0.5672754510914779,0.47530175918350764,0.5450571512193243,0.5278704224050903,0.5853401353599884,0
indonesian,0.7328349839402091,0.6768901640155942,0.7439154094080723,0.7599953511465418,0.7959445399586933,0.8087158466756013,0.7953133901588304,0.723559677557477,0.5285830239113442,0.7967751149145422,0.8083251638497888,0.832328171246126,0.7878983583585965,0.8459891901132298,0.7568505731101258,0.7085772333092805,0.7058747570188856,0.6611150348662099,0.7823379955366282,0,0.687950309561794,0.5650258408149275,0.8084157992944611,0.5386203108922656,1.0,0.8251810556823016,0.7239640239128166,0.7016013204965432,0.622613320025709,0.7577772948655714,0.8214531430122405,0.768003966926244,0.7464922171969274,0.7087554782444351,0.6086192709246804,0.5440547151892984,0.42883170486194155,0.7302511438712084,0.8336070887478749,0.689117540288027,0.8275877683196392,0.8059983452618993,0.3657576138613785,0.769494357630894,0.8419613682464621,0.7805798513743123,0.8279434437618031,0.7938469769597972,0.8226778071854315,0.666650123483512,0.6996172545229696,0.7927971324121607,0.8045814803686099,0.8201764328346449,0.7670985804423294,0.811525906615036,0.7765731642025095,0
irish,0.8967210460016943,0.7384862488656888,0.7198456033451182,0.7801099375368367,0.8411580948362806,0.8707583184750148,0.9358532880499539,0.6080739781278138,0.522511772641483,0.7693770449978089,0.8268486768493585,0.919950936323092,0.952670419178503,0.9417975221411411,0.7731749117109168,0.7042809418186567,0.9111041919077172,0.8896379097087362,0.9295514744769487,0,0.9038199186622061,0.5963527444862119,0.842563407802084,0.642555103062767,0.8251810556823016,1.0,0.910759443351072,0.6664882845122246,0.6437790930630545,0.5765273248967872,0.8265360137212929,0.8419190862889866,0.7600044513363247,0.8399488097444329,0.6334177875025133,0.5519744629633898,0.49069608747380883,0.7911996559182154,0.8256903582659143,0.886791557349706,0.8936279053320851,0.8477185796057527,0.4084014721299105,0.8869284719064402,0.8442595998095727,0.8196821990398542,0.8465684184512721,0.9356733858089067,0.8961898133704043,0.6887856861732392,0.6681975810222445,0.762914282773484,0.8359837809160838,0.8466584615988636,0.7161449082599942,0.7254569354722415,0.9023340278046202,0
italian,0.9037294038045383,0.7795221596261168,0.644219369779304,0.7171942963160917,0.7961040341833016,0.8358869727306155,0.9391096357936143,0.5621520733962629,0.41674704236281074,0.728983809335708,0.7952971304816707,0.8945739096862976,0.9533317247902827,0.936334621350865,0.6945660491944677,0.6449044552440231,0.9753602844867075,0.9544596696268434,0.9473662555894866,0,0.9526658749134775,0.7101664857737713,0.7721714606649661,0.6171568538364539,0.7239640239128166,0.910759443351072,1.0,0.6217185296711347,0.568302722233827,0.5235628198008982,0.7767704905318229,0.777035071102156,0.6842913466405183,0.8133779984059876,0.6049598316970229,0.4499768436446981,0.3663207631136594,0.7310058204662931,0.7706310931418185,0.9672499512714303,0.8882657906881617,0.7952392856871333,0.2815232127712466,0.772311811977454,0.7832414651142018,0.7777810852130789,0.8062493470566993,0.9472996170539522,0.875982710212902,0.6950381459443978,0.5423807288031895,0.6963323956531178,0.7956085343255193,0.7845028361102974,0.6496902108323179,0.6798683364813611,0.873981390047598,0
japanese,0.5582480380696133,0.591899149178528,0.49797064201979,0.5953189626435976,0.6161751097627848,0.7176369277649783,0.6479691818695806,0.6366421711378969,0.2906793554622346,0.5149689215508687,0.5831920745092661,0.6681900683075243,0.6117928335061539,0.7169518728010604,0.4923139351118675,0.41673245249699026,0.6095313058688551,0.6229631842624914,0.5776086941805479,0,0.508527381003429,0.47988918137589254,0.8884165949286006,0.28620012879551743,0.7016013204965432,0.6664882845122246,0.6217185296711347,1.0,0.4015942207127332,0.6104936703737407,0.6015428725564165,0.5736868907315672,0.5101648952517503,0.5072733961632759,0.3502034029632483,0.2537085386207624,0.2724119453208635,0.6190487764289484,0.605147335193491,0.6007625578657125,0.6679811042906878,0.6374869722761397,0.1637938373485411,0.5460362526250568,0.655568761593416,0.546832748431726,0.6248787555751597,0.649083030834335,0.6474642467298419,0.49423407181442564,0.5171227750522546,0.5680519544814124,0.602467245931999,0.846080475607351,0.5092033742061578,0.7297659020805226,0.6593455076614234,0
kazakh,0.612763398202875,0.5744129329609866,0.9176716616614491,0.7385002684339845,0.769626082881788,0.6867201132057381,0.5690314949661738,0.4713396804069608,0.36480113699894917,0.7986214146924077,0.7647729298650311,0.7425517813474622,0.6357211289294632,0.7031407885518288,0.7645090489964173,0.9089818635466433,0.4888377445740851,0.47661317180107404,0.6571177944431285,0,0.5495486328903362,0.5763498406578608,0.587798758451935,0.45518419804441873,0.622613320025709,0.6437790930630545,0.568302722233827,0.4015942207127332,1.0,0.5804829219833085,0.7900916535698508,0.726868534565378,0.6780111677216916,0.7187118558720762,0.7209143343662557,0.8020239485999693,0.4367954166477583,0.8177182153704112,0.7648835306798294,0.4606908415645985,0.6798962453981972,0.7815584724593534,0.3891835405930868,0.7532527461480315,0.789696266850839,0.7717195991565134,0.7722436472962746,0.5636160968087058,0.7826754609717715,0.6588213960676748,0.6736110655042612,0.8873058849438412,0.7759692979724394,0.6383278449791169,0.8700399925487072,0.5350400219924905,0.6404545376778009,0
korean,0.5569925360887625,0.609361416864315,0.6742564228671388,0.7623891171611561,0.693132161821198,0.6232508047485051,0.5962688359222026,0.8565390880633911,0.5415801151386556,0.6966380148751598,0.6795778243996019,0.6469521866741827,0.5822232941522855,0.672981411649908,0.743831767628609,0.6715928466091673,0.4972602641792513,0.48030450265489244,0.599218010052672,0,0.5149063635551626,0.4405345922741281,0.6854981640667763,0.4851915996598083,0.7577772948655714,0.5765273248967872,0.5235628198008982,0.6104936703737407,0.5804829219833085,1.0,0.7232269617038302,0.7308998602709411,0.747904720237791,0.5778089215634618,0.5671521204140045,0.5496638942218999,0.38576292984216687,0.525966535766638,0.720502781403625,0.5100239558973783,0.6915989857103516,0.6940987508015173,0.4138329230402745,0.562669879276997,0.7174889467097498,0.6875546514924343,0.7217563794701395,0.5701201620437218,0.6404940868105041,0.7146578155564494,0.7190712597216137,0.7718628835055673,0.7087686499267091,0.6931386330367588,0.7888722416571882,0.7834134709316066,0.6610186807855611,0
latin,0.8279423379609798,0.8063712988665263,0.8805342633899987,0.8887952937125775,0.9422038663248623,0.9173411296239656,0.8138743464707495,0.7262674047579588,0.5704611501079366,0.9148737381083625,0.9596686980484674,0.9340852511065909,0.8406815518729759,0.8960090436441708,0.8987827791588517,0.8719810736265509,0.7456392206245286,0.7113568780188256,0.8565785983232966,0,0.7430873606908841,0.6437384410116256,0.8305426020388559,0.5860618478292166,0.8214531430122405,0.8265360137212929,0.7767704905318229,0.6015428725564165,0.7900916535698508,0.7232269617038302,1.0,0.9188389521104194,0.8987754485472079,0.776855960463018,0.806984860365814,0.6981932455058494,0.5861803038008325,0.7948402823941395,0.9485080988940907,0.729154525259635,0.9059087011856879,0.9387762788436768,0.4429445533189365,0.7991841666513919,0.9525172001424765,0.9515210339660864,0.9577853499035824,0.8031430106709981,0.9416087259611928,0.8283599479298003,0.8034341641399619,0.8578616566884489,0.9405012482030582,0.8581867272994205,0.9017817024136388,0.764515055551245,0.8742025270801275,0
latvian,0.8194287125592308,0.8820003762060065,0.8142850974373917,0.9542995202013885,0.9465444640129962,0.8884986424235578,0.7970111740311395,0.7778408833356327,0.6039118136047984,0.8824038663190066,0.9162816041380105,0.8978424936162298,0.840935032049915,0.8687868884346236,0.9606258575875276,0.824940857863583,0.7425019191448798,0.7435370117786995,0.848085880966502,0,0.7809367612939339,0.5954836083712404,0.8266877333448561,0.5809107191083588,0.768003966926244,0.8419190862889866,0.777035071102156,0.5736868907315672,0.726868534565378,0.7308998602709411,0.9188389521104194,1.0,0.9374726857248014,0.7600978999458577,0.7282037853278698,0.6613728997246009,0.5786170993153301,0.745468305832395,0.8933534214384761,0.7815520529427129,0.9120504351889904,0.9441554780233651,0.47867859740972596,0.7910823114192089,0.930627792570417,0.9176990745558518,0.9294977672250945,0.7848549281369942,0.8812934009099218,0.9079208786842737,0.7581175635298733,0.8653909867140348,0.934874205348427,0.8515791091628565,0.8929098653704661,0.718543690995379,0.9273900015575424,0
lithuanian,0.7131096014060364,0.8495813005906282,0.7950576247379953,0.9034430800976,0.8982691035977927,0.8199731927891627,0.7199493418749752,0.7856013920213959,0.5521356823660782,0.8556915685963659,0.8937544747783029,0.8286338247139681,0.7514974561510964,0.7916396709336321,0.9380315256051643,0.7738672102297288,0.6760138856213814,0.6472639376268322,0.7560107176497246,0,0.6809383699614006,0.5560641636765107,0.7425957034979219,0.5766511499737255,0.7464922171969274,0.7600044513363247,0.6842913466405183,0.5101648952517503,0.6780111677216916,0.747904720237791,0.8987754485472079,0.9374726857248014,1.0,0.697493779935679,0.640697730662735,0.6734002879774479,0.47618522058011886,0.6840136325187275,0.9022951240846204,0.7066457163314352,0.8696903056415725,0.8953095768588104,0.4417735788465622,0.7344974464618601,0.8860805560866186,0.9013351546998637,0.8905000005554528,0.6928762057294596,0.8045204381504665,0.8971127975330422,0.7309741536154082,0.8325327850688962,0.9080517867859074,0.765459091165266,0.8604095079175962,0.6649667249433168,0.8506238566529766,0
maltese,0.8223452716620796,0.6086822640550505,0.777485304374067,0.7256917760060659,0.7353142040035899,0.723215230665088,0.8606508574845786,0.5734567396656703,0.472075548035486,0.7262983147962716,0.7572722257923117,0.8474141511033996,0.8729601457002751,0.8608332057388511,0.7157074780725498,0.7849715029741172,0.8054409760010565,0.7652666814789816,0.8651739582526038,0,0.8380623011580546,0.5505061389525422,0.6902493028306524,0.6834077593613349,0.7087554782444351,0.8399488097444329,0.8133779984059876,0.5072733961632759,0.7187118558720762,0.5778089215634618,0.776855960463018,0.7600978999458577,0.697493779935679,1.0,0.6691788284488412,0.6567579320878911,0.4487455229203336,0.7887893052839017,0.7605657530966878,0.7567855085454083,0.8014480322951898,0.7435197171615359,0.3681271466363031,0.7848856241025871,0.7694664696925152,0.7573100460115785,0.7800328763094482,0.8507096898569203,0.8547285580229298,0.617191798767674,0.6550678217746438,0.7979865794358347,0.7505646286753987,0.7162942913267397,0.7443508170802872,0.6793564323030757,0.8064576935253245,0
marathi,0.7584458069460801,0.5737663471896488,0.7846683015916737,0.7439975932569056,0.7277764849070556,0.6685808271498948,0.6659754044665709,0.5611259280555945,0.6588676856274417,0.7391058784257554,0.7522824487668225,0.7623977267543447,0.6782376651872654,0.6890344982027858,0.6866685145573498,0.811337491692832,0.5652304084692784,0.5629449546313812,0.7127241604034399,0,0.6400971705711088,0.5319606866783354,0.634633271304795,0.533422258473993,0.6086192709246804,0.6334177875025133,0.6049598316970229,0.3502034029632483,0.7209143343662557,0.5671521204140045,0.806984860365814,0.7282037853278698,0.640697730662735,0.6691788284488412,1.0,0.670291183708419,0.7763861199023513,0.6212776126252144,0.6910159634689969,0.5311754587740644,0.6557782958748527,0.6986206324132441,0.5172585213931851,0.6158010815294623,0.7679244663454375,0.767280448297054,0.7596730798612444,0.6649558015005435,0.7798132974607747,0.6633813423682847,0.8085538715571673,0.7282386002529218,0.6953202111373353,0.6583218865163424,0.8129777401641448,0.6053934613489406,0.6410365930041324,0
north_sami,0.5692643883471208,0.49041741627576807,0.838225699903414,0.6319416953658054,0.6624584645393573,0.5989523108970081,0.5045153141679959,0.4726218440304493,0.47567674491528084,0.7399580284777101,0.6885044289122879,0.6395266157082358,0.5484278298841307,0.5962097720048234,0.7052936140707998,0.8205423838162694,0.44236433492511823,0.3856148767325082,0.5541479623552917,0,0.4517277226690516,0.464729758671051,0.5041232083364214,0.5138671913374412,0.5440547151892984,0.5519744629633898,0.4499768436446981,0.2537085386207624,0.8020239485999693,0.5496638942218999,0.6981932455058494,0.6613728997246009,0.6734002879774479,0.6567579320878911,0.670291183708419,1.0,0.5874322121692267,0.7380304566597538,0.707522944526461,0.4322659127805725,0.5900244053110486,0.6489360272750807,0.5083175189401704,0.6440653958362554,0.6942651470992953,0.7367998991191068,0.7005816577338484,0.4740694751476545,0.6761619718827855,0.5592666787762128,0.6018892906397739,0.8084703885723313,0.6886201126797133,0.5734239028050796,0.775167017680683,0.4850417248267405,0.5979929107615858,0
old_church_slavonic,0.5748166586701405,0.42721556748254613,0.5123579439937453,0.5332920088109596,0.5123391633313276,0.527375568100308,0.4478646010269455,0.434473446934912,0.8169079415175337,0.470400977541289,0.5327692468394764,0.5524889226576934,0.46081226494964406,0.4483271554406889,0.5061233039240731,0.609594437821693,0.36987734309959486,0.39069902580380256,0.471380537566167,0,0.39622309983678766,0.3602454739133947,0.5752859776595258,0.348261018716954,0.42883170486194155,0.49069608747380883,0.3663207631136594,0.2724119453208635,0.4367954166477583,0.38576292984216687,0.5861803038008325,0.5786170993153301,0.47618522058011886,0.4487455229203336,0.7763861199023513,0.5874322121692267,1.0,0.4595709748028835,0.4577446585754392,0.3576393491854067,0.3971110230133905,0.4847396003171473,0.7651162206004531,0.39958992600698,0.5442354814568549,0.561935476945251,0.5563653969738097,0.4442566335394389,0.5625439988057626,0.4716091404804066,0.6858293547218262,0.5196089083476172,0.44663230987855623,0.5833379169812594,0.5770345525272641,0.5029257798450825,0.5212904392950735,0
persian,0.7453983266466828,0.6980883694727344,0.8333915627242336,0.7043666196735163,0.8048740747647565,0.83534463826097,0.7463504848541554,0.5461046423685306,0.4556042461083373,0.7665257778455897,0.810863880772744,0.8573547126436825,0.7787150401903097,0.837208174512202,0.7053901243254488,0.8206499910152549,0.7114921145486685,0.6793709490984561,0.7603980348820776,0,0.6657583690598049,0.6121216793905111,0.7788330354902369,0.46131852639663806,0.7302511438712084,0.7911996559182154,0.7310058204662931,0.6190487764289484,0.8177182153704112,0.525966535766638,0.7948402823941395,0.745468305832395,0.6840136325187275,0.7887893052839017,0.6212776126252144,0.7380304566597538,0.4595709748028835,1.0,0.7871127133781157,0.7017963832416783,0.7883761453063669,0.8006163470345867,0.3455536610269282,0.7427120101532692,0.8116976527760957,0.7957581246459701,0.8069532377836374,0.7518793821046896,0.8799530563911481,0.6271577274835088,0.6161294232218266,0.872967029487907,0.7946400304173714,0.8034401660430435,0.7870662022384112,0.6546894527102392,0.8032786243990714,0
