,afrikaans,arabic,armenian,basque,belarusian,bulgarian,catalan,chinese,classical_chinese,croatian,czech,danish,dutch,english,estonian,finnish,french,galician,german,gothic,greek,hebrew,hindi,hungarian,indonesian,irish,italian,japanese,kazakh,korean,latin,latvian,lithuanian,maltese,marathi,north_sami,old_church_slavonic,persian,polish,portuguese,romanian,russian,sanskrit,scottish_gaelic,serbian,slovak,slovenian,spanish,swedish,tamil,telugu,turkish,ukrainian,urdu,uyghur,vietnamese,welsh,wolof
afrikaans,1.0,0.717868326323677,0.7371067284551653,0.784910861048169,0.8434771878385484,0.8546466315279474,0.9578550005854407,0.6353912002340549,0.5423900094780624,0.834254531548066,0.8605716568660611,0.9266074229601812,0.9701563935322084,0.9488288580699998,0.771458045280959,0.6944059883841373,0.927944263741934,0.893678682226775,0.9441896888272155,0.30380255085197805,0.9540239350325118,0.5862137201968842,0.8355932309233035,0.6304734877945329,0.7580402085595188,0.9223367929484194,0.9415393057716206,0.5982157690166471,0.5808742947718235,0.5939461304099997,0.8154864494104086,0.8193623341866539,0.7536229751924473,0.8835042853095507,0.7450527253427132,0.6994656809832791,0.6189474559719625,0.7671106492655785,0.8213889424818783,0.8944991127064073,0.9194038269750997,0.8381287358627413,0.37542387415456163,0.8502702600825828,0.8482769262509732,0.8677604891833524,0.8663895704899455,0.9607887108153966,0.9103770781009312,0.7053311604239754,0.6685430633560865,0.7291668491417739,0.8057348505489642,0.8158089300340344,0.6337161828972562,0.7183687248662739,0.924585980324495,0.7867446036543783
arabic,0.717868326323677,1.0,0.5728620539233873,0.7653145569204393,0.8623971128485377,0.8703326876607516,0.7500796969845746,0.7176394524409395,0.545525574737268,0.8227235452506171,0.8564585327063398,0.8055618128331922,0.7077103454467256,0.744004282603221,0.7496999228927418,0.5590791859004306,0.7476153687423197,0.7746288599929119,0.6726400802880024,0.48873195310008294,0.7306455312400514,0.7174003745320432,0.8343597143514581,0.3138048658811547,0.6649431506498896,0.8390525990790053,0.7884267714548701,0.6166678312879258,0.47892179751299263,0.5447039659359205,0.7672541942387343,0.8578209816512871,0.8454656888450498,0.5902971045283413,0.5229632431668304,0.5279681715180882,0.6641330912020471,0.7295409340568897,0.7830851778930789,0.8285838289509132,0.8392318740408443,0.8494778233608897,0.3217568199530893,0.6045479881315279,0.8387672991403814,0.8521648440865174,0.8375842478873408,0.7423640138860959,0.7849022989837635,0.8840601925617292,0.5478716316142508,0.6762995378564102,0.8178484634111186,0.798621281756077,0.6367695082756346,0.6004785319100675,0.8136614183727007,0.5824765438359787
armenian,0.7371067284551653,0.5728620539233873,1.0,0.8220307997520527,0.8201878881883479,0.7400403415052345,0.6419441844521144,0.648992825842676,0.5010251002859245,0.8596712434465204,0.8395165316133991,0.8202125587579637,0.7076021019932819,0.7982926144352276,0.8458117256783739,0.9227773394275437,0.5704519708686694,0.4899642129184738,0.7185364260341257,0.16261435820120954,0.6523233309333286,0.6008114575555182,0.7265323759815212,0.5603737136643148,0.7493667938036616,0.6833955101850703,0.6311070472964988,0.5002924204992382,0.8550365333302692,0.6966668728387999,0.8873794505139337,0.7967341672127272,0.7811599193370566,0.805857422352711,0.8735626270312775,0.9217532337018449,0.5516100672178137,0.8026906766990008,0.8596161405885042,0.5334991282239209,0.7705664386590905,0.8357947554087367,0.4689050492961677,0.7305495260951573,0.8592365280122375,0.8438033271447465,0.8500294537506602,0.6278227672578118,0.8195038990212391,0.6929769701365674,0.7874326822722334,0.8685035128830689,0.8365865849806013,0.6795532682766475,0.7584734975154082,0.6217370390617554,0.7305727704626394,0.7359737462564157
basque,0.784910861048169,0.7653145569204393,0.8220307997520527,1.0,0.8891789652896143,0.7995265528092339,0.7625232327998515,0.8599310379036642,0.6215381418146265,0.8795320860309805,0.8600391724899833,0.8441618714748875,0.7788978002963358,0.8013107124126975,0.9418934500500465,0.8156061268326095,0.6777862330854991,0.6579305260430132,0.7890299529109339,0.4530494353358776,0.7912052954076387,0.5780777454948569,0.7893320775740443,0.5647300964736094,0.7519005308380862,0.8170830539767979,0.7115533049283659,0.5745008749878585,0.6349432636678869,0.8053003613314315,0.914087765661908,0.9480293172855241,0.9193106090982744,0.7461951983437295,0.7735797862366808,0.7618044759394121,0.6767608227381944,0.7146844792562914,0.827631273319914,0.7038676057196773,0.855470838161691,0.8932166518904197,0.4858739143830297,0.7557353948644908,0.8810016168664382,0.8764469218679627,0.9048840251581167,0.7463163180974212,0.829046434765796,0.9143784951565069,0.8096310019773795,0.7693426250475464,0.8978019013248995,0.7334414055817191,0.8374583756164883,0.6861898701458669,0.8722191843099468,0.800168366451277
belarusian,0.8434771878385484,0.8623971128485377,0.8201878881883479,0.8891789652896143,1.0,0.9412320691417948,0.8221752851274411,0.7868288471370697,0.5808396710605185,0.958668688363555,0.9725945031495788,0.9281129737413167,0.82180847096475,0.8869247126064205,0.9047727046574603,0.7831728134603468,0.7654162319494144,0.7183196812776056,0.8092100586621048,0.39202639208952583,0.7998159357601522,0.6470059236000321,0.8988462233253727,0.48668895594012457,0.8098745190839711,0.9048818606406394,0.7986662490738753,0.6284718009366773,0.6808003700400459,0.6907784160352957,0.9419944601815443,0.9593690442470928,0.9311562195277009,0.7596200477892142,0.7481441611735214,0.753881477183023,0.6732167723837417,0.8128061055534487,0.944631261654316,0.781022297054823,0.9361688524773593,0.981090769699892,0.4225790581973408,0.7673177195332691,0.972566667801257,0.9714279432619805,0.9596794424520476,0.8110998684630336,0.9088724979324694,0.8788180250887913,0.7443157396888173,0.786972028839073,0.9821745141391421,0.8416246532545227,0.7831109409928816,0.7068538615437215,0.8918035301264892,0.7023068341198122
bulgarian,0.8546466315279474,0.8703326876607516,0.7400403415052345,0.7995265528092339,0.9412320691417948,1.0,0.8573419132756794,0.7208611971151627,0.5860224942838678,0.9398795376787312,0.9457455541607116,0.9427633243244826,0.834556652651236,0.905888903736959,0.8250298504571457,0.7048113440141649,0.823301125751169,0.7579481315116857,0.813507411777949,0.37811961889298795,0.7888426881655511,0.6408278439208159,0.9566828824372373,0.42828140364461215,0.8102235909621199,0.924074602724114,0.8392350010959936,0.7357917917884994,0.5753015428100242,0.6063293712221802,0.8827934186109218,0.9040491713001058,0.8649209893780148,0.7372058399894784,0.6609966017047013,0.6756706715024087,0.6749563204486928,0.8577016334574292,0.9137453398916825,0.8335995552868625,0.95993710884004,0.9353029535750067,0.39931267322895636,0.7578306660545685,0.9430256551251449,0.9465058010914424,0.9423254938645825,0.8478558776046352,0.9299246375566992,0.796570420905329,0.6546172020871732,0.7178046915423631,0.9022450220442298,0.9149257416739502,0.7026960876336842,0.7201715294823703,0.893353874654619,0.6513161932497268
catalan,0.9578550005854407,0.7500796969845746,0.6419441844521144,0.7625232327998515,0.8221752851274411,0.8573419132756794,1.0,0.6611270530187003,0.5301807573045444,0.7961100446623841,0.8187472786696242,0.9178187677413411,0.9700340504349146,0.9400389423210108,0.7303381773895491,0.6199817554111133,0.9681516906533475,0.9276336513583856,0.933616474270146,0.35572340158335675,0.9537499824202554,0.5781382715147854,0.8373438896915122,0.6097607928280409,0.7492903396249099,0.9501249336459264,0.9543149969312344,0.6704142914104043,0.4826709967707189,0.5672445376535779,0.7749985203030394,0.8030178864118113,0.7435548307218272,0.8597008175916101,0.6451086754563411,0.6144652982133032,0.5981794177678453,0.7625657362128915,0.7907157572196281,0.9393242654955078,0.9286814907793511,0.8136516452493561,0.32024177445065133,0.8717118985458636,0.8111450477396769,0.8304371496255342,0.829970144480283,0.9981078950602288,0.8987298444005174,0.6908875472544832,0.6325261403102108,0.6771479634659876,0.7828536193313435,0.8251616320465228,0.5864263109611265,0.7204167973215144,0.9461604490148086,0.7796932673215333
chinese,0.6353912002340549,0.7176394524409395,0.648992825842676,0.8599310379036642,0.7868288471370697,0.7208611971151627,0.6611270530187003,1.0,0.6130160261488244,0.7749340695693123,0.7429570188954386,0.7437682210163035,0.640435612128232,0.720053448956349,0.8285627322595237,0.6796894298816287,0.6002504101369116,0.5679765817823494,0.6450687951051214,0.4345977616459032,0.6485518500966261,0.5190906751486204,0.7467849314258345,0.46618609969581803,0.8000095020747164,0.7261026605070579,0.5903590058606629,0.6322030056881904,0.4397506798855544,0.8309875006843629,0.8008113944626838,0.852301276335146,0.83734658603825,0.6115459102708214,0.6436603782571991,0.6133496833488559,0.6201048738076205,0.650323258923376,0.7181160299527747,0.6439752825239592,0.7533738444953515,0.7837047960990765,0.4088131227772247,0.6454024585615163,0.744353227955219,0.7652882742393091,0.7818747716789156,0.6484923091660836,0.7233893996466015,0.8205626636647664,0.7524884513757749,0.6488259006378355,0.8171260556320439,0.6821191121076519,0.8532531563607981,0.7731399014532769,0.7415178405065613,0.7015325679757628
classical_chinese,0.5423900094780624,0.545525574737268,0.5010251002859245,0.6215381418146265,0.5808396710605185,0.5860224942838678,0.5301807573045444,0.6130160261488244,1.0,0.6024360979702091,0.59634572901706,0.6075482761665109,0.5329990968897176,0.512239641152461,0.6206893238966807,0.5814959677989396,0.4740185076680866,0.4184090459868248,0.6059901422343407,0.3785665200305177,0.4836727144870531,0.369196387369801,0.5383878149661127,0.3619656495851529,0.5370053422895135,0.5594830606727352,0.46833810382648483,0.3420416904282529,0.3081913903062315,0.6041267428841627,0.6149794815924298,0.6601533989168453,0.5886093152699803,0.5059276742511091,0.648463570036664,0.5865229955039466,0.8011300589753191,0.5425606512191361,0.5496785718976109,0.49779822936369694,0.5785615757981525,0.5494706319481963,0.8187098587922814,0.4915579890187123,0.602780749728662,0.631881676185237,0.6251822372666499,0.5244633607285374,0.617902121939735,0.58435902640399,0.5934445849471541,0.5164328477687404,0.5413210091130274,0.5357033810884904,0.6524531677042014,0.5670017488461826,0.6015429617834076,0.5439255742787835
croatian,0.834254531548066,0.8227235452506171,0.8596712434465204,0.8795320860309805,0.958668688363555,0.9398795376787312,0.7961100446623841,0.7749340695693123,0.6024360979702091,1.0,0.9657041425374507,0.9220071045374619,0.8036467178038824,0.8929984888098419,0.9142217388310863,0.8302214922811342,0.7438037063299517,0.6648799889668341,0.8083858004210507,0.3561892191980838,0.7722689973563516,0.654684135446731,0.9021351910731865,0.5033984108676295,0.8361742101116512,0.873685889283797,0.7852256342125497,0.6308367985633903,0.6860446823170395,0.6933576450294033,0.9510428917103876,0.9468689678363164,0.9150761719759171,0.7646944999786025,0.7677305594191008,0.778691877239765,0.6593284739741073,0.8380102607726687,0.940085391194632,0.7485823019092342,0.938070865453293,0.975714513746042,0.44521139582979763,0.7623526112322603,0.9705427261864292,0.9690258766111617,0.9795071224153021,0.78520265650971,0.9218807534697786,0.8509125947264816,0.7459613661343305,0.7957850285633081,0.9494388039925752,0.8348803988314127,0.8198682629851971,0.7298766356180673,0.8706013634463928,0.6841215591169164
czech,0.8605716568660611,0.8564585327063398,0.8395165316133991,0.8600391724899833,0.9725945031495788,0.9457455541607116,0.8187472786696242,0.7429570188954386,0.59634572901706,0.9657041425374507,1.0,0.9318187650034996,0.8307303190428391,0.8968898106672515,0.8947510611101362,0.8002140052501567,0.7708115514692042,0.7023233692224213,0.8172271408137466,0.36447781856928385,0.797901673068547,0.6427723861735893,0.9027646949625119,0.4735414968972868,0.8140917084239464,0.8903953312651594,0.807143954456584,0.6122477537768791,0.6991997864005868,0.6714593250518766,0.9420458609684501,0.9378347607295175,0.9168472883312587,0.7741323181931589,0.7760585701405902,0.770371155291637,0.6962287080740133,0.8317168170040022,0.9544391643491061,0.7702147308085945,0.9377549507781359,0.9658987159244956,0.4506319265532128,0.7480643881468161,0.9742372844086876,0.9947763899865332,0.9684204576295316,0.8101711198676153,0.9266034292597021,0.853741791344293,0.7071802456384921,0.7968462564754921,0.9452716527614019,0.855044605420019,0.7682582472970582,0.7093667850644669,0.8786385734091106,0.6810562947977593
danish,0.9266074229601812,0.8055618128331922,0.8202125587579637,0.8441618714748875,0.9281129737413167,0.9427633243244826,0.9178187677413411,0.7437682210163035,0.6075482761665109,0.9220071045374619,0.9318187650034996,1.0,0.9281500141114124,0.9579595181685033,0.8601430077668747,0.8061922621626284,0.8707601719963786,0.805174717885669,0.9020760912251589,0.32881664307541786,0.8658914106904934,0.6647713800612062,0.9243624974184455,0.5630909604802787,0.8382533252859391,0.9490121362865345,0.8910201475756488,0.7239700398128255,0.6630806088774055,0.6457656849275537,0.9063382215855775,0.899037402278343,0.8474346878787293,0.8639812789962226,0.7670700808124511,0.80684233182269,0.6832010379400959,0.8865850471018625,0.9044130368531846,0.8463535002504566,0.9671020526179247,0.9227151554735761,0.44108324574995356,0.8525968108330234,0.9351297940625171,0.9418577362946491,0.9413704303328226,0.9105252463420593,0.9837276235522315,0.7765844315081233,0.7699736980835394,0.7931397043458214,0.8873744364364193,0.9085709955456325,0.7155165199786198,0.7717641949296693,0.9416535680506734,0.8185054410743619
dutch,0.9701563935322084,0.7077103454467256,0.7076021019932819,0.7788978002963358,0.82180847096475,0.834556652651236,0.9700340504349146,0.640435612128232,0.5329990968897176,0.8036467178038824,0.8307303190428391,0.9281500141114124,1.0,0.9478456135352564,0.7674160240384771,0.701108503378994,0.9481154985117259,0.8942576524476901,0.966984813052958,0.3220858228604876,0.9663949345564328,0.5854526573488517,0.8212656793961381,0.6530851537327166,0.7496081527430584,0.9381118551718437,0.9529035555431591,0.625859594321585,0.562077470698993,0.5812664140610884,0.8103088795356704,0.809695945040543,0.7464713924604633,0.9010873023208762,0.7183315448709626,0.7043354545668407,0.6283238767554472,0.767003354313001,0.7955925800326835,0.9030410477347837,0.9195384052386564,0.8216122571784068,0.4177621848989044,0.883626946867114,0.8235325978105889,0.8409243116818447,0.8400544208733063,0.9698694640176895,0.9214583029518223,0.6822021459069911,0.6919823076095236,0.7110462103765623,0.7801698627765995,0.813939068119534,0.6229252292669221,0.7228389758012377,0.9389801951758121,0.8180864037109932
english,0.9488288580699998,0.744004282603221,0.7982926144352276,0.8013107124126975,0.8869247126064205,0.905888903736959,0.9400389423210108,0.720053448956349,0.512239641152461,0.8929984888098419,0.8968898106672515,0.9579595181685033,0.9478456135352564,1.0,0.8170235206278333,0.7718153128960884,0.9088710829808998,0.8341748374109056,0.9258235373324832,0.288608185235739,0.9061090909948349,0.6424236395569145,0.9166311462931085,0.609662409303076,0.887415268482762,0.935547803938776,0.9252587663345918,0.7407153754337995,0.6493909426715022,0.674065284590851,0.8764823514070288,0.8491110527524832,0.8038234904315543,0.8885356008573218,0.7369105293174449,0.7507508310409812,0.5819332113427442,0.8486303091075489,0.8816705673776881,0.8690144462988962,0.954328232395726,0.8961063122402606,0.35916310313055316,0.8719498382582173,0.8874126585701255,0.9010956300541233,0.8993502869138906,0.9368571818832205,0.9517725982496638,0.7231727426697855,0.721105831652581,0.7852513692475547,0.8705016082243661,0.8873665736330573,0.7094085669304349,0.8200624114927176,0.9290964158650078,0.7757302312279312
estonian,0.771458045280959,0.7496999228927418,0.8458117256783739,0.9418934500500465,0.9047727046574603,0.8250298504571457,0.7303381773895491,0.8285627322595237,0.6206893238966807,0.9142217388310863,0.8947510611101362,0.8601430077668747,0.7674160240384771,0.8170235206278333,1.0,0.9019706622549594,0.6578212682177744,0.6040710515471772,0.7988611650322268,0.4155805647918564,0.7528844437503199,0.6185067193981321,0.8039992822467031,0.5114340570795861,0.7899960122756293,0.8224921260753068,0.7025124965411187,0.5639804538377493,0.6961216904269695,0.7724475107966259,0.9489210948669028,0.9450371444483878,0.9211528684957583,0.7461360848828875,0.7691938473238276,0.8153898665262319,0.6438826669681439,0.7535442448633921,0.8578688031125905,0.6608011748766878,0.867849442619747,0.9257661168085434,0.5382509026745628,0.7428108057043351,0.8982096326939369,0.9084484914329599,0.9295470546232901,0.7132609510405866,0.8686596872285157,0.8924448862857423,0.8136691988578769,0.7929832506691367,0.9106515162171043,0.747852120074896,0.8864088815718716,0.7126105516364141,0.8483911190530182,0.7335458834117026
finnish,0.6944059883841373,0.5590791859004306,0.9227773394275437,0.8156061268326095,0.7831728134603468,0.7048113440141649,0.6199817554111133,0.6796894298816287,0.5814959677989396,0.8302214922811342,0.8002140052501567,0.8061922621626284,0.701108503378994,0.7718153128960884,0.9019706622549594,1.0,0.5493973776845495,0.4622721132405551,0.7466625402182365,0.23929743507469528,0.6316218729342915,0.5990198678119807,0.7025772379020502,0.5352646222993632,0.7642113567495951,0.6941464739192201,0.6083864395425007,0.4937278608571149,0.8484499374917507,0.7098107900634127,0.8838943784893102,0.8075065419081162,0.7797866106054747,0.7884647729479274,0.8203236203004898,0.9555252875947129,0.5922873892458825,0.8090811727243439,0.7976542772618295,0.5033028043109129,0.7572606773346284,0.8128628835416256,0.5870296532067882,0.7242041786392058,0.8088211848800334,0.8170395275234323,0.8201402147183258,0.6031261049548328,0.8342201767206718,0.7079244171553296,0.8418886276866034,0.8743574130471571,0.7890270800437352,0.6677848796595327,0.8210949986701709,0.6801074139443865,0.737482797984364,0.7106911490394046
french,0.927944263741934,0.7476153687423197,0.5704519708686694,0.6777862330854991,0.7654162319494144,0.823301125751169,0.9681516906533475,0.6002504101369116,0.4740185076680866,0.7438037063299517,0.7708115514692042,0.8707601719963786,0.9481154985117259,0.9088710829808998,0.6578212682177744,0.5493973776845495,1.0,0.9409916832688838,0.9106644676957776,0.323117465752299,0.9427437060129706,0.6105190732350158,0.7958927105193774,0.5894873112724355,0.6976720274359207,0.920336069999232,0.9706731429920198,0.6252811573731498,0.40301513420187857,0.5016914412902937,0.7210331081827327,0.7412024246223589,0.7051664954903453,0.8241898068033102,0.5818269327782921,0.5362130616269523,0.5488507345513722,0.7290247390286401,0.7404809638143793,0.9678200166918963,0.8935895645302911,0.7544921994340482,0.30948004523177886,0.8293172243370445,0.7469400261776905,0.7769964104495658,0.7773394458951167,0.9704348252896989,0.8563758224455872,0.6357170133824322,0.5484502398358335,0.6267359125788208,0.7270276177213191,0.7699242023379154,0.5393919312475502,0.6866890189253471,0.9053736350707533,0.7273172353951977
galician,0.893678682226775,0.7746288599929119,0.4899642129184738,0.6579305260430132,0.7183196812776056,0.7579481315116857,0.9276336513583856,0.5679765817823494,0.4184090459868248,0.6648799889668341,0.7023233692224213,0.805174717885669,0.8942576524476901,0.8341748374109056,0.6040710515471772,0.4622721132405551,0.9409916832688838,1.0,0.842096241349388,0.3701504539552064,0.9278476365188169,0.6330968199034324,0.7440303427582716,0.5479180548963946,0.6166959431298566,0.8788214638354536,0.9498250345494668,0.5851960969362774,0.38208017067462574,0.4518383839404771,0.63814605032234,0.7016151458575187,0.6465526780857037,0.7648894562555317,0.5115145288572676,0.4732829847696566,0.5234115292578583,0.6597655660352658,0.658440732768564,0.960946127173946,0.8155105205563611,0.7030045412125677,0.2029452679534664,0.7781534300693973,0.688084812980322,0.7143240735210308,0.7023475257144595,0.9325694466107557,0.7679042485040626,0.664633103351792,0.5283530983648931,0.6049035727159109,0.6746609676658862,0.7363894605712108,0.4694847868145579,0.6175704782307521,0.868350243803366,0.7163442997203717
german,0.9441896888272155,0.6726400802880024,0.7185364260341257,0.7890299529109339,0.8092100586621048,0.813507411777949,0.933616474270146,0.6450687951051214,0.6059901422343407,0.8083858004210507,0.8172271408137466,0.9020760912251589,0.966984813052958,0.9258235373324832,0.7988611650322268,0.7466625402182365,0.9106644676957776,0.842096241349388,1.0,0.34862100644099814,0.9366542278480444,0.5836333425934311,0.788747288012658,0.6516468105003942,0.7578337699473465,0.9074613630083739,0.9138411845250233,0.581010618934438,0.5677159966849215,0.6167707889429772,0.8221157036262879,0.8176583548895959,0.7525808577187503,0.8857692225323833,0.736032437850352,0.7333550817858878,0.6464852668016223,0.7480679895718549,0.7840518163837811,0.8624279386491625,0.9012140172468298,0.8140475227209558,0.5215191238245247,0.8690853420262954,0.8126517158949066,0.8359676131297361,0.8431091931449269,0.9318983195989705,0.9122510080172748,0.6920743728858746,0.7182038691997734,0.7213540861212958,0.7771848683769127,0.7765251882386103,0.6959130783766548,0.7257913933398901,0.9242010406321367,0.789496089768847
gothic,0.30380255085197805,0.48873195310008294,0.16261435820120954,0.4530494353358776,0.39202639208952583,0.37811961889298795,0.35572340158335675,0.4345977616459032,0.3785665200305177,0.3561892191980838,0.36447781856928385,0.32881664307541786,0.3220858228604876,0.288608185235739,0.4155805647918564,0.23929743507469528,0.323117465752299,0.3701504539552064,0.34862100644099814,1.0,0.38426888934459236,0.20405427108366064,0.3634539391895584,0.11802990260501298,0.24475294126222807,0.4269109997564136,0.3163503444625316,0.24982377675478135,0.14609978356236486,0.29793062279334886,0.36539012631337275,0.48238882982572145,0.45251185087240653,0.22867702996999983,0.1385605594778422,0.18861581839603783,0.3836439876023381,0.2928280142609115,0.27359641666624807,0.40065260091802074,0.3824073449525239,0.40107541993209617,0.25799067837178663,0.27235671303644526,0.34749296079337566,0.37679034022208874,0.3778453826477505,0.3489914205396307,0.3327803489058785,0.5265557490359568,0.2740083348099191,0.29255723336301803,0.3826660377866373,0.3410942629949933,0.4046939763966689,0.2598817239380949,0.4293874090864042,0.24054482879856956
greek,0.9540239350325118,0.7306455312400514,0.6523233309333286,0.7912052954076387,0.7998159357601522,0.7888426881655511,0.9537499824202554,0.6485518500966261,0.4836727144870531,0.7722689973563516,0.797901673068547,0.8658914106904934,0.9663949345564328,0.9061090909948349,0.7528844437503199,0.6316218729342915,0.9427437060129706,0.9278476365188169,0.9366542278480444,0.38426888934459236,1.0,0.5774142012357355,0.7622593721588227,0.6439340703931451,0.6854551767542559,0.9173873177508908,0.951556197030331,0.5352884743102504,0.5167904527623465,0.5721963388140802,0.7705545809080868,0.8065191770926096,0.7514346500901582,0.8617581212401375,0.662615444980766,0.6153164776196892,0.5700088667948549,0.6978564336366206,0.7457803103981869,0.9341851410043784,0.8815088712294484,0.8008254991399468,0.337378305722473,0.8391859525616951,0.7791101189111242,0.8075185670623192,0.8130973484960956,0.957673030758972,0.8521483530930883,0.7380666964662442,0.6176083567207716,0.7008297395854769,0.7755742509557467,0.7348836673141105,0.6230049715633008,0.6611900624419056,0.9251227690990831,0.7794860976739103
hebrew,0.5862137201968842,0.7174003745320432,0.6008114575555182,0.5780777454948569,0.6470059236000321,0.6408278439208159,0.5781382715147854,0.5190906751486204,0.369196387369801,0.654684135446731,0.6427723861735893,0.6647713800612062,0.5854526573488517,0.6424236395569145,0.6185067193981321,0.5990198678119807,0.6105190732350158,0.6330968199034324,0.5836333425934311,0.20405427108366064,0.5774142012357355,1.0,0.6294309687377928,0.3704892986520255,0.5908819374427458,0.6208710611077549,0.6912579844201662,0.4922998555905788,0.5132552778522196,0.4552325408441409,0.6511945997808929,0.6225728011315367,0.6057944850827288,0.5689493728140179,0.5407246312932569,0.5776784101039488,0.4089138992179574,0.6233099078306938,0.6468090995736322,0.6501168824942996,0.6538843109780298,0.6581915858707896,0.28619302540922836,0.5853280827769172,0.6424777194222497,0.6492592092929614,0.6446739536819535,0.568396789397001,0.6635585578496412,0.6507102749021126,0.5593118801663163,0.6294829233312333,0.6377661410439082,0.5978349109633011,0.535235804113155,0.5175482514079707,0.6175177159627382,0.590280887757777
hindi,0.8355932309233035,0.8343597143514581,0.7265323759815212,0.7893320775740443,0.8988462233253727,0.9566828824372373,0.8373438896915122,0.7467849314258345,0.5383878149661127,0.9021351910731865,0.9027646949625119,0.9243624974184455,0.8212656793961381,0.9166311462931085,0.8039992822467031,0.7025772379020502,0.7958927105193774,0.7440303427582716,0.788747288012658,0.3634539391895584,0.7622593721588227,0.6294309687377928,1.0,0.4311016718384693,0.882304273835862,0.8998810343886569,0.8216765243580532,0.8614676911130043,0.5671468214971923,0.664407834004845,0.8520224613105697,0.8619396787212229,0.828428641395263,0.7236313354315345,0.6146239645185515,0.6650471637927803,0.6209603849775152,0.8451250020723854,0.8722863838910994,0.7989744244495124,0.933078573086126,0.9029590182079497,0.36181620067197323,0.7587973071238618,0.9056906167692953,0.9029844647342536,0.9009063392022617,0.8259266630837784,0.9059390358081963,0.7554472779826642,0.6710002645139257,0.7045734759729179,0.8718303073574664,0.9701342574992402,0.6988985617142992,0.8107374833562894,0.8798440680291246,0.6738246605969678
hungarian,0.6304734877945329,0.3138048658811547,0.5603737136643148,0.5647300964736094,0.48668895594012457,0.42828140364461215,0.6097607928280409,0.46618609969581803,0.3619656495851529,0.5033984108676295,0.4735414968972868,0.5630909604802787,0.6530851537327166,0.609662409303076,0.5114340570795861,0.5352646222993632,0.5894873112724355,0.5479180548963946,0.6516468105003942,0.11802990260501298,0.6439340703931451,0.3704892986520255,0.4311016718384693,1.0,0.5051390183970089,0.5353464959870999,0.5813905651465419,0.29421413519016104,0.36766067090541577,0.46725447513612905,0.5638077956412368,0.509269834001483,0.4935045915357551,0.6720550017495477,0.595616589540535,0.5350683199732529,0.3756755077352127,0.4392790529909307,0.5138067183536045,0.5418985205659133,0.5358728715601709,0.49215269339973633,0.31146922626430873,0.6860355679599711,0.4778878395312169,0.49723980725042594,0.4939446931634282,0.6063557352708939,0.5399536129035142,0.3913052791591628,0.5785569759872771,0.48590672725858647,0.5150545057460024,0.38704700963204264,0.4671793374132427,0.4847685662705,0.5944221143899912,0.6600375793969794
indonesian,0.7580402085595188,0.6649431506498896,0.7493667938036616,0.7519005308380862,0.8098745190839711,0.8102235909621199,0.7492903396249099,0.8000095020747164,0.5370053422895135,0.8361742101116512,0.8140917084239464,0.8382533252859391,0.7496081527430584,0.887415268482762,0.7899960122756293,0.7642113567495951,0.6976720274359207,0.6166959431298566,0.7578337699473465,0.24475294126222807,0.6854551767542559,0.5908819374427458,0.882304273835862,0.5051390183970089,1.0,0.7777097519592469,0.7229371731058644,0.8127323518872356,0.5796501075123468,0.802516838677765,0.8377777697470519,0.7893910934610158,0.7629489047550544,0.7229864168138341,0.6877499714927848,0.7113238350194382,0.5604169953697324,0.7537352197221271,0.8233804080005496,0.6647583073385839,0.8314294139565122,0.8231912208751212,0.39336094282084183,0.7302981157275531,0.8210765564386258,0.8191074748895063,0.8183123753515525,0.7395128418513804,0.8388817876315783,0.6711749694024921,0.7443567724824273,0.7232028719040238,0.8228367243272136,0.8581535827437409,0.7822539314830734,0.921200645561229,0.7825565456682639,0.6732823693405686
irish,0.9223367929484194,0.8390525990790053,0.6833955101850703,0.8170830539767979,0.9048818606406394,0.924074602724114,0.9501249336459264,0.7261026605070579,0.5594830606727352,0.873685889283797,0.8903953312651594,0.9490121362865345,0.9381118551718437,0.935547803938776,0.8224921260753068,0.6941464739192201,0.920336069999232,0.8788214638354536,0.9074613630083739,0.4269109997564136,0.9173873177508908,0.6208710611077549,0.8998810343886569,0.5353464959870999,0.7777097519592469,1.0,0.9246501482270568,0.6949451136898155,0.5606786428963112,0.5997477102479651,0.8509450068521034,0.8886487197154376,0.8408866621184476,0.8213965135482174,0.631166693324433,0.6683260566247112,0.6313273466514052,0.8227435068583908,0.8431963590506314,0.9134908611272208,0.9623147439963852,0.9034795874100628,0.3774129242898291,0.8622243704116316,0.8788195614264859,0.8986656499112885,0.8980983997770032,0.9441351516267976,0.9359081285532673,0.7922850300350579,0.6788421907445938,0.7271526191220318,0.8643449512358262,0.8728991187568961,0.6758639296008995,0.7455116214954058,0.9644451925367962,0.7490921032992953
italian,0.9415393057716206,0.7884267714548701,0.6311070472964988,0.7115533049283659,0.7986662490738753,0.8392350010959936,0.9543149969312344,0.5903590058606629,0.46833810382648483,0.7852256342125497,0.807143954456584,0.8910201475756488,0.9529035555431591,0.9252587663345918,0.7025124965411187,0.6083864395425007,0.9706731429920198,0.9498250345494668,0.9138411845250233,0.3163503444625316,0.951556197030331,0.6912579844201662,0.8216765243580532,0.5813905651465419,0.7229371731058644,0.9246501482270568,1.0,0.6303306741262762,0.503477342562638,0.5242292509413029,0.7584444340011315,0.7686905003838694,0.7123020463543265,0.8368510765315743,0.6168499044732991,0.5929316727790293,0.5439467490393013,0.7477581459222477,0.7705726161640775,0.9595844580676852,0.9031803704021403,0.7984959490869413,0.3093107033496641,0.8184055974668003,0.7952344458082015,0.8086608140302307,0.8143588252087868,0.9578008908020201,0.8778675243686778,0.6964357067173392,0.5738746564976825,0.6902953970267419,0.7574270083011714,0.8038828170544692,0.549371269370765,0.6900573192436613,0.9176766287974888,0.7443196518277323
japanese,0.5982157690166471,0.6166678312879258,0.5002924204992382,0.5745008749878585,0.6284718009366773,0.7357917917884994,0.6704142914104043,0.6322030056881904,0.3420416904282529,0.6308367985633903,0.6122477537768791,0.7239700398128255,0.625859594321585,0.7407153754337995,0.5639804538377493,0.4937278608571149,0.6252811573731498,0.5851960969362774,0.581010618934438,0.24982377675478135,0.5352884743102504,0.4922998555905788,0.8614676911130043,0.29421413519016104,0.8127323518872356,0.6949451136898155,0.6303306741262762,1.0,0.3550529661623902,0.5937718822983251,0.5937943133606797,0.5903234844793454,0.5693347600483767,0.528383245728226,0.3723546022001939,0.46572500263362776,0.4147577968002048,0.6637977808916715,0.6231153541329884,0.6043368321358478,0.7259343757086367,0.6444490787828304,0.19210908705408658,0.6098643392813471,0.6570455409849757,0.6178723537448753,0.6421167486702727,0.655308424642225,0.7064759326274791,0.5004750663355232,0.5569764635334369,0.481664734462377,0.6077527743209956,0.8958300029551642,0.5085708103190523,0.766213581564015,0.6771251686129156,0.5701233598962524
kazakh,0.5808742947718235,0.47892179751299263,0.8550365333302692,0.6349432636678869,0.6808003700400459,0.5753015428100242,0.4826709967707189,0.4397506798855544,0.3081913903062315,0.6860446823170395,0.6991997864005868,0.6630806088774055,0.562077470698993,0.6493909426715022,0.6961216904269695,0.8484499374917507,0.40301513420187857,0.38208017067462574,0.5677159966849215,0.14609978356236486,0.5167904527623465,0.5132552778522196,0.5671468214971923,0.36766067090541577,0.5796501075123468,0.5606786428963112,0.503477342562638,0.3550529661623902,1.0,0.5086158020426396,0.7073526265103195,0.6447281820549919,0.6135322279926807,0.6985717216891383,0.6931039550814282,0.8806774998400801,0.404663466144548,0.750448046493078,0.6869216246975891,0.3681748783887425,0.5982184090884025,0.7137554204332761,0.31144897006162003,0.5473273029247255,0.7035930026484408,0.6946691920165533,0.6662686110994642,0.4767013646502181,0.683061138812797,0.6063848395267117,0.6646618289050391,0.8926925780318736,0.6699839621674826,0.5618270971766891,0.5920203053933145,0.4493912264278658,0.57053079132206,0.5045140973685988
korean,0.5939461304099997,0.5447039659359205,0.6966668728387999,0.8053003613314315,0.6907784160352957,0.6063293712221802,0.5672445376535779,0.8309875006843629,0.6041267428841627,0.6933576450294033,0.6714593250518766,0.6457656849275537,0.5812664140610884,0.674065284590851,0.7724475107966259,0.7098107900634127,0.5016914412902937,0.4518383839404771,0.6167707889429772,0.29793062279334886,0.5721963388140802,0.4552325408441409,0.664407834004845,0.46725447513612905,0.802516838677765,0.5997477102479651,0.5242292509413029,0.5937718822983251,0.5086158020426396,1.0,0.7589630924693255,0.7416194204562399,0.7283681868150432,0.5956657660192901,0.6966144168751035,0.6299273896353895,0.5542056649124721,0.5610864307832447,0.6712494040889971,0.5043413311399586,0.6611805885405543,0.6856683341022055,0.5368969313597858,0.574134700280832,0.6945016528902015,0.6812562513593293,0.7114014830417836,0.555548148853745,0.6442566995465108,0.7076003042396778,0.7108454246829433,0.6520099897657996,0.7336458310174098,0.6201463971069446,0.810669427661664,0.7587268359764422,0.6629967365599388,0.6676743565743943
latin,0.8154864494104086,0.7672541942387343,0.8873794505139337,0.914087765661908,0.9419944601815443,0.8827934186109218,0.7749985203030394,0.8008113944626838,0.6149794815924298,0.9510428917103876,0.9420458609684501,0.9063382215855775,0.8103088795356704,0.8764823514070288,0.9489210948669028,0.8838943784893102,0.7210331081827327,0.63814605032234,0.8221157036262879,0.36539012631337275,0.7705545809080868,0.6511945997808929,0.8520224613105697,0.5638077956412368,0.8377777697470519,0.8509450068521034,0.7584444340011315,0.5937943133606797,0.7073526265103195,0.7589630924693255,1.0,0.9462584622723804,0.9421124575938575,0.7981192076715719,0.8025077176005293,0.8237738116930298,0.638338145183304,0.8055627919327837,0.9361279627169029,0.7060435716109754,0.9096884627659975,0.9543697442055898,0.5218354843514895,0.7963800894276702,0.9354173808843064,0.9473932410352935,0.9424229767774535,0.7589539644391171,0.9079010053455068,0.8498614013526595,0.8132758384991526,0.8022762747113723,0.948332568704445,0.7810317977579909,0.8331963032280196,0.732870409410778,0.8757054029081787,0.7472888041034114
latvian,0.8193623341866539,0.8578209816512871,0.7967341672127272,0.9480293172855241,0.9593690442470928,0.9040491713001058,0.8030178864118113,0.852301276335146,0.6601533989168453,0.9468689678363164,0.9378347607295175,0.899037402278343,0.809695945040543,0.8491110527524832,0.9450371444483878,0.8075065419081162,0.7412024246223589,0.7016151458575187,0.8176583548895959,0.48238882982572145,0.8065191770926096,0.6225728011315367,0.8619396787212229,0.509269834001483,0.7893910934610158,0.8886487197154376,0.7686905003838694,0.5903234844793454,0.6447281820549919,0.7416194204562399,0.9462584622723804,1.0,0.9558429792583377,0.7525204159264297,0.7524777109107484,0.7580151852172318,0.73572102705328,0.789651347325655,0.8950150012611953,0.7707165941308316,0.9211529074107958,0.9607823332241345,0.5073474513007799,0.7592766511945929,0.9373613034452795,0.9500332901507548,0.9527154255605644,0.7905732311625236,0.8913809663576433,0.9280444070783264,0.789643485708966,0.7926058844911631,0.9469713483188075,0.796106882979217,0.8578281043861417,0.7110724866416084,0.8944438318662042,0.7206564359411908
lithuanian,0.7536229751924473,0.8454656888450498,0.7811599193370566,0.9193106090982744,0.9311562195277009,0.8649209893780148,0.7435548307218272,0.83734658603825,0.5886093152699803,0.9150761719759171,0.9168472883312587,0.8474346878787293,0.7464713924604633,0.8038234904315543,0.9211528684957583,0.7797866106054747,0.7051664954903453,0.6465526780857037,0.7525808577187503,0.45251185087240653,0.7514346500901582,0.6057944850827288,0.828428641395263,0.4935045915357551,0.7629489047550544,0.8408866621184476,0.7123020463543265,0.5693347600483767,0.6135322279926807,0.7283681868150432,0.9421124575938575,0.9558429792583377,1.0,0.7062195403487446,0.6900688103947542,0.7090738792728006,0.6399023414719524,0.755225819437046,0.8906278393362804,0.7227751858245272,0.8763228737471574,0.9348345724524177,0.4575394826776921,0.7355257238375875,0.8969761274551985,0.9228580249272759,0.910062699157651,0.7264399621040224,0.8315507466561788,0.9011111957207333,0.7483906493342857,0.7572642862038201,0.9412813204283993,0.7420304980977341,0.8339896753934453,0.6632878714666902,0.8547741661421007,0.6799258390175734
maltese,0.8835042853095507,0.5902971045283413,0.805857422352711,0.7461951983437295,0.7596200477892142,0.7372058399894784,0.8597008175916101,0.6115459102708214,0.5059276742511091,0.7646944999786025,0.7741323181931589,0.8639812789962226,0.9010873023208762,0.8885356008573218,0.7461360848828875,0.7884647729479274,0.8241898068033102,0.7648894562555317,0.8857692225323833,0.22867702996999983,0.8617581212401375,0.5689493728140179,0.7236313354315345,0.6720550017495477,0.7229864168138341,0.8213965135482174,0.8368510765315743,0.528383245728226,0.6985717216891383,0.5956657660192901,0.7981192076715719,0.7525204159264297,0.7062195403487446,1.0,0.7686777785958411,0.8041297937306473,0.5727045998662887,0.8089544534599549,0.7713372740667899,0.7667943308991539,0.8233385140014285,0.7649019591602005,0.4194249121607981,0.8467491230664949,0.7733784960777167,0.7872668080778209,0.7810864830391365,0.8573398198271787,0.8579118576079338,0.6177042879889465,0.7186676245554874,0.8195963723399254,0.7452712070287508,0.7044322665897813,0.6368023546990307,0.6754311011640708,0.8525871514449577,0.786147114017074
marathi,0.7450527253427132,0.5229632431668304,0.8735626270312775,0.7735797862366808,0.7481441611735214,0.6609966017047013,0.6451086754563411,0.6436603782571991,0.648463570036664,0.7677305594191008,0.7760585701405902,0.7670700808124511,0.7183315448709626,0.7369105293174449,0.7691938473238276,0.8203236203004898,0.5818269327782921,0.5115145288572676,0.736032437850352,0.1385605594778422,0.662615444980766,0.5407246312932569,0.6146239645185515,0.595616589540535,0.6877499714927848,0.631166693324433,0.6168499044732991,0.3723546022001939,0.6931039550814282,0.6966144168751035,0.8025077176005293,0.7524777109107484,0.6900688103947542,0.7686777785958411,1.0,0.8699272447662988,0.7403043579832956,0.6529253723377644,0.7723378853780838,0.5476399483881842,0.7052117381505391,0.7324701818340911,0.6023546526003443,0.6910277208565571,0.7864915363766586,0.7951758864552545,0.7750255845200456,0.6447162696877476,0.7702848713317338,0.6516200441058133,0.8216769725538342,0.7413370866799993,0.7325006731825084,0.600607451266226,0.7504640098961524,0.6123767493369634,0.6555579626749707,0.7451097257111844
north_sami,0.6994656809832791,0.5279681715180882,0.9217532337018449,0.7618044759394121,0.753881477183023,0.6756706715024087,0.6144652982133032,0.6133496833488559,0.5865229955039466,0.778691877239765,0.770371155291637,0.80684233182269,0.7043354545668407,0.7507508310409812,0.8153898665262319,0.9555252875947129,0.5362130616269523,0.4732829847696566,0.7333550817858878,0.18861581839603783,0.6153164776196892,0.5776784101039488,0.6650471637927803,0.5350683199732529,0.7113238350194382,0.6683260566247112,0.5929316727790293,0.46572500263362776,0.8806774998400801,0.6299273896353895,0.8237738116930298,0.7580151852172318,0.7090738792728006,0.8041297937306473,0.8699272447662988,1.0,0.6492011810917365,0.8098914448935396,0.7679790599341638,0.48484298916241697,0.7170904950769975,0.7691592336411012,0.5779521219043013,0.7215375890049286,0.7871653328231458,0.792412934920889,0.774350620980254,0.6028271151328929,0.8246575025597218,0.6466355827513033,0.8699049922064732,0.8792659504027749,0.734166584685446,0.6650139246066211,0.7571253498741282,0.6314635992194101,0.6955387135509666,0.7369752232117129
