,afrikaans,arabic,armenian,basque,belarusian,bulgarian,catalan,chinese,classical_chinese,croatian,czech,danish,dutch,english,estonian,finnish,french,galician,german,gothic,greek,hebrew,hindi,hungarian,indonesian,irish,italian,japanese,kazakh,korean,latin,latvian,lithuanian,maltese,marathi,north_sami,old_church_slavonic,persian,polish,portuguese,romanian,russian,sanskrit,scottish_gaelic,serbian,slovak,slovenian,spanish,swedish,tamil,telugu,turkish,ukrainian,urdu,uyghur,vietnamese,welsh,wolof
afrikaans,1.0,0.7495521544481694,0.4118781602006493,0.6978893096869192,0.8500476749237669,0.9123305379856772,0.9273785003410508,0.5665619283157659,0,0.9063656370178802,0.8863936191307903,0.8980262113917442,0.9451164220999546,0.889487743942294,0.6780450594122682,0.5924074751002011,0.9015679955981558,0.890319795780039,0.9330198878174936,0.4282185473240745,0.8637253948320424,0.5616633113369807,0.743054087764948,0.5000002520409209,0.7413179990509167,0.7730108938655645,0.9177559746198183,0.6111868186820979,0.5476649419288767,0.4105443680992562,0.4418805839768866,0.773767594898684,0.6503045392665895,0,0.58981115606042,0.4703892741618959,0.6476322036983414,0.7049432299501143,0.8329828817959757,0.891250923959173,0.8869726982686966,0.8540817603269557,0.20589284368787727,0.7600736646210468,0.8764037411688664,0.8725436651121851,0.8561349880302882,0.940719316862915,0.8728075092814495,0.5490874839365181,0.6427551301575305,0.5334543876933435,0.8249652780454486,0.7755234983749343,0.35382629402986143,0.6463982317245803,0.8747719692982223,0
arabic,0.7495521544481694,1.0,0.34520559704637027,0.7484663684156776,0.8837058477819472,0.8688199663803545,0.6644922733010018,0.6724340896753622,0,0.7813963991258019,0.8485909334462839,0.7476273238893947,0.7256845736825666,0.6868564210423026,0.7143155396820898,0.504924450393185,0.7453067493944179,0.8391988836023242,0.7148179271508057,0.6624002517563928,0.6795168343587702,0.7215824994856453,0.7555679130628012,0.29906564128242147,0.6299578939065588,0.7670208846492487,0.7790686333595643,0.5484305168742997,0.43970111419292884,0.3746314252602058,0.4268807380176432,0.8576239214637694,0.802041876943292,0,0.44884787575424273,0.3652510824144203,0.6233779521986512,0.6215107908288526,0.7911290519916713,0.843883460479935,0.7731417403982933,0.863832325442529,0.16792041090837423,0.6027157189370905,0.8171628723621461,0.8696002309285061,0.7862499234148347,0.7269559780967515,0.7421050411888778,0.803961097104272,0.5908484958018818,0.5159719273878013,0.8591060868390438,0.7147966877998893,0.442728744888757,0.5600446192945066,0.8351789529600767,0
armenian,0.4118781602006493,0.34520559704637027,1.0,0.6518374025858811,0.5337454814452185,0.4098181886272341,0.5302794670681524,0.4449357435378095,0,0.538038705488845,0.6141344111527048,0.660907135263154,0.521182472978074,0.591708276726782,0.7343991911076848,0.6816920549742544,0.37134684899687537,0.27222834665442003,0.5108621198820937,0.10237666363430117,0.555196317550052,0.35560651188267134,0.30451345324074847,0.49496571918721505,0.688658167846214,0.6464613150298322,0.4202481368634218,0.28949214386439537,0.7809837788166036,0.5031673691975738,0.7102866385605096,0.5206018981205063,0.6685966036390155,0,0.5984101858709131,0.790818209224408,0.20640288664498382,0.6769516975340337,0.6366590398182715,0.3913798698692592,0.5950376367139304,0.5767625753515081,0.1414603313947912,0.431045923926218,0.575122942683311,0.5714048651391587,0.5636791971966196,0.43294541496316874,0.48174386319668216,0.4953437909544357,0.43408804222386627,0.7195274010667503,0.6013043305872725,0.36055295409227667,0.4382764456400675,0.47525410252279265,0.49385109088029533,0
basque,0.6978893096869192,0.7484663684156776,0.6518374025858811,1.0,0.8484793040286189,0.7334924128999347,0.7062237898842457,0.7666615397197363,0,0.8264598027498378,0.8353669006152584,0.788660876499948,0.7223413054698588,0.7198953889331808,0.8885114797319436,0.7153320882251867,0.6049940112304387,0.6488917329183579,0.7347461572519413,0.6568097003427217,0.7455350078146264,0.459227371775251,0.6450437133326963,0.4822607430414622,0.7063583469508045,0.800178378630904,0.6570161596539107,0.5236619493004172,0.6067724221842743,0.6018954180466484,0.5961456718253193,0.8829247989711498,0.8960803451941411,0,0.6613614636261096,0.6507326833931273,0.5666160624524277,0.6037131729718064,0.7972167487375776,0.6873617167091051,0.812425856796863,0.8310283699224977,0.26257448706911596,0.585798821542702,0.8702978290117207,0.838717497900752,0.8812261965869482,0.6688034839952822,0.7353841251895499,0.846241679828719,0.5796290266551068,0.650732817132405,0.8748849511415174,0.6524888041387554,0.5742554969618614,0.6199890078143905,0.8073686308704131,0
belarusian,0.8500476749237669,0.8837058477819472,0.5337454814452185,0.8484793040286189,1.0,0.934884470046672,0.7614158119760983,0.7085368140952462,0,0.9109705615893257,0.9654904292699762,0.8695599664681138,0.8289369118418223,0.8057656333243026,0.8387163449712994,0.6583362775048157,0.7604848900913596,0.798878167182551,0.8330235374471489,0.6247668933858121,0.7709896352066139,0.5684442740996399,0.7781975949811032,0.4263197121648688,0.731444601540385,0.854416522660637,0.7781190784580354,0.5546930431516618,0.6572531805950946,0.4943996596046285,0.569161798629915,0.9465210570628196,0.8632170788953104,0,0.6436421124226817,0.5412784724748149,0.6889909997910753,0.6974925008552427,0.9075962964760486,0.8241975805606896,0.8392741299704971,0.9551032914323555,0.2649974193903131,0.6787394429209316,0.9070683312159363,0.9740120086744366,0.8981602275454627,0.793076641093957,0.8327082322396534,0.8204960033776671,0.6594066225710576,0.5894860220937777,0.9823300528865075,0.7734322659100004,0.5417282954720227,0.6441637206080734,0.915534714256911,0
bulgarian,0.9123305379856772,0.8688199663803545,0.4098181886272341,0.7334924128999347,0.934884470046672,1.0,0.8307121262942921,0.6305702169145038,0,0.917650641017858,0.9345688466957993,0.8997573227618402,0.8772438629850977,0.8428298578177521,0.7258844575973693,0.5770922683171772,0.8245049840256347,0.8455514532179494,0.8514896573061237,0.520748337764517,0.7331984224211815,0.5959334578936812,0.8252330168241752,0.3810544779248854,0.772575820115569,0.8440740937264479,0.8315109383856145,0.6642509036440317,0.5462311463723046,0.42074090610443443,0.46127817343032895,0.8539910726260911,0.7361161159196778,0,0.5558181402148133,0.4578425533564449,0.6923215177731474,0.746897286236668,0.9099974433912253,0.8691802152041666,0.8832161924981321,0.9313596841511904,0.22905076962713067,0.7389309137927776,0.9123897782583238,0.9351907294560267,0.8794746542445946,0.8817580896413642,0.8746296803879937,0.6657775212344533,0.694893801452239,0.5561208529716765,0.9054195057948652,0.8352413078730528,0.4184744005513519,0.6532940052929254,0.8922317908468411,0
catalan,0.9273785003410508,0.6644922733010018,0.5302794670681524,0.7062237898842457,0.7614158119760983,0.8307121262942921,1.0,0.5984393474595272,0,0.8440080505113747,0.8267745167817029,0.9112532000575383,0.9712294714937276,0.9217092969508256,0.6884109822237373,0.5844569719930542,0.9208895978686437,0.8576621462002125,0.9420271899822374,0.3424340476353799,0.9080072419808379,0.5365394808591176,0.7041760144282819,0.593006045058663,0.8066379105222891,0.8014189832845213,0.9284768693799049,0.6420635837185614,0.5119057497149511,0.48469935756721844,0.4860345639214413,0.693216508205234,0.6413596507918176,0,0.585066391325475,0.5496337480137345,0.5377338929028762,0.7064311833104453,0.8250288899290047,0.9004050564814892,0.9194192912096484,0.793046874934517,0.21218672728012533,0.7802824336841983,0.8440522823112208,0.799637384357292,0.800823080666101,0.9775245394314437,0.8476661702832907,0.5088790480309998,0.624645141618032,0.6145491239473341,0.7636637882020465,0.7449784988563084,0.3901952886249276,0.687548741951519,0.838529574481064,0
chinese,0.5665619283157659,0.6724340896753622,0.4449357435378095,0.7666615397197363,0.7085368140952462,0.6305702169145038,0.5984393474595272,1.0,0,0.6725789370503601,0.7017741602667821,0.643592799439011,0.629864154032675,0.7323365629055946,0.6888767822505406,0.5750425982569679,0.5636969721996505,0.5943060161290209,0.6224517758315565,0.546150976343233,0.5935660648443389,0.4017004797454048,0.7570884897988577,0.4044680709454635,0.6846692840314121,0.660762580968274,0.5629526930692151,0.6394075800606263,0.41180144114331396,0.7748827183162464,0.4453388527217545,0.7333181484644133,0.7459921241581216,0,0.5666070768169306,0.4734374629231698,0.5070955596675208,0.47145299799426343,0.6314136587538718,0.6387127801727889,0.6769229393318837,0.7011293308327521,0.2174607997199426,0.4704733195861352,0.6825656184530623,0.7248577807142725,0.7169248896075197,0.6130137246868684,0.6829034763963565,0.7486339560125645,0.5730519902386759,0.5208896990244527,0.7399409794633777,0.7075171574483201,0.4691258875840987,0.81689967176801,0.6956096663717692,0
classical_chinese,0.0,0.0,0.0,0.0,0.0,0.0,0.0,0.0,0,0.0,0.0,0.0,0.0,0.0,0.0,0.0,0.0,0.0,0.0,0.0,0.0,0.0,0.0,0.0,0.0,0.0,0.0,0.0,0.0,0.0,0.0,0.0,0.0,0,0.0,0.0,0.0,0.0,0.0,0.0,0.0,0.0,0.0,0.0,0.0,0.0,0.0,0.0,0.0,0.0,0.0,0.0,0.0,0.0,0.0,0.0,0.0,0
croatian,0.9063656370178802,0.7813963991258019,0.538038705488845,0.8264598027498378,0.9109705615893257,0.917650641017858,0.8440080505113747,0.6725789370503601,0,1.0,0.9409706714874088,0.9250100058179629,0.8791987026613763,0.8727302824486136,0.8167167364241213,0.7319182174708411,0.758087606274306,0.7493348209393476,0.8741007149928822,0.4991259416142164,0.766331762148082,0.5874867833786481,0.7571698217335711,0.4633505229098149,0.8137064663018132,0.8164422559452131,0.8015525291203814,0.6512565737965993,0.6573411345364816,0.5441237498437004,0.5263911436553492,0.8610087474554187,0.7474086776755738,0,0.713496803019994,0.6300791114177926,0.7089409105026797,0.7460861348609982,0.8971445794414098,0.776563989859083,0.891015916932177,0.9138188445648298,0.2770947183519727,0.7501640828524746,0.9647631394961804,0.9253033390165227,0.961127879151595,0.845757020949691,0.9026800733137597,0.6343340747232703,0.7149600408322646,0.6247098911988345,0.8999674115602411,0.8118323335466943,0.4657732452852044,0.7029436016313368,0.8893503200928105,0
czech,0.8863936191307903,0.8485909334462839,0.6141344111527048,0.8353669006152584,0.9654904292699762,0.9345688466957993,0.8267745167817029,0.7017741602667821,0,0.9409706714874088,1.0,0.9326407115782117,0.8829897357890493,0.8767001056833827,0.8532670029558724,0.7234447740615191,0.7937849264150862,0.7821845903387488,0.8711713241394838,0.516001966525622,0.7962999827581423,0.6049021234350207,0.7564861069753451,0.4928547834087637,0.824200792284118,0.8734413706105777,0.8148787193219255,0.5887696237157161,0.699806147400538,0.5222654136140679,0.610767824265275,0.9081560334839077,0.8645368965555464,0,0.7013495573871182,0.6226507256530696,0.683221416061347,0.7651009019567923,0.9471281665239072,0.8239329698918237,0.8903676541394531,0.9647887687467678,0.25617158266955686,0.7463674150477702,0.9307320098375214,0.9922581368567975,0.9252495637616196,0.8433327652039718,0.8924418920969878,0.7367147363023021,0.7157346424677808,0.6377212509801972,0.9618798169049874,0.7849827869324678,0.5019680045573364,0.7037978291531931,0.9122893500069358,0
danish,0.8980262113917442,0.7476273238893947,0.660907135263154,0.788660876499948,0.8695599664681138,0.8997573227618402,0.9112532000575383,0.643592799439011,0,0.9250100058179629,0.9326407115782117,1.0,0.9434090655390044,0.9181617996657506,0.8441686689648971,0.7485135617831797,0.8085063802666144,0.7725956895911036,0.9022090286301063,0.4264219484016555,0.8274946852132566,0.6052562960420559,0.7389385395485153,0.5441978672585566,0.8978878841370603,0.895370941957383,0.8385748674350193,0.6315411634467383,0.671914777140313,0.5032430226250737,0.544171616947582,0.8133501701842584,0.7717023487853527,0,0.729586051939187,0.7368708573477047,0.6781973609649056,0.8396744811921834,0.9321353456293072,0.8261298225476479,0.9399880243108812,0.904387676595538,0.3394341539879497,0.809704937332114,0.9475699690792092,0.9097084772624359,0.8959687447240204,0.9025735669509286,0.9231486197365001,0.6193311841273272,0.7676457861462292,0.7627165324302964,0.8673171953011704,0.7854043437223608,0.5154099803913565,0.7002062891515861,0.87444317406778,0
dutch,0.9451164220999546,0.7256845736825666,0.521182472978074,0.7223413054698588,0.8289369118418223,0.8772438629850977,0.9712294714937276,0.629864154032675,0,0.8791987026613763,0.8829897357890493,0.9434090655390044,1.0,0.9345037351118093,0.7360506665515266,0.6560424667222685,0.9250882297785499,0.8749016926769775,0.9649699745652991,0.42958402791221695,0.9121898529099649,0.5787385890572823,0.7276663388888062,0.5796613058471952,0.8063370804998257,0.8334318597514457,0.9342430795399794,0.6116457534171251,0.5803165861683031,0.4575980972954558,0.49714164162979596,0.7740909033383438,0.70039815411698,0,0.6447742415117105,0.5856635801204242,0.6276210439816501,0.7491328296074629,0.8646494927846953,0.9093389472141109,0.9265201768207203,0.8582064826716996,0.2779274442505694,0.8130233656602307,0.8811275798348296,0.866483869886022,0.8424031044586151,0.9729082263623219,0.9176498636543862,0.5783363844474605,0.6976707883432783,0.6396969066668216,0.8200624127476821,0.7554354066778202,0.4451665635076492,0.6896844587073095,0.8788123174179957,0
english,0.889487743942294,0.6868564210423026,0.591708276726782,0.7198953889331808,0.8057656333243026,0.8428298578177521,0.9217092969508256,0.7323365629055946,0,0.8727302824486136,0.8767001056833827,0.9181617996657506,0.9345037351118093,1.0,0.7115426647918819,0.7225197754469856,0.8487152730021351,0.7869051450377499,0.9040307483556467,0.3529010479868207,0.8259127240409235,0.5879588407208036,0.826057056720323,0.5837670662258561,0.8839672788764644,0.8311334468713891,0.8719818028131058,0.7729354050550653,0.6562453797658222,0.6688509682842083,0.5404254438704987,0.7496308634401144,0.7024374058063807,0,0.6800582877156764,0.6236308122810443,0.5843575164487076,0.7779857817323709,0.866329507900005,0.8257628005894802,0.878000190660043,0.8581006530420576,0.2417824562114681,0.7933309786356609,0.8527932604674858,0.8584600293842932,0.8431974515945357,0.9190838461000274,0.9094698543504758,0.539262860615199,0.7854078696066299,0.653400831957305,0.8148211105438298,0.8723514966471833,0.41707964375845596,0.8544927245311662,0.8367024025819243,0
estonian,0.6780450594122682,0.7143155396820898,0.7343991911076848,0.8885114797319436,0.8387163449712994,0.7258844575973693,0.6884109822237373,0.6888767822505406,0,0.8167167364241213,0.8532670029558724,0.8441686689648971,0.7360506665515266,0.7115426647918819,1.0,0.7417784532670838,0.5628527279466844,0.5943235960052129,0.7396694936537609,0.6283527332824506,0.7597598568569808,0.4698899830368454,0.6015824148596591,0.44819783219416787,0.7983678859308095,0.801575714114168,0.6186139122631565,0.4136337448540849,0.65265255969772,0.5583609080366707,0.577090628250907,0.8649769486861987,0.8681843552044901,0,0.659285750114967,0.7614318550106687,0.5818622573077902,0.6863291719455232,0.8244046285486029,0.6402012787602668,0.8116808690224467,0.8404407342159383,0.31556515096414844,0.6151599607160569,0.8737040030206116,0.8377987620240657,0.8129988125646446,0.6605501194496044,0.7280472829447483,0.7812869885042606,0.6146189979233665,0.8027936646800341,0.8522639830031182,0.608035909822235,0.5910086472203949,0.5881595518150067,0.7834917339095959,0
finnish,0.5924074751002011,0.504924450393185,0.6816920549742544,0.7153320882251867,0.6583362775048157,0.5770922683171772,0.5844569719930542,0.5750425982569679,0,0.7319182174708411,0.7234447740615191,0.7485135617831797,0.6560424667222685,0.7225197754469856,0.7417784532670838,1.0,0.46569335059164785,0.41595560330319076,0.667078293353338,0.4161257720515498,0.5646373753545519,0.5099149736842193,0.47459763858113924,0.532628158598732,0.7093062033607176,0.726667031346153,0.5280670825459328,0.405498036807319,0.8485175671679366,0.549240811623378,0.5549041563178181,0.6991021572049106,0.6803725573502976,0,0.7889891756367944,0.865754860374796,0.582319271797791,0.7929612454923628,0.7123516345522195,0.4443354660844287,0.6289634454837498,0.717434493878484,0.41218549405482163,0.6570682369793754,0.7289009215239941,0.7037921589031614,0.7525176976028436,0.5557009327159536,0.8061916730745732,0.48180803315911586,0.7002808817136508,0.753466867220196,0.6839209546792623,0.5616012885576953,0.4983604605460027,0.636420930845165,0.6740958285050536,0
french,0.9015679955981558,0.7453067493944179,0.37134684899687537,0.6049940112304387,0.7604848900913596,0.8245049840256347,0.9208895978686437,0.5636969721996505,0,0.758087606274306,0.7937849264150862,0.8085063802666144,0.9250882297785499,0.8487152730021351,0.5628527279466844,0.46569335059164785,1.0,0.9359866990888537,0.9262867062561839,0.36453268357298796,0.8876534871255397,0.6022996386432777,0.6859580353375122,0.5414552464810367,0.654964267964444,0.760521539104103,0.971739781640616,0.565607860533953,0.43469231080800547,0.35551440128843076,0.42012635910075524,0.7039899601280588,0.6289510648496907,0,0.4810429561066772,0.3558567976562592,0.509407957855407,0.6182234624259663,0.7551401061350541,0.9592274176340372,0.8401748277518875,0.779063280841619,0.15378867342541117,0.6997821111283411,0.7443801417273247,0.7913578824825982,0.7327290155118308,0.9385252927834229,0.7919472175200788,0.5533108258867082,0.5631522862502955,0.45301109419633756,0.7582723086667148,0.6806354990948328,0.3542116728844816,0.6058871779151904,0.8589909782002269,0
galician,0.890319795780039,0.8391988836023242,0.27222834665442003,0.6488917329183579,0.798878167182551,0.8455514532179494,0.8576621462002125,0.5943060161290209,0,0.7493348209393476,0.7821845903387488,0.7725956895911036,0.8749016926769775,0.7869051450377499,0.5943235960052129,0.41595560330319076,0.9359866990888537,1.0,0.8664635110409548,0.5349503721133599,0.8728250632034721,0.6138549156321675,0.7350953719940355,0.43518683622779053,0.6032104236664707,0.7193101365476173,0.9404915852061123,0.5555326525562846,0.3692882756309644,0.33190996731076977,0.2924969692369137,0.7461385603374026,0.6423676135201173,0,0.426238854691969,0.3003412773628496,0.5308006299356425,0.5774877263445032,0.7308789979513909,0.9706592985513465,0.8188682654249507,0.7810185370224879,0.15351008841205266,0.6386492024373186,0.7613487162809981,0.799250223488759,0.7255036110946403,0.9047919976787718,0.7530419942466842,0.6530946721590514,0.5427731316267519,0.467497633350477,0.7688853390777819,0.6959944492052136,0.3745803896629364,0.5617633514997188,0.8510185742699791,0
german,0.9330198878174936,0.7148179271508057,0.5108621198820937,0.7347461572519413,0.8330235374471489,0.8514896573061237,0.9420271899822374,0.6224517758315565,0,0.8741007149928822,0.8711713241394838,0.9022090286301063,0.9649699745652991,0.9040307483556467,0.7396694936537609,0.667078293353338,0.9262867062561839,0.8664635110409548,1.0,0.471730173545452,0.9222791433462807,0.5682978142778893,0.7027296022340291,0.5994611666869338,0.7765950878019547,0.8496738176685298,0.933130858600268,0.5692755246518147,0.5798616134354698,0.46588736337423914,0.49226649680043616,0.8158448826234292,0.7095066475523495,0,0.6310190766568664,0.5659603180533479,0.5901945323837744,0.7005639284570763,0.843954240006461,0.8885072141879619,0.8941430417900987,0.8686636716123495,0.24830191692672482,0.7769534781051137,0.8612662186807014,0.8569907313272692,0.8426166030777791,0.9416839710645699,0.8818344374128362,0.6011343750771062,0.6802133438589586,0.6022115136824022,0.8401965909553281,0.7251488806397293,0.45157436735350537,0.6695851107675062,0.9185952004424356,0
gothic,0.4282185473240745,0.6624002517563928,0.10237666363430117,0.6568097003427217,0.6247668933858121,0.520748337764517,0.3424340476353799,0.546150976343233,0,0.4991259416142164,0.516001966525622,0.4264219484016555,0.42958402791221695,0.3529010479868207,0.6283527332824506,0.4161257720515498,0.36453268357298796,0.5349503721133599,0.471730173545452,1.0,0.4935601925902295,0.28195809543760136,0.5406930675425666,0.12880112427582094,0.34707446127341224,0.4935610138180095,0.3991769678648291,0.28890142887399073,0.2282228434959854,0.31333789847238375,0.16498840796953576,0.7136423837424613,0.6539035434510155,0,0.24675329292709963,0.2867589216692458,0.4525025112938852,0.31405320942703735,0.47711377538159383,0.4727611232201498,0.4858698312009074,0.5999093771017061,0.3265986323710904,0.3579070857520291,0.58770466902568,0.5614880935783416,0.5389020455652469,0.3960002366685433,0.4768658975780568,0.7474201861559312,0.4584815307181542,0.45774904131351385,0.585822427261012,0.4619951128048214,0.4844813951249544,0.32601095392765644,0.5837388483863636,0
greek,0.8637253948320424,0.6795168343587702,0.555196317550052,0.7455350078146264,0.7709896352066139,0.7331984224211815,0.9080072419808379,0.5935660648443389,0,0.766331762148082,0.7962999827581423,0.8274946852132566,0.9121898529099649,0.8259127240409235,0.7597598568569808,0.5646373753545519,0.8876534871255397,0.8728250632034721,0.9222791433462807,0.4935601925902295,1.0,0.4976405190411578,0.6106968817461064,0.5900717059874032,0.685190470348348,0.7405559001385096,0.9081807061167217,0.44450617942524895,0.5332106154964149,0.43939713776184025,0.46940612283643995,0.7629168869515982,0.720825477937099,0,0.5557119570313946,0.5325460351219112,0.48998914077816114,0.6083532954419665,0.7415068208579078,0.8864977367816995,0.8523786326569193,0.77132137943223,0.20598451087216435,0.6601074229208355,0.7828789201648441,0.7865382819254632,0.7431666348619892,0.8793705369008847,0.7410461131785485,0.660382146320296,0.5352460405464954,0.6229159243502002,0.7763215704685346,0.6026392646665831,0.4609323894226199,0.567591136770561,0.8320188403023295,0
hebrew,0.5616633113369807,0.7215824994856453,0.35560651188267134,0.459227371775251,0.5684442740996399,0.5959334578936812,0.5365394808591176,0.4017004797454048,0,0.5874867833786481,0.6049021234350207,0.6052562960420559,0.5787385890572823,0.5879588407208036,0.4698899830368454,0.5099149736842193,0.6022996386432777,0.6138549156321675,0.5682978142778893,0.28195809543760136,0.4976405190411578,1.0,0.5002460591503203,0.31258204376122817,0.5357658669156664,0.5838670606710165,0.6938802932466542,0.4479372064519889,0.4716351224388044,0.2975724350558159,0.34164314507359345,0.5362764763779423,0.4777013857778999,0,0.46354588802317465,0.4094666068596323,0.41597641712453587,0.5772409639968203,0.6071119882813549,0.6219241653752661,0.5532033030452695,0.6103721813353202,0.16952746130652468,0.5410935861073681,0.5822519601740967,0.5934358419060948,0.579542259582029,0.560255578756954,0.6229046217797718,0.3935183668107015,0.5457275963500449,0.45454759214541957,0.5665194762287636,0.5385455012061083,0.28092967072954056,0.4673361019956054,0.6227579927413661,0
hindi,0.743054087764948,0.7555679130628012,0.30451345324074847,0.6450437133326963,0.7781975949811032,0.8252330168241752,0.7041760144282819,0.7570884897988577,0,0.7571698217335711,0.7564861069753451,0.7389385395485153,0.7276663388888062,0.826057056720323,0.6015824148596591,0.47459763858113924,0.6859580353375122,0.7350953719940355,0.7027296022340291,0.5406930675425666,0.6106968817461064,0.5002460591503203,1.0,0.30070673798668934,0.7423228975614639,0.7322544256553393,0.6996025969195137,0.8887967598935747,0.3960031645762689,0.6599032826129425,0.3224198550508667,0.7364500319378351,0.6517819078813495,0,0.42004058090542296,0.3696698109666122,0.563630284874094,0.6039337508619457,0.7556144230069913,0.735874058779873,0.7469149704458002,0.7897854546694965,0.2474930229735409,0.6176344566367559,0.7743496270647129,0.7733979054638214,0.7389342312462766,0.7467778427685786,0.7377222937508758,0.6117803356002273,0.7512054098654859,0.5274737539021946,0.7510488648067278,0.9638236062875252,0.42132740063220425,0.8048586959395038,0.7583163180115692,0
hungarian,0.5000002520409209,0.29906564128242147,0.49496571918721505,0.4822607430414622,0.4263197121648688,0.3810544779248854,0.593006045058663,0.4044680709454635,0,0.4633505229098149,0.4928547834087637,0.5441978672585566,0.5796613058471952,0.5837670662258561,0.44819783219416787,0.532628158598732,0.5414552464810367,0.43518683622779053,0.5994611666869338,0.12880112427582094,0.5900717059874032,0.31258204376122817,0.30070673798668934,1.0,0.49167049460641676,0.5405254366326394,0.5416613723278751,0.26405229418250603,0.43816397038264904,0.37811630831538734,0.4679920672532127,0.4413386316927019,0.4691200172809073,0,0.5678560600973075,0.5146103900132616,0.3401340593173004,0.39132149533349025,0.48778599932375283,0.4833953810364731,0.49554814471423386,0.45897200324669063,0.2664197165634992,0.49534905605224655,0.4584377419587991,0.47422081090130136,0.4829650135335926,0.5368659852053681,0.5361642535001054,0.31614119796747003,0.4089591944443767,0.40013125926067145,0.4704078617364887,0.3551265296932391,0.37405492477902347,0.469303765172512,0.5094761476041474,0
indonesian,0.7413179990509167,0.6299578939065588,0.688658167846214,0.7063583469508045,0.731444601540385,0.772575820115569,0.8066379105222891,0.6846692840314121,0,0.8137064663018132,0.824200792284118,0.8978878841370603,0.8063370804998257,0.8839672788764644,0.7983678859308095,0.7093062033607176,0.654964267964444,0.6032104236664707,0.7765950878019547,0.34707446127341224,0.685190470348348,0.5357658669156664,0.7423228975614639,0.49167049460641676,1.0,0.821922010851794,0.693387830854081,0.7119027704926751,0.5774187470762637,0.6695293362428317,0.518766504941393,0.6876125625688922,0.7016054726555914,0,0.6440596842450824,0.7404574617957796,0.5257056360228306,0.784312657429599,0.8636596616500458,0.6714777823127154,0.8663045618652707,0.8251423613282457,0.29669850543156695,0.7339382182570985,0.8472072493620583,0.7884312948856864,0.7747471839101453,0.7972825903351755,0.8122417515622617,0.5114197410999342,0.8057184932460475,0.7942181591398108,0.7436532895662769,0.796222319816486,0.4555792842612286,0.8249024269886712,0.7487101649922067,0
irish,0.7730108938655645,0.7670208846492487,0.6464613150298322,0.800178378630904,0.854416522660637,0.8440740937264479,0.8014189832845213,0.660762580968274,0,0.8164422559452131,0.8734413706105777,0.895370941957383,0.8334318597514457,0.8311334468713891,0.801575714114168,0.726667031346153,0.760521539104103,0.7193101365476173,0.8496738176685298,0.4935610138180095,0.7405559001385096,0.5838670606710165,0.7322544256553393,0.5405254366326394,0.821922010851794,1.0,0.7685930837243496,0.6095701920968204,0.6344579188715586,0.4943049910798472,0.6015394954290347,0.8571486682230713,0.826565530849862,0,0.6258615211836438,0.6656019194253063,0.6068941385163527,0.7786495871278305,0.9009922357103534,0.7783533389027133,0.8491912226410773,0.8973993227006283,0.2981666628525332,0.7809596307073176,0.8715547394205312,0.865144060751998,0.8305256069339134,0.8017607186305076,0.8456667087492235,0.6986002086459971,0.7324949196885991,0.6975423355618998,0.8789792346168281,0.7556824184170539,0.5528812220897946,0.6724644847532175,0.8717074676733623,0
italian,0.9177559746198183,0.7790686333595643,0.4202481368634218,0.6570161596539107,0.7781190784580354,0.8315109383856145,0.9284768693799049,0.5629526930692151,0,0.8015525291203814,0.8148787193219255,0.8385748674350193,0.9342430795399794,0.8719818028131058,0.6186139122631565,0.5280670825459328,0.971739781640616,0.9404915852061123,0.933130858600268,0.3991769678648291,0.9081807061167217,0.6938802932466542,0.6996025969195137,0.5416613723278751,0.693387830854081,0.7685930837243496,1.0,0.5998450751934166,0.4920552957006689,0.3892077333126308,0.43806127946202394,0.7289120512412686,0.6423675492318917,0,0.5169717423804212,0.40870157342942914,0.5092355711396972,0.6523925027132248,0.7824474984335917,0.9517251928976809,0.8612939062652616,0.8081703435217168,0.1462325376587426,0.7297069232574535,0.7919917162533661,0.8061721600168019,0.777575141956554,0.9376898953180649,0.816927707343924,0.5595001014976714,0.6141270069543486,0.5068708615990605,0.7732057103943686,0.7125615323403132,0.34461378662778036,0.6240005992346487,0.8696763364642344,0
japanese,0.6111868186820979,0.5484305168742997,0.28949214386439537,0.5236619493004172,0.5546930431516618,0.6642509036440317,0.6420635837185614,0.6394075800606263,0,0.6512565737965993,0.5887696237157161,0.6315411634467383,0.6116457534171251,0.7729354050550653,0.4136337448540849,0.405498036807319,0.565607860533953,0.5555326525562846,0.5692755246518147,0.28890142887399073,0.44450617942524895,0.4479372064519889,0.8887967598935747,0.26405229418250603,0.7119027704926751,0.6095701920968204,0.5998450751934166,1.0,0.31633623133413974,0.6617980286536995,0.2649447442027922,0.5063917906991753,0.4626167360242969,0,0.320706185378789,0.29620357394192265,0.3463588373384884,0.5395197379145931,0.6394062285027197,0.5684062755171742,0.6681733524010303,0.6377988951015469,0.11012488884437278,0.5669890716600416,0.6616267709096819,0.5889842895585239,0.655647081520727,0.6592660072778185,0.6464791079704737,0.3604982859718732,0.7312076546679644,0.416991826797703,0.5494537382210103,0.9198714560799087,0.23379794536353116,0.778928176781144,0.5894149180034682,0
kazakh,0.5476649419288767,0.43970111419292884,0.7809837788166036,0.6067724221842743,0.6572531805950946,0.5462311463723046,0.5119057497149511,0.41180144114331396,0,0.6573411345364816,0.699806147400538,0.671914777140313,0.5803165861683031,0.6562453797658222,0.65265255969772,0.8485175671679366,0.43469231080800547,0.3692882756309644,0.5798616134354698,0.2282228434959854,0.5332106154964149,0.4716351224388044,0.3960031645762689,0.43816397038264904,0.5774187470762637,0.6344579188715586,0.4920552957006689,0.31633623133413974,1.0,0.4737790534465243,0.6356639654176355,0.6219268772452666,0.6054951903755589,0,0.6700246588667043,0.7352180927075488,0.4092263868634542,0.7948168406742662,0.6766363109798413,0.41380552585198416,0.5246980001098829,0.656343358247852,0.21994603837858107,0.5113818507382205,0.6059817521795056,0.6738717600397499,0.6486973989307296,0.47349086555562286,0.6498174824371038,0.4387027019083094,0.5070439340157563,0.6522248851581389,0.6860905258738885,0.48454836417872393,0.39041011415598187,0.48062609892790714,0.5902975301478512,0
korean,0.4105443680992562,0.3746314252602058,0.5031673691975738,0.6018954180466484,0.4943996596046285,0.42074090610443443,0.48469935756721844,0.7748827183162464,0,0.5441237498437004,0.5222654136140679,0.5032430226250737,0.4575980972954558,0.6688509682842083,0.5583609080366707,0.549240811623378,0.35551440128843076,0.33190996731076977,0.46588736337423914,0.31333789847238375,0.43939713776184025,0.2975724350558159,0.6599032826129425,0.37811630831538734,0.6695293362428317,0.4943049910798472,0.3892077333126308,0.6617980286536995,0.4737790534465243,1.0,0.4724944877299658,0.5026851428199041,0.5245715292050609,0,0.5410796587579496,0.5085063165017761,0.3496154642086122,0.3992326861333306,0.5162640554032772,0.37181228468909805,0.48171727911492807,0.5008311153752347,0.2848855674164929,0.38414582550938264,0.512989063405188,0.5070512479614255,0.5353016066843336,0.4434105913310138,0.4938812113008591,0.4264537984217327,0.5389088642125294,0.5348196907391389,0.535679367373258,0.6886851475173155,0.383519791815746,0.8015455665715372,0.4739884092499249,0
latin,0.4418805839768866,0.4268807380176432,0.7102866385605096,0.5961456718253193,0.569161798629915,0.46127817343032895,0.4860345639214413,0.4453388527217545,0,0.5263911436553492,0.610767824265275,0.544171616947582,0.49714164162979596,0.5404254438704987,0.577090628250907,0.5549041563178181,0.42012635910075524,0.2924969692369137,0.49226649680043616,0.16498840796953576,0.46940612283643995,0.34164314507359345,0.3224198550508667,0.4679920672532127,0.518766504941393,0.6015394954290347,0.43806127946202394,0.2649447442027922,0.6356639654176355,0.4724944877299658,1.0,0.5434804239896136,0.673889864217184,0,0.4817481469169188,0.46236775637623695,0.3461875112636647,0.4837284380533922,0.5913986657024998,0.4168304617557019,0.48772815782333295,0.5761873825690621,0.08161412476632322,0.5039656472107842,0.5297035312829673,0.5795920122958444,0.5506509590359902,0.42129598937396046,0.504229476307519,0.48068444502003843,0.352251063735065,0.3661454974465053,0.6203478126430053,0.3839777188007904,0.31416995985832724,0.49567338675566264,0.46136475303492785,0
latvian,0.773767594898684,0.8576239214637694,0.5206018981205063,0.8829247989711498,0.9465210570628196,0.8539910726260911,0.693216508205234,0.7333181484644133,0,0.8610087474554187,0.9081560334839077,0.8133501701842584,0.7740909033383438,0.7496308634401144,0.8649769486861987,0.6991021572049106,0.7039899601280588,0.7461385603374026,0.8158448826234292,0.7136423837424613,0.7629168869515982,0.5362764763779423,0.7364500319378351,0.4413386316927019,0.6876125625688922,0.8571486682230713,0.7289120512412686,0.5063917906991753,0.6219268772452666,0.5026851428199041,0.5434804239896136,1.0,0.8994980304177591,0,0.6265519151786465,0.5584642203894864,0.6921503924604394,0.6455739194771164,0.8456622915853302,0.7576314996651966,0.8005306420922298,0.9301275334926761,0.2641114526006587,0.6452259150830033,0.8832459596685215,0.9255720697488106,0.8815709805647263,0.7172069778847251,0.8036910106931644,0.8685105613196491,0.6589423362155801,0.5991033511934918,0.9518389828562094,0.7104217749434183,0.5584794549602945,0.603204767074293,0.8982356453078899,0
lithuanian,0.6503045392665895,0.802041876943292,0.6685966036390155,0.8960803451941411,0.8632170788953104,0.7361161159196778,0.6413596507918176,0.7459921241581216,0,0.7474086776755738,0.8645368965555464,0.7717023487853527,0.70039815411698,0.7024374058063807,0.8681843552044901,0.6803725573502976,0.6289510648496907,0.6423676135201173,0.7095066475523495,0.6539035434510155,0.720825477937099,0.4777013857778999,0.6517819078813495,0.4691200172809073,0.7016054726555914,0.826565530849862,0.6423675492318917,0.4626167360242969,0.6054951903755589,0.5245715292050609,0.673889864217184,0.8994980304177591,1.0,0,0.6035666593578032,0.6147758943641358,0.555459950990699,0.6297847443539311,0.8131174286314341,0.6978020184799189,0.779768277574188,0.8761410920440686,0.2674097822834378,0.598324483863555,0.8182419408416521,0.8819458158888605,0.8206147816467266,0.6326856330198021,0.7205368315168129,0.9068575423986074,0.6516659564886284,0.6270503541311132,0.886866833208101,0.6198498482040087,0.6011431506486926,0.6199469245709902,0.8011335034700945,0
maltese,0.0,0.0,0.0,0.0,0.0,0.0,0.0,0.0,0,0.0,0.0,0.0,0.0,0.0,0.0,0.0,0.0,0.0,0.0,0.0,0.0,0.0,0.0,0.0,0.0,0.0,0.0,0.0,0.0,0.0,0.0,0.0,0.0,0,0.0,0.0,0.0,0.0,0.0,0.0,0.0,0.0,0.0,0.0,0.0,0.0,0.0,0.0,0.0,0.0,0.0,0.0,0.0,0.0,0.0,0.0,0.0,0
marathi,0.58981115606042,0.44884787575424273,0.5984101858709131,0.6613614636261096,0.6436421124226817,0.5558181402148133,0.585066391325475,0.5666070768169306,0,0.713496803019994,0.7013495573871182,0.729586051939187,0.6447742415117105,0.6800582877156764,0.659285750114967,0.7889891756367944,0.4810429561066772,0.426238854691969,0.6310190766568664,0.24675329292709963,0.5557119570313946,0.46354588802317465,0.42004058090542296,0.5678560600973075,0.6440596842450824,0.6258615211836438,0.5169717423804212,0.320706185378789,0.6700246588667043,0.5410796587579496,0.4817481469169188,0.6265519151786465,0.6035666593578032,0,1.0,0.8097712832251123,0.7171320131077686,0.5484671066874272,0.6664639986969279,0.4745517714518066,0.5811551760034924,0.6226739003206467,0.5656748100214353,0.5731967075057416,0.6653671244383967,0.6861495865489299,0.7076242434811794,0.5459107422515793,0.7244694595253157,0.4532406040459921,0.6312962470536067,0.5886879351885456,0.6614127485315555,0.49196564433940004,0.5871261838785098,0.5880362663696482,0.6299748819057766,0
north_sami,0.4703892741618959,0.3652510824144203,0.790818209224408,0.6507326833931273,0.5412784724748149,0.4578425533564449,0.5496337480137345,0.4734374629231698,0,0.6300791114177926,0.6226507256530696,0.7368708573477047,0.5856635801204242,0.6236308122810443,0.7614318550106687,0.865754860374796,0.3558567976562592,0.3003412773628496,0.5659603180533479,0.2867589216692458,0.5325460351219112,0.4094666068596323,0.3696698109666122,0.5146103900132616,0.7404574617957796,0.6656019194253063,0.40870157342942914,0.29620357394192265,0.7352180927075488,0.5085063165017761,0.46236775637623695,0.5584642203894864,0.6147758943641358,0,0.8097712832251123,1.0,0.5307251176660188,0.7327033337091062,0.6594863630424547,0.3670218350570094,0.6041764337020903,0.5839443901562181,0.5654645834709997,0.565583560981945,0.6665069532134396,0.5879971353344458,0.6239942385344198,0.4733878861499169,0.6542228140266362,0.4215512628694695,0.63571534398226,0.8655005027342515,0.567578899985939,0.44456508065512074,0.645245224661103,0.5436120284837787,0.5612831521252102,0
old_church_slavonic,0.6476322036983414,0.6233779521986512,0.20640288664498382,0.5666160624524277,0.6889909997910753,0.6923215177731474,0.5377338929028762,0.5070955596675208,0,0.7089409105026797,0.683221416061347,0.6781973609649056,0.6276210439816501,0.5843575164487076,0.5818622573077902,0.582319271797791,0.509407957855407,0.5308006299356425,0.5901945323837744,0.4525025112938852,0.48998914077816114,0.41597641712453587,0.563630284874094,0.3401340593173004,0.5257056360228306,0.6068941385163527,0.5092355711396972,0.3463588373384884,0.4092263868634542,0.3496154642086122,0.3461875112636647,0.6921503924604394,0.555459950990699,0,0.7171320131077686,0.5307251176660188,1.0,0.5258087654029914,0.6120461222605413,0.5452830097205575,0.5695434150850898,0.6343798428518812,0.540295467239169,0.605300281622434,0.6958019398709074,0.6886045325013784,0.6568774100250572,0.5587887149642445,0.7223149029913267,0.47859093894288424,0.5626143566964865,0.46785212047161223,0.6523562845547467,0.5756584933135038,0.5222329678670935,0.4734187510471555,0.626478106335897,0
persian,0.7049432299501143,0.6215107908288526,0.6769516975340337,0.6037131729718064,0.6974925008552427,0.746897286236668,0.7064311833104453,0.47145299799426343,0,0.7460861348609982,0.7651009019567923,0.8396744811921834,0.7491328296074629,0.7779857817323709,0.6863291719455232,0.7929612454923628,0.6182234624259663,0.5774877263445032,0.7005639284570763,0.31405320942703735,0.6083532954419665,0.5772409639968203,0.6039337508619457,0.39132149533349025,0.784312657429599,0.7786495871278305,0.6523925027132248,0.5395197379145931,0.7948168406742662,0.3992326861333306,0.4837284380533922,0.6455739194771164,0.6297847443539311,0,0.5484671066874272,0.7327033337091062,0.5258087654029914,1.0,0.7834690649864088,0.6298805604139432,0.7666489195063857,0.7690911129022465,0.21793275990290734,0.6865429456804295,0.7712574406125158,0.7384738140838817,0.7159658188872365,0.706659103125889,0.7931007993184561,0.462142306538787,0.670328895845581,0.8040420812003363,0.6969446449200835,0.6538177018709302,0.37116507654906633,0.588491028269526,0.6939886097966038,0
polish,0.8329828817959757,0.7911290519916713,0.6366590398182715,0.7972167487375776,0.9075962964760486,0.9099974433912253,0.8250288899290047,0.6314136587538718,0,0.8971445794414098,0.9471281665239072,0.9321353456293072,0.8646494927846953,0.866329507900005,0.8244046285486029,0.7123516345522195,0.7551401061350541,0.7308789979513909,0.843954240006461,0.47711377538159383,0.7415068208579078,0.6071119882813549,0.7556144230069913,0.48778599932375283,0.8636596616500458,0.9009922357103534,0.7824474984335917,0.6394062285027197,0.6766363109798413,0.5162640554032772,0.5913986657024998,0.8456622915853302,0.8131174286314341,0,0.6664639986969279,0.6594863630424547,0.6120461222605413,0.7834690649864088,1.0,0.7791081685906845,0.875157606169733,0.9348570117577244,0.29492765798665455,0.7832049367132671,0.91245168419239,0.930298497923174,0.8728810133285868,0.8381625477771057,0.8737150495718652,0.6541972004105239,0.7651861028780894,0.6806391513094734,0.9046806233972894,0.8051707630917952,0.5216872603911097,0.6944551831713072,0.8671215122422332,0
