,afrikaans,arabic,armenian,basque,belarusian,bulgarian,catalan,chinese,classical_chinese,croatian,czech,danish,dutch,english,estonian,finnish,french,galician,german,gothic,greek,hebrew,hindi,hungarian,indonesian,irish,italian,japanese,kazakh,korean,latin,latvian,lithuanian,maltese,marathi,north_sami,old_church_slavonic,persian,polish,portuguese,romanian,russian,sanskrit,scottish_gaelic,serbian,slovak,slovenian,spanish,swedish,tamil,telugu,turkish,ukrainian,urdu,uyghur,vietnamese,welsh,wolof
afrikaans,1.0,0.7646965017621109,0.7131573201265676,0.7599293985470333,0.8765592252504354,0.906399348973375,0.9598362461226263,0.6280993456794569,0.5017477359779753,0.8704533649211469,0.9026216525065083,0.9233336531762778,0.9468982361590076,0.9269525840266022,0.7286955721572971,0.6865821750318863,0.9201705781240028,0.8763755497677934,0.9511613742226921,0,0.8913385059850933,0.643489238110415,0.8537466822150641,0.61647739218845,0.8102059981877691,0.8460508467907527,0.9325473946184163,0.5807977273394145,0.6326046777870729,0.4463761547825261,0.8249516362259262,0.8303953430798334,0.768292524767088,0.7207010288028963,0.6688342674456338,0.4459669178016696,0,0.8359331171086589,0.858803738638673,0.8958975360402973,0.9403087361361665,0.8486876086325325,0.33994286536768853,0.8403646200736217,0.8945176331134411,0.8379051248119199,0.8669598846522996,0.9535662757485381,0.9018751536349588,0.6422400221544511,0.6098086829572543,0.7497660277642421,0.8440289601959008,0.6313956981172651,0.6385339621800968,0.6408986486202186,0.9061819015818794,0.5296375344502123
arabic,0.7646965017621109,1.0,0.5402279368834764,0.7425171116355882,0.7858600984090555,0.8526392712138047,0.7281185601908025,0.7305711265906597,0.5570062581507099,0.800668867374527,0.8177570150242394,0.7720646529103429,0.6855716059659034,0.7225821438604246,0.7121392796520607,0.5608863522125638,0.7297742791842832,0.7394091168295622,0.7072219721218114,0,0.6531867073855875,0.7288894873510563,0.8433385294148422,0.36530516310496,0.6894529341330085,0.6436789905665727,0.7709702408668189,0.5418320635346555,0.4339773177485736,0.3905009709227111,0.7545909405656219,0.896242432441932,0.7905421320424841,0.5344764222134586,0.5096749033888854,0.335299137577878,0,0.7370246302494613,0.7315947593830884,0.816933519702019,0.8002747723942731,0.8022251453536507,0.4103219511976871,0.6169656403743039,0.8464262421736842,0.8004373330212721,0.7988719457420218,0.7123347634973615,0.7613698088555371,0.8087246418566161,0.5458647876264981,0.7064278511182579,0.7860620738281734,0.6098316628314483,0.5535418388788582,0.5427188175847266,0.8266300783664184,0.40962629392070854
armenian,0.7131573201265676,0.5402279368834764,1.0,0.8562135101720006,0.7912180772860248,0.6896922721506744,0.6369947194455211,0.640367548792691,0.49272357292262753,0.8115733471194947,0.8501394664890138,0.7774970890240801,0.7602483165148485,0.7440349502348241,0.7798241286111934,0.9266298734766548,0.5397974669317295,0.44498427785946926,0.6861638816905903,0,0.5764981579291071,0.5825025392872542,0.6096266491916876,0.6523134765351422,0.7019393945606093,0.7068641060326661,0.5747151362633174,0.38630174355573293,0.9217856885014646,0.5826127073507646,0.8706015642732229,0.7585137011892105,0.8306539931243901,0.6436292339789056,0.7602549164922959,0.717010662244618,0,0.8223688985919493,0.86690507810728,0.4976859599635522,0.7970902130194841,0.8348112544041871,0.36246942137321697,0.760142627105833,0.8155208879672485,0.8368289299977869,0.8200343662417416,0.6170171717931646,0.8530489246175782,0.6446893347890263,0.7457789191715133,0.8014987992867759,0.8299249606006328,0.5905824702802105,0.7819519218867018,0.5948421660765334,0.6952908461864099,0.7646579229514135
basque,0.7599293985470333,0.7425171116355882,0.8562135101720006,1.0,0.8174925220432304,0.7500134619866144,0.7416505781330139,0.8395580944610491,0.5816326794431811,0.8663754738028577,0.8742736412268315,0.8314450464406207,0.7952269392474267,0.7708186772779054,0.8727716861997067,0.8454627872771999,0.6553652898989114,0.5918322783750364,0.7630435549834965,0,0.6971279645452605,0.5798297690139869,0.7145113016718508,0.651516050277636,0.7555010707805966,0.7707558003579462,0.6677132629976503,0.4851186795511356,0.7735555746441667,0.6108058191361075,0.8671873227245617,0.9085303919939159,0.9314279016891528,0.6441050571164818,0.6896318089285438,0.6138469769804636,0,0.7588235598267898,0.8523139981467163,0.6663644530781712,0.8560854847240413,0.8794623037534532,0.4413561407146954,0.794042411997604,0.8898337125128318,0.9136342050103259,0.8477045334271306,0.7258094023753732,0.8580977507225451,0.8677487921272213,0.791901337215335,0.7434086530099486,0.8772694150983448,0.6397352395918154,0.7547813318027232,0.6312627941488769,0.8568697432345678,0.6984693741736324
belarusian,0.8765592252504354,0.7858600984090555,0.7912180772860248,0.8174925220432304,1.0,0.9209884979767683,0.8259690703368018,0.7135243906410363,0.573165445929083,0.9433810836072603,0.9495545274737276,0.933570418753763,0.826630969644575,0.8500187781078113,0.8116150478451444,0.777703247004736,0.7550441541776837,0.6933780179178705,0.8521981605832681,0,0.715116274300133,0.6834179912118231,0.846795722709328,0.5393736638658582,0.8237342699607271,0.8061276266706648,0.7717785303510858,0.5797283487356704,0.7003693590223752,0.497820818446615,0.8529554480040562,0.8805901573200651,0.8235768188591756,0.6482562902139635,0.8110048884143318,0.5964562590555659,0,0.8259331601774311,0.9128357199491763,0.7282817595444928,0.9051521035483207,0.8984775316685892,0.4534886223599892,0.8239582862630332,0.9488851775636048,0.8983689598433992,0.9063322055269404,0.803920635822876,0.9161341447008847,0.7392424186085054,0.7902919389511947,0.7759624568622828,0.9253664908069323,0.6945200454105298,0.7543283063293145,0.6543523995230188,0.8151271610933466,0.488604252577059
bulgarian,0.906399348973375,0.8526392712138047,0.6896922721506744,0.7500134619866144,0.9209884979767683,1.0,0.862769831367486,0.6772371146270394,0.5651285521470172,0.9204720936391959,0.9384109743170648,0.9092131316036001,0.8198786878690124,0.8656520581358028,0.7568533029017711,0.6649978974006455,0.7965751101614376,0.7289992865628984,0.834019472895613,0,0.6956616335243859,0.6664647740558296,0.9154582024373042,0.45447228729518624,0.8196331176101906,0.7820410299009599,0.8034798503696258,0.6213738767156629,0.6061433985340634,0.44418951507327564,0.8463823823700236,0.884666152449029,0.7947251239090422,0.5983234023828806,0.6376723057360305,0.4521179540032502,0,0.862515969459327,0.8900868652231493,0.8104477402268375,0.9259957556878137,0.883749629931367,0.4221051003772261,0.7582091587889586,0.9335749641418735,0.8759506730918716,0.930365363805884,0.8313725335655461,0.9060505858326687,0.7092826343710819,0.5969934687442506,0.7287183630169544,0.8889704216799789,0.6894835424106075,0.6567242148847086,0.635256878556323,0.8516898449138881,0.4935999396397968
catalan,0.9598362461226263,0.7281185601908025,0.6369947194455211,0.7416505781330139,0.8259690703368018,0.862769831367486,1.0,0.6548867477900314,0.5322270944332402,0.8406964114331786,0.843971810010763,0.928169854802322,0.9476735846629483,0.9214905609085401,0.6961962938431022,0.6488835932049336,0.9502509113893911,0.8893997361212004,0.9585282617469048,0,0.9030971423570827,0.6208766748264068,0.8268530263276089,0.625208676631457,0.8483139342003707,0.8582015612494763,0.93560899307323,0.6451522067764301,0.5462927422923042,0.46839757122150694,0.7609066937757386,0.7641275245449071,0.7154729342499329,0.7073855902098332,0.609350235114033,0.44618619351816696,0,0.8062977890417574,0.801301195160405,0.9186592058773025,0.9189364581810284,0.7845071099632995,0.36405887001073306,0.8459752743548917,0.852050395011759,0.7765491198579964,0.8167203584744814,0.9928748276688648,0.877802635146821,0.6162487908528217,0.6235408582149208,0.7123068205688506,0.7836547486532601,0.6140479369029661,0.6127088927783696,0.6810333802245697,0.9009518541271282,0.4734395580090005
chinese,0.6280993456794569,0.7305711265906597,0.640367548792691,0.8395580944610491,0.7135243906410363,0.6772371146270394,0.6548867477900314,1.0,0.5783222476399155,0.7396982776045814,0.7561065120061019,0.73624208841945,0.6608605250411737,0.7451909467104685,0.7994334495409039,0.6898799581645227,0.6132607884640878,0.5538107144651148,0.6543090110254235,0,0.6049547270566632,0.5100210575006129,0.7497460993249115,0.5304872035760113,0.7651309775916055,0.6834159086235412,0.5935180032227104,0.6305050580766483,0.5731353793831186,0.7313949255340979,0.7433327878996066,0.8302988578032651,0.8284961680532129,0.5587461497441213,0.5486373822523819,0.5243524887010627,0,0.6639571673951281,0.7070843055181619,0.6408354163357778,0.7465656174643684,0.7876791584663153,0.45576026763884164,0.6212503991210165,0.7644722286274878,0.8192501404732938,0.7483602971258377,0.6503191704383139,0.7430008144281426,0.8301150013895812,0.7785072202721738,0.6573434657073588,0.7938724494792793,0.7222100274181982,0.7991641317213968,0.7811429580921635,0.7379985048996953,0.5183575338072004
classical_chinese,0.5017477359779753,0.5570062581507099,0.49272357292262753,0.5816326794431811,0.573165445929083,0.5651285521470172,0.5322270944332402,0.5783222476399155,1.0,0.6340432355182032,0.5895394818992882,0.6062073459201779,0.5371209134861157,0.4900182194858673,0.6019947339457453,0.5561586353390499,0.42644106474434973,0.3679726213102099,0.5231416579961554,0,0.45504669850591645,0.36113651276373376,0.48313783620878675,0.42988471185825694,0.5523534466700558,0.5544311343656831,0.4439153278034918,0.28487809105315604,0.24705122180551248,0.43278204739048504,0.6342423221394997,0.5990713396262206,0.5426061039463872,0.4363092783094816,0.6430042047148041,0.5206113106800013,0,0.5235013797162388,0.5554902050964832,0.4540627024597396,0.5687756269017454,0.5084293223772589,0.7915317401406038,0.4168124505977718,0.6317687063605202,0.525423594072081,0.6360524221966504,0.4817423429732515,0.600959113163467,0.6057720271568895,0.5820077624916229,0.551305272876419,0.4886246865483288,0.5767763801713076,0.5948328528226324,0.48908538354382025,0.5488853867477571,0.35191936397286505
croatian,0.8704533649211469,0.800668867374527,0.8115733471194947,0.8663754738028577,0.9433810836072603,0.9204720936391959,0.8406964114331786,0.7396982776045814,0.6340432355182032,1.0,0.9506975382627921,0.9366036680551497,0.823829226577001,0.857145789802287,0.825010095433094,0.7977207932871051,0.7360139559327215,0.659044324966294,0.8419410527379396,0,0.7162517691472268,0.6674696788449958,0.8324765376218252,0.5234709942400348,0.8337475592556268,0.7593002403830404,0.7639765579266903,0.6041577348678532,0.6683079966569901,0.5226776771885803,0.8938769706798994,0.8884740483044378,0.8262194229522662,0.646940138235575,0.7996713890991682,0.5500828510678354,0,0.8428001938718102,0.8950301754519941,0.7238394990328403,0.9184368953654948,0.8959229768547639,0.46388540356663804,0.7737032916050715,0.9751934308626329,0.8872399337895509,0.9380501721229203,0.8035482133752264,0.9268158028587447,0.7357428467278572,0.7437538543877585,0.789267633893084,0.8907263266707798,0.693456475995687,0.7672038740183981,0.673875081256184,0.8222820106730332,0.5100143727487113
czech,0.9026216525065083,0.8177570150242394,0.8501394664890138,0.8742736412268315,0.9495545274737276,0.9384109743170648,0.843971810010763,0.7561065120061019,0.5895394818992882,0.9506975382627921,1.0,0.9298353242074496,0.8683615719488972,0.8841688840331915,0.8533085448125207,0.8157585989918015,0.7660905200446315,0.680814255075758,0.851714945124842,0,0.7247521426217691,0.6841113442587335,0.8582032487577954,0.5794177106946042,0.8566408032066295,0.8101959640051876,0.7795214374316873,0.5523586733962484,0.7619929328159417,0.5441918849532742,0.9372575610855683,0.9225637740098169,0.9031469322428118,0.6559227198382467,0.7582219072446009,0.5615545719225741,0,0.8772279764023845,0.9571432943559058,0.7550972370425648,0.9432714540026272,0.94668837029415,0.42544058858192796,0.8233281413123842,0.9661391730738904,0.9489775384548846,0.9634256909149107,0.8220621628608353,0.9539506424519295,0.7599113093426183,0.7342331018722841,0.7962214726625277,0.9416302700110496,0.6916169112285564,0.7737913715170991,0.6788173809060367,0.8570921897607667,0.6342671600918457
danish,0.9233336531762778,0.7720646529103429,0.7774970890240801,0.8314450464406207,0.933570418753763,0.9092131316036001,0.928169854802322,0.73624208841945,0.6062073459201779,0.9366036680551497,0.9298353242074496,1.0,0.9236538127609798,0.9063177035346002,0.806385299267881,0.7933567883761428,0.8474267109788292,0.7819992841945755,0.9226004704354495,0,0.7940855019564887,0.6864223905223585,0.8552752947372364,0.6253500621933906,0.8947627731912989,0.8634789415399305,0.8530187724319832,0.669893261193291,0.6526698022048154,0.5149064416076478,0.8603199233384619,0.8419805040383113,0.825051743838316,0.6831786950942943,0.7420158147102572,0.6055114614279041,0,0.8833507340672,0.8849255535522529,0.8155388631232194,0.9592648592758138,0.8897328580917181,0.46516889278039286,0.863815157662402,0.9388756563870364,0.8695390152266141,0.8837310932224559,0.9081645481922225,0.9632881201948673,0.708402566758886,0.7973039317656255,0.77532930924202,0.8673487806174376,0.6805847958295168,0.7464555917142045,0.7182847692743153,0.8918938924677479,0.5478918990249637
dutch,0.9468982361590076,0.6855716059659034,0.7602483165148485,0.7952269392474267,0.826630969644575,0.8198786878690124,0.9476735846629483,0.6608605250411737,0.5371209134861157,0.823829226577001,0.8683615719488972,0.9236538127609798,1.0,0.9153336426828121,0.7473687713900288,0.7517222045636109,0.9056642141951909,0.8281922464196497,0.9677439683232619,0,0.8946768631952935,0.6249917576574578,0.7722788493243434,0.718330853804173,0.8425942182945214,0.8864671062129446,0.9083699671210207,0.557945576278226,0.6699629032282253,0.5137062812780254,0.8459170233183093,0.7896386012132611,0.7969352704881972,0.7342561627848035,0.6636730471174505,0.5260163807580959,0,0.8259100056345412,0.8469545593464887,0.861547137384381,0.9395463194448931,0.8374483284104741,0.40987440758802757,0.8918308059621455,0.8542047876461786,0.809294624742287,0.8255888298958898,0.95308723426674,0.9213922608830002,0.635053514291531,0.6883356952253938,0.7452268064937356,0.805350111028245,0.6023568762619123,0.655887702278987,0.6689188886338485,0.9090542211536372,0.6414068120782019
english,0.9269525840266022,0.7225821438604246,0.7440349502348241,0.7708186772779054,0.8500187781078113,0.8656520581358028,0.9214905609085401,0.7451909467104685,0.4900182194858673,0.857145789802287,0.8841688840331915,0.9063177035346002,0.9153336426828121,1.0,0.7363106954180945,0.7265833956924014,0.8655661272588023,0.785924820436611,0.9091263600463166,0,0.8193600186976949,0.642307568810213,0.9030674165325697,0.6226177734091447,0.8960862030555459,0.8138947776495564,0.8722480682853502,0.7548131017650358,0.669076794640816,0.6861940753950135,0.8401291197319005,0.7995982322735261,0.7736461191643513,0.6982569449741658,0.6439318142955045,0.4656945466178251,0,0.8454308521488493,0.8499983750156421,0.8299006947557575,0.9211106528596538,0.852025113056757,0.3213953706387368,0.8242060785810427,0.8642791749627158,0.8229154654076897,0.8536565260854593,0.9144118428740561,0.9090081120058485,0.6172526989494295,0.6812978663697502,0.7741388003256353,0.8567480827187287,0.7657352360600617,0.7277769399901168,0.8512053071375586,0.8611983476249451,0.5780024390310069
estonian,0.7286955721572971,0.7121392796520607,0.7798241286111934,0.8727716861997067,0.8116150478451444,0.7568533029017711,0.6961962938431022,0.7994334495409039,0.6019947339457453,0.825010095433094,0.8533085448125207,0.806385299267881,0.7473687713900288,0.7363106954180945,1.0,0.8639673000280086,0.6046219369614565,0.5662640496749292,0.7324125696922665,0,0.6312508427949637,0.5761960005502063,0.7410054313468103,0.5335283090646595,0.7829513959174532,0.8099619971085156,0.6279859477260875,0.5005717186273909,0.6794230674232814,0.5990018968501547,0.8036495934791555,0.8746264320256196,0.8806659745652399,0.597999959623381,0.687964957499307,0.6678794439336182,0,0.7479594528061955,0.8237012054190403,0.6149027145275809,0.8274960957789216,0.8708589616236602,0.5764233820021045,0.786924914519144,0.8552016456011,0.8927898431493648,0.8384582941348083,0.676196810421099,0.835830307744989,0.8547110948703462,0.7519410423522693,0.7461523973897244,0.8494016636404148,0.7579885038912986,0.8233896227444365,0.6360416541367716,0.7886397556105073,0.538155800683548
finnish,0.6865821750318863,0.5608863522125638,0.9266298734766548,0.8454627872771999,0.777703247004736,0.6649978974006455,0.6488835932049336,0.6898799581645227,0.5561586353390499,0.7977207932871051,0.8157585989918015,0.7933567883761428,0.7517222045636109,0.7265833956924014,0.8639673000280086,1.0,0.5559327810079723,0.4750699684208406,0.7191085438351612,0,0.5938760212761787,0.5862906807399322,0.6044716733026838,0.6296285029278061,0.7221698570996737,0.727335031921746,0.5900622367891736,0.4041300201451751,0.819371205060234,0.5729886585915123,0.8392571415421226,0.7614202272441545,0.8186267523171358,0.6669686388599023,0.7503575395591304,0.7666801099306806,0,0.8319737958234615,0.8059980083222582,0.5093150557651392,0.78602839538496,0.8133829964495055,0.45851152941002327,0.7503533686792162,0.7900832608724135,0.8054186433148081,0.7941515509481631,0.633387041612998,0.8558849208105191,0.6717902431562836,0.78909285974779,0.8489934380937052,0.7735111393151639,0.605216254788563,0.7905271246741963,0.6182215037821288,0.6966108577474198,0.6438600000028473
french,0.9201705781240028,0.7297742791842832,0.5397974669317295,0.6553652898989114,0.7550441541776837,0.7965751101614376,0.9502509113893911,0.6132607884640878,0.42644106474434973,0.7360139559327215,0.7660905200446315,0.8474267109788292,0.9056642141951909,0.8655661272588023,0.6046219369614565,0.5559327810079723,1.0,0.9460237697205165,0.9353460523459305,0,0.930320749390452,0.646512587145558,0.7652375655006826,0.6163261379316902,0.7274361056536098,0.830523618645265,0.9734323789315551,0.5643466126083135,0.5019406105098819,0.3736575514346413,0.6872470848216401,0.7173591599966238,0.6757294990970213,0.6974789812586992,0.5086853601714276,0.37048323852270165,0,0.7268881601058624,0.7236472709562057,0.9685455217051355,0.8639527686923202,0.729500853629256,0.3140752232123532,0.7843037149658215,0.7534011990557081,0.7306772815574818,0.7430369828647256,0.9631140655565396,0.8070237620921641,0.5907714021700966,0.5363401328718351,0.6415158688905174,0.7279599345875939,0.5269453656469434,0.5405526516151158,0.6018232405348019,0.8658616588169975,0.4245683152488523
galician,0.8763755497677934,0.7394091168295622,0.44498427785946926,0.5918322783750364,0.6933780179178705,0.7289992865628984,0.8893997361212004,0.5538107144651148,0.3679726213102099,0.659044324966294,0.680814255075758,0.7819992841945755,0.8281922464196497,0.785924820436611,0.5662640496749292,0.4750699684208406,0.9460237697205165,1.0,0.8666728015135523,0,0.9092714744650875,0.6617274320234715,0.7322053913889647,0.5462787567715375,0.6514290185347887,0.7786462347765299,0.9542790429011873,0.540765481662246,0.4002317019148087,0.3161668533647167,0.5734430225294578,0.6712580495793014,0.5954972293109351,0.6598125521929841,0.46972649752638257,0.35323521455604,0,0.655184257288207,0.6286601869222023,0.9513954585578068,0.7850378965962228,0.6444626916340975,0.2837448926483511,0.7293612782868691,0.6956877117937973,0.6604344344724272,0.6389131061502381,0.9045911549974792,0.7085941449295631,0.5890227682951203,0.5120192811519646,0.6093647481960195,0.6557708974611356,0.5090489907242308,0.470692994530361,0.5371200696989689,0.8312521468316638,0.2963138190396402
german,0.9511613742226921,0.7072219721218114,0.6861638816905903,0.7630435549834965,0.8521981605832681,0.834019472895613,0.9585282617469048,0.6543090110254235,0.5231416579961554,0.8419410527379396,0.851714945124842,0.9226004704354495,0.9677439683232619,0.9091263600463166,0.7324125696922665,0.7191085438351612,0.9353460523459305,0.8666728015135523,1.0,0,0.9268117975771919,0.626494247769497,0.7812668810633306,0.6589815377051917,0.8169162632814125,0.8641878265319005,0.9394658023611184,0.5644600072650175,0.5910662468952795,0.4624866623393646,0.7998265082343629,0.7923714575382009,0.7535788852748447,0.7389527309811519,0.6774100762768765,0.4857130432960902,0,0.7912109700827806,0.8061169450618019,0.888549754708466,0.9204774846375248,0.8124738762177574,0.4195910732184178,0.8490019003644075,0.8480958942761688,0.7864212218848439,0.8187395551516777,0.9616390232708399,0.9005886093414921,0.6277165314697162,0.6735885912351236,0.7436198789503399,0.7877087100025064,0.5978145605625245,0.6330243977195716,0.6581090476094733,0.8892810246427192,0.4981880269389546
gothic,0.0,0.0,0.0,0.0,0.0,0.0,0.0,0.0,0.0,0.0,0.0,0.0,0.0,0.0,0.0,0.0,0.0,0.0,0.0,0,0.0,0.0,0.0,0.0,0.0,0.0,0.0,0.0,0.0,0.0,0.0,0.0,0.0,0.0,0.0,0.0,0,0.0,0.0,0.0,0.0,0.0,0.0,0.0,0.0,0.0,0.0,0.0,0.0,0.0,0.0,0.0,0.0,0.0,0.0,0.0,0.0,0.0
greek,0.8913385059850933,0.6531867073855875,0.5764981579291071,0.6971279645452605,0.715116274300133,0.6956616335243859,0.9030971423570827,0.6049547270566632,0.45504669850591645,0.7162517691472268,0.7247521426217691,0.7940855019564887,0.8946768631952935,0.8193600186976949,0.6312508427949637,0.5938760212761787,0.930320749390452,0.9092714744650875,0.9268117975771919,0,1.0,0.5514243377758489,0.6600353852251925,0.6505504248494127,0.6625373019370816,0.8006451868903209,0.9347844453725077,0.4414280404867373,0.4937978599561321,0.3919550814366438,0.6690990984411223,0.7091812430969576,0.6476920986388448,0.756382286976151,0.6130756526224824,0.396970014003241,0,0.640147544713668,0.6776366777998666,0.9018025611286519,0.7955019980471885,0.671714200831538,0.33899774937991645,0.7477208273740734,0.733729308377846,0.6916874961358476,0.6917452498370195,0.9220509564817378,0.7468947758123476,0.6049705091651358,0.5644320815019968,0.6721324532198696,0.6828371070751166,0.509612251083969,0.5528443786942849,0.5569460244986635,0.8309237521702488,0.3791308987151807
hebrew,0.643489238110415,0.7288894873510563,0.5825025392872542,0.5798297690139869,0.6834179912118231,0.6664647740558296,0.6208766748264068,0.5100210575006129,0.36113651276373376,0.6674696788449958,0.6841113442587335,0.6864223905223585,0.6249917576574578,0.642307568810213,0.5761960005502063,0.5862906807399322,0.646512587145558,0.6617274320234715,0.626494247769497,0,0.5514243377758489,1.0,0.6236877690213127,0.4028320539011239,0.6219183132844898,0.5894322682792327,0.7190327344322117,0.4629790984185887,0.5365809537598417,0.3638229899674779,0.6327046357789146,0.6146006961635648,0.6034145692107824,0.4659408882929996,0.49875127219723164,0.40634048581767734,0,0.6574643618497205,0.6571899871885293,0.6788117431320346,0.6823693821086577,0.6696265186561619,0.26633237735108223,0.617068560329445,0.6648213647608507,0.6479461009858993,0.6587934419132848,0.6127634062267849,0.6933472744213396,0.5482316627530219,0.5332995007084268,0.6197444439803064,0.655526373675239,0.4733956923576476,0.5260658796156407,0.4962037493475244,0.6064015736279327,0.42073389437112135
hindi,0.8537466822150641,0.8433385294148422,0.6096266491916876,0.7145113016718508,0.846795722709328,0.9154582024373042,0.8268530263276089,0.7497460993249115,0.48313783620878675,0.8324765376218252,0.8582032487577954,0.8552752947372364,0.7722788493243434,0.9030674165325697,0.7410054313468103,0.6044716733026838,0.7652375655006826,0.7322053913889647,0.7812668810633306,0,0.6600353852251925,0.6236877690213127,1.0,0.4148194801191741,0.8390325576249322,0.7445541712497897,0.7756194292412347,0.8196917768428259,0.5311353310000394,0.6198967496899229,0.7705678432895124,0.8491220210361594,0.7708371292804863,0.5686637935632486,0.5241647666860393,0.39795301110126696,0,0.8161483289814375,0.8024218553803105,0.7870031184490581,0.8791004837810436,0.8381454634739993,0.3573319717217141,0.7378872618701994,0.8649359723497234,0.8261898300974638,0.8358902517127194,0.8050277773922645,0.8388211325966559,0.7083742089697752,0.5980470958337845,0.7119391784333932,0.8617559383230817,0.8191972743326138,0.6455578419047652,0.7818133452283034,0.855830310623031,0.4649403104782656
hungarian,0.61647739218845,0.36530516310496,0.6523134765351422,0.651516050277636,0.5393736638658582,0.45447228729518624,0.625208676631457,0.5304872035760113,0.42988471185825694,0.5234709942400348,0.5794177106946042,0.6253500621933906,0.718330853804173,0.6226177734091447,0.5335283090646595,0.6296285029278061,0.6163261379316902,0.5462787567715375,0.6589815377051917,0,0.6505504248494127,0.4028320539011239,0.4148194801191741,1.0,0.5433153116072064,0.6855118577544846,0.6018760686806327,0.2810812390987192,0.6261837505355003,0.44455822754565094,0.6193561425749367,0.5295177225960116,0.6193332674376238,0.56831628700978,0.543918499907405,0.5574835049198276,0,0.540766281399691,0.6106864779327359,0.5588273940735798,0.6396984858183609,0.5811744698046272,0.3486496374827065,0.6504011754888364,0.5563339604724217,0.5959125459286193,0.5507338914563364,0.6351360758620509,0.6506925547335466,0.48800219669751865,0.6142049291042988,0.48911367731755806,0.5661835830630864,0.4164565725383353,0.5839318359853188,0.5041310039810342,0.6376466763243319,0.6197718317199143
indonesian,0.8102059981877691,0.6894529341330085,0.7019393945606093,0.7555010707805966,0.8237342699607271,0.8196331176101906,0.8483139342003707,0.7651309775916055,0.5523534466700558,0.8337475592556268,0.8566408032066295,0.8947627731912989,0.8425942182945214,0.8960862030555459,0.7829513959174532,0.7221698570996737,0.7274361056536098,0.6514290185347887,0.8169162632814125,0,0.6625373019370816,0.6219183132844898,0.8390325576249322,0.5433153116072064,1.0,0.7746083982998039,0.7316670036349535,0.7578759544324831,0.5903882029917062,0.6927221704968906,0.791372491899241,0.7544047102215399,0.7568273754813265,0.5800252944994349,0.625269384936037,0.51412607402541,0,0.8130302813627499,0.8237223444315955,0.7008727747484486,0.8649757973561051,0.8304312784397678,0.3875080185103546,0.7986108353171952,0.8546798082930822,0.7816500761474189,0.7923425061230741,0.8317271860913892,0.8704993901122853,0.6284835284334984,0.7674519527322644,0.7460733736137929,0.8014451118840342,0.7366424934737589,0.7529980410609426,0.8308160588261941,0.785309154883639,0.53024283491482
irish,0.8460508467907527,0.6436789905665727,0.7068641060326661,0.7707558003579462,0.8061276266706648,0.7820410299009599,0.8582015612494763,0.6834159086235412,0.5544311343656831,0.7593002403830404,0.8101959640051876,0.8634789415399305,0.8864671062129446,0.8138947776495564,0.8099619971085156,0.727335031921746,0.830523618645265,0.7786462347765299,0.8641878265319005,0,0.8006451868903209,0.5894322682792327,0.7445541712497897,0.6855118577544846,0.7746083982998039,1.0,0.8074097554939409,0.5527914799506696,0.6792859135475531,0.5239897661523246,0.7379863491434073,0.7664160173164803,0.801475392660714,0.6743106607888258,0.594611643406396,0.6711509335413846,0,0.7533478694129448,0.8282974783744234,0.8019490074524317,0.8870651370487677,0.8056181630600678,0.5817159733066114,0.9024435046391239,0.7977239370817929,0.8382537453714379,0.7885539448822839,0.8535153361617528,0.8558373986193114,0.7729562284867119,0.6932262573578526,0.6657854903847394,0.8263394993755391,0.7174298527264614,0.704064712469602,0.6278065689082224,0.8837378496703263,0.5513542042123932
italian,0.9325473946184163,0.7709702408668189,0.5747151362633174,0.6677132629976503,0.7717785303510858,0.8034798503696258,0.93560899307323,0.5935180032227104,0.4439153278034918,0.7639765579266903,0.7795214374316873,0.8530187724319832,0.9083699671210207,0.8722480682853502,0.6279859477260875,0.5900622367891736,0.9734323789315551,0.9542790429011873,0.9394658023611184,0,0.9347844453725077,0.7190327344322117,0.7756194292412347,0.6018760686806327,0.7316670036349535,0.8074097554939409,1.0,0.5640827143818332,0.5060498635292138,0.3864057877070668,0.7164910853989971,0.739596520800294,0.674496941943979,0.7047026912633351,0.5542251125289794,0.3568617606043767,0,0.7398427215702836,0.730798199103533,0.9630083478081523,0.867894171197244,0.7494589947732352,0.3120684283771947,0.7721963742302159,0.7811075225194265,0.7262946366422723,0.7506902327119442,0.945603623465581,0.8161387516867291,0.598667098046965,0.5406737924748085,0.6912612476205564,0.7307361875301478,0.5497077014012312,0.5473553807113766,0.6020255141997545,0.8658741852506339,0.4321609025653005
japanese,0.5807977273394145,0.5418320635346555,0.38630174355573293,0.4851186795511356,0.5797283487356704,0.6213738767156629,0.6451522067764301,0.6305050580766483,0.28487809105315604,0.6041577348678532,0.5523586733962484,0.669893261193291,0.557945576278226,0.7548131017650358,0.5005717186273909,0.4041300201451751,0.5643466126083135,0.540765481662246,0.5644600072650175,0,0.4414280404867373,0.4629790984185887,0.8196917768428259,0.2810812390987192,0.7578759544324831,0.5527914799506696,0.5640827143818332,1.0,0.3113532769475088,0.6927828074183072,0.473865898060751,0.5048975163165975,0.4857936421963999,0.37707050350189747,0.2932372553652512,0.28456599480408096,0,0.5882877944792294,0.5221833646246666,0.5493106516697979,0.6486035473138556,0.5701281053349139,0.19904178555976965,0.5719790058569488,0.5957426918464052,0.521371736249457,0.5039402178331114,0.6240378067536592,0.5987724435885238,0.454226223894812,0.5328400917849314,0.4871011319639201,0.5922237988891965,0.7621110473963906,0.5206120789994376,0.8144846117610997,0.6093833484676382,0.2655618032044904
kazakh,0.6326046777870729,0.4339773177485736,0.9217856885014646,0.7735555746441667,0.7003693590223752,0.6061433985340634,0.5462927422923042,0.5731353793831186,0.24705122180551248,0.6683079966569901,0.7619929328159417,0.6526698022048154,0.6699629032282253,0.669076794640816,0.6794230674232814,0.819371205060234,0.5019406105098819,0.4002317019148087,0.5910662468952795,0,0.4937978599561321,0.5365809537598417,0.5311353310000394,0.6261837505355003,0.5903882029917062,0.6792859135475531,0.5060498635292138,0.3113532769475088,1.0,0.5325372166314556,0.764261359761807,0.6712779955634454,0.7880852765140528,0.5612860371529342,0.5657105970722899,0.6199528081567858,0,0.7281079514956533,0.8174483353024422,0.45573393663616724,0.7178383627474324,0.7893913023888739,0.17661369231564142,0.7307561212231206,0.6844131234015794,0.8121018027854149,0.739936296022278,0.5473818539438584,0.7553779120760529,0.5885413162510509,0.6307963809510139,0.6566165900458237,0.8149825746410685,0.48091491932585284,0.6843481038642213,0.4955313302382254,0.6167903724469659,0.7950830131496401
korean,0.4463761547825261,0.3905009709227111,0.5826127073507646,0.6108058191361075,0.497820818446615,0.44418951507327564,0.46839757122150694,0.7313949255340979,0.43278204739048504,0.5226776771885803,0.5441918849532742,0.5149064416076478,0.5137062812780254,0.6861940753950135,0.5990018968501547,0.5729886585915123,0.3736575514346413,0.3161668533647167,0.4624866623393646,0,0.3919550814366438,0.3638229899674779,0.6198967496899229,0.44455822754565094,0.6927221704968906,0.5239897661523246,0.3864057877070668,0.6927828074183072,0.5325372166314556,1.0,0.5806075017783442,0.5220550520395548,0.5843288071459019,0.4117918722268274,0.4386584576103419,0.4256260217861562,0,0.4899948546408616,0.5593342518743056,0.35861150047112306,0.5414152943261775,0.549459413238203,0.339090128662422,0.50962699536615,0.5303921349186432,0.5520833798618091,0.5324425220556803,0.4573804632769668,0.5555491254065009,0.5134420335358779,0.6331384143784052,0.5367601579127215,0.6011578377354622,0.7846615240658636,0.6667152526511111,0.8460579232036599,0.4957160711667264,0.5246980110652556
latin,0.8249516362259262,0.7545909405656219,0.8706015642732229,0.8671873227245617,0.8529554480040562,0.8463823823700236,0.7609066937757386,0.7433327878996066,0.6342423221394997,0.8938769706798994,0.9372575610855683,0.8603199233384619,0.8459170233183093,0.8401291197319005,0.8036495934791555,0.8392571415421226,0.6872470848216401,0.5734430225294578,0.7998265082343629,0,0.6690990984411223,0.6327046357789146,0.7705678432895124,0.6193561425749367,0.791372491899241,0.7379863491434073,0.7164910853989971,0.473865898060751,0.764261359761807,0.5806075017783442,1.0,0.8877620568591004,0.8967808188973433,0.6404626132126673,0.7304403299077143,0.5227035776675621,0,0.8383061372870971,0.906898687344038,0.6714709592434531,0.9076831947814307,0.9087667143349742,0.4347986739226301,0.7425824187050937,0.9027364962603718,0.8825941720991776,0.93749901742201,0.7476853260012127,0.9314446838585314,0.70444324755402,0.7103480184388146,0.7758006819621254,0.867930363153824,0.6261626503288817,0.7334033187918587,0.6573876455224842,0.8107098810135059,0.752593600912541
latvian,0.8303953430798334,0.896242432441932,0.7585137011892105,0.9085303919939159,0.8805901573200651,0.884666152449029,0.7641275245449071,0.8302988578032651,0.5990713396262206,0.8884740483044378,0.9225637740098169,0.8419805040383113,0.7896386012132611,0.7995982322735261,0.8746264320256196,0.7614202272441545,0.7173591599966238,0.6712580495793014,0.7923714575382009,0,0.7091812430969576,0.6146006961635648,0.8491220210361594,0.5295177225960116,0.7544047102215399,0.7664160173164803,0.739596520800294,0.5048975163165975,0.6712779955634454,0.5220550520395548,0.8877620568591004,1.0,0.9333797895034784,0.6411761902132903,0.6626229917551535,0.5119304230488047,0,0.8052136058729272,0.868789730668392,0.7576993135992801,0.8945061074568675,0.9297952603021641,0.47874344126811574,0.7470305317493021,0.9345791943408628,0.9408113919045505,0.9113363273414612,0.7501774237669738,0.8738067751983983,0.8931725603990219,0.692574973803871,0.7798690039712654,0.916281250082956,0.6919033959436465,0.7261488138024573,0.6105183798756576,0.8908571112778066,0.5919551728295078
lithuanian,0.768292524767088,0.7905421320424841,0.8306539931243901,0.9314279016891528,0.8235768188591756,0.7947251239090422,0.7154729342499329,0.8284961680532129,0.5426061039463872,0.8262194229522662,0.9031469322428118,0.825051743838316,0.7969352704881972,0.7736461191643513,0.8806659745652399,0.8186267523171358,0.6757294990970213,0.5954972293109351,0.7535788852748447,0,0.6476920986388448,0.6034145692107824,0.7708371292804863,0.6193332674376238,0.7568273754813265,0.801475392660714,0.674496941943979,0.4857936421963999,0.7880852765140528,0.5843288071459019,0.8967808188973433,0.9333797895034784,1.0,0.6070351515743123,0.6083660430003864,0.5874638146459654,0,0.7956984334954632,0.8826325604929116,0.6866435186921729,0.8860992149179721,0.933522669549798,0.46531023756536705,0.7892789278474,0.8750806236180836,0.9486605150193843,0.8737314058546334,0.7099701661854144,0.8840229289185956,0.8764942343552581,0.7476397863553739,0.732947410691541,0.9094315489805131,0.6581852818748336,0.7488955803868128,0.6213493403090382,0.8697777750472208,0.7565479224426369
maltese,0.7207010288028963,0.5344764222134586,0.6436292339789056,0.6441050571164818,0.6482562902139635,0.5983234023828806,0.7073855902098332,0.5587461497441213,0.4363092783094816,0.646940138235575,0.6559227198382467,0.6831786950942943,0.7342561627848035,0.6982569449741658,0.597999959623381,0.6669686388599023,0.6974789812586992,0.6598125521929841,0.7389527309811519,0,0.756382286976151,0.4659408882929996,0.5686637935632486,0.56831628700978,0.5800252944994349,0.6743106607888258,0.7047026912633351,0.37707050350189747,0.5612860371529342,0.4117918722268274,0.6404626132126673,0.6411761902132903,0.6070351515743123,1.0,0.6048144926398964,0.5284715737693034,0,0.6712919159323321,0.6307762729375048,0.6611941075222304,0.6883100125509319,0.6149736015742534,0.33935311094866055,0.644632644531783,0.6610138067112948,0.6358598327747951,0.6373643705879024,0.7157576921585413,0.6767298527659266,0.5463054204408929,0.5636432087065859,0.7301355705805938,0.6269087550769235,0.4951011661169685,0.5827274816978777,0.501932833692717,0.6774989816448952,0.39060432720740834
marathi,0.6688342674456338,0.5096749033888854,0.7602549164922959,0.6896318089285438,0.8110048884143318,0.6376723057360305,0.609350235114033,0.5486373822523819,0.6430042047148041,0.7996713890991682,0.7582219072446009,0.7420158147102572,0.6636730471174505,0.6439318142955045,0.687964957499307,0.7503575395591304,0.5086853601714276,0.46972649752638257,0.6774100762768765,0,0.6130756526224824,0.49875127219723164,0.5241647666860393,0.543918499907405,0.625269384936037,0.594611643406396,0.5542251125289794,0.2932372553652512,0.5657105970722899,0.4386584576103419,0.7304403299077143,0.6626229917551535,0.6083660430003864,0.6048144926398964,1.0,0.6955801299056602,0,0.6132240331136295,0.718284838298458,0.45037643406438177,0.6621710703814043,0.6429917880082228,0.5315345618585914,0.6199170751720718,0.7782962282126827,0.6659565382299161,0.7278467883519728,0.5781326783164887,0.7305641219712167,0.520111715480281,0.777270773557484,0.6892965270909843,0.6634493889992261,0.5778240125043166,0.7698660332583369,0.530592090203041,0.5401867003307174,0.33024154882279083
north_sami,0.4459669178016696,0.335299137577878,0.717010662244618,0.6138469769804636,0.5964562590555659,0.4521179540032502,0.44618619351816696,0.5243524887010627,0.5206113106800013,0.5500828510678354,0.5615545719225741,0.6055114614279041,0.5260163807580959,0.4656945466178251,0.6678794439336182,0.7666801099306806,0.37048323852270165,0.35323521455604,0.4857130432960902,0,0.396970014003241,0.40634048581767734,0.39795301110126696,0.5574835049198276,0.51412607402541,0.6711509335413846,0.3568617606043767,0.28456599480408096,0.6199528081567858,0.4256260217861562,0.5227035776675621,0.5119304230488047,0.5874638146459654,0.5284715737693034,0.6955801299056602,1.0,0,0.632516970866444,0.5881864979367855,0.3327790169016325,0.5541406889061171,0.5198454713663008,0.6525461220798431,0.6157394164243225,0.5708611316653885,0.6039738642113901,0.5455202582649933,0.41237160315320986,0.6218443041737645,0.5774137705981993,0.7233023265990468,0.6269400177576683,0.5544441375977468,0.5863422322862568,0.7340980331580407,0.4505238903007518,0.4998648465984229,0.37526447634553295
old_church_slavonic,0.0,0.0,0.0,0.0,0.0,0.0,0.0,0.0,0.0,0.0,0.0,0.0,0.0,0.0,0.0,0.0,0.0,0.0,0.0,0,0.0,0.0,0.0,0.0,0.0,0.0,0.0,0.0,0.0,0.0,0.0,0.0,0.0,0.0,0.0,0.0,0,0.0,0.0,0.0,0.0,0.0,0.0,0.0,0.0,0.0,0.0,0.0,0.0,0.0,0.0,0.0,0.0,0.0,0.0,0.0,0.0,0.0
persian,0.8359331171086589,0.7370246302494613,0.8223688985919493,0.7588235598267898,0.8259331601774311,0.862515969459327,0.8062977890417574,0.6639571673951281,0.5235013797162388,0.8428001938718102,0.8772279764023845,0.8833507340672,0.8259100056345412,0.8454308521488493,0.7479594528061955,0.8319737958234615,0.7268881601058624,0.655184257288207,0.7912109700827806,0,0.640147544713668,0.6574643618497205,0.8161483289814375,0.540766281399691,0.8130302813627499,0.7533478694129448,0.7398427215702836,0.5882877944792294,0.7281079514956533,0.4899948546408616,0.8383061372870971,0.8052136058729272,0.7956984334954632,0.6712919159323321,0.6132240331136295,0.632516970866444,0,1.0,0.8409564548317631,0.7199852315604145,0.8888901882146568,0.8602371745069137,0.3835201551712361,0.7674086092490428,0.8616416074412111,0.8289063291477364,0.8557116841812481,0.7834959634913095,0.9133330550781784,0.6396397327658754,0.6574853398603155,0.8856622011845958,0.8191056772373455,0.6361068493351538,0.7075024698746597,0.6522211119961079,0.8144728080724694,0.6116891274434625
