,afrikaans,arabic,armenian,basque,belarusian,bulgarian,catalan,chinese,classical_chinese,croatian,czech,danish,dutch,english,estonian,finnish,french,galician,german,gothic,greek,hebrew,hindi,hungarian,indonesian,irish,italian,japanese,kazakh,korean,latin,latvian,lithuanian,maltese,marathi,north_sami,old_church_slavonic,persian,polish,portuguese,romanian,russian,sanskrit,scottish_gaelic,serbian,slovak,slovenian,spanish,swedish,tamil,telugu,turkish,ukrainian,urdu,uyghur,vietnamese,welsh,wolof
afrikaans,1.0,0.7840894834989839,0.7624830074696918,0.8349975627116081,0.8520720156099224,0.9043972633811789,0.9296990251041882,0.6599262429348585,0.5282625473907961,0.9011966518446183,0.9153298148708378,0.9556517713593284,0.9656585787411597,0.9727637369401556,0.8070094520445206,0.7880468179088455,0.9056736096311094,0.8557013452964758,0.9626990278353778,0,0.9124461576670466,0.6797409086215557,0.8808795830432962,0.6454078556084551,0.84647401639498,0.9139985077519232,0,0.663778960188654,0.6400349658614232,0.6306302370787834,0.8728315056106088,0.877750930983429,0.7326018195942362,0.8899025746407637,0.7575010430279817,0.5929634064114534,0,0.8527695241079528,0.8683484298806089,0.8912112317792911,0.9600085190107358,0.8784243539034735,0.44605942818062094,0.8914117114036372,0.9076289735079541,0.8529118744396242,0.9037996968547058,0.9491278950534234,0.9233370695822904,0.7476045038106232,0.6833016288700717,0.8256666659472726,0.8770279629477906,0.8015790787206248,0.5723831152946038,0.7764258697565926,0.9370634546960326,0
arabic,0.7840894834989839,1.0,0.5800770434235242,0.7197728990881619,0.8595403394826175,0.9037166584672139,0.7013046536398009,0.6959136427648686,0.4550882274223155,0.8429355004834542,0.8820433236553077,0.7915273833720871,0.767502356702879,0.7965168869672826,0.7410972413398738,0.589978019291355,0.7404775581913847,0.7399109664556903,0.7236465364104793,0,0.7007657906307687,0.756318362699339,0.8394700724595852,0.3910111424939209,0.6939943845952772,0.7895575952738139,0,0.6556438473377614,0.5152801220042891,0.5675832895737438,0.7932790042080579,0.8562226554910215,0.7914244747202469,0.6804663051920019,0.5508233750766675,0.4752229564835325,0,0.7815621756497709,0.7908938112241107,0.8345495710228582,0.8398260992037416,0.8925534382759372,0.363253232781451,0.7272476404353759,0.8410167867691574,0.8713449647546062,0.8222198985681816,0.7454793298085906,0.7651725075337442,0.8976547949598381,0.5668075010895106,0.7456956724527921,0.8871119092138895,0.7691793776407928,0.5349264376682082,0.6199202575931851,0.8651086324851514,0
armenian,0.7624830074696918,0.5800770434235242,1.0,0.8342708946468889,0.7991213283691898,0.7145359394035656,0.6483469497980499,0.642202467037066,0.45581504932992634,0.8423028630736797,0.7954963851283473,0.8162046889473665,0.7937415046076728,0.7946750646703117,0.8539136119723142,0.9193587818123365,0.588090751895438,0.5137401752565665,0.7186656820102527,0,0.6605823161241892,0.6026220892251216,0.6693542085312841,0.6175774346873397,0.7942523318202399,0.7885784678618253,0,0.5081813171037352,0.8957994961342901,0.7108541299894862,0.8600008567109172,0.8094664474744813,0.7745832066824784,0.8585334671970756,0.8119509086494369,0.7994840552749921,0,0.8209282578838849,0.8316184284903656,0.5691189393023175,0.7677676277127886,0.7951150599121527,0.4234505935167007,0.7228729696661738,0.844274503106497,0.7916888537464449,0.8406827089548634,0.6960327203226685,0.8582409460482119,0.681874469070299,0.7706283193767709,0.9122287115864315,0.7945090065966922,0.57430158999729,0.6473606954535429,0.6441397277198302,0.7822837850474041,0
basque,0.8349975627116081,0.7197728990881619,0.8342708946468889,1.0,0.8596206825069351,0.7775876132918442,0.7695253399796907,0.7964997994295688,0.6201376407254297,0.8938412871927692,0.8500327459535678,0.8694414745065326,0.8748293846520006,0.8531569887929283,0.9427142915987621,0.9084562333209975,0.682385536597449,0.6416471027232331,0.8232469527128936,0,0.7795712061394428,0.6025210211588782,0.7360545136789793,0.6838269065673644,0.8309601983678884,0.8652488769367599,0,0.5810361818389221,0.676184756636554,0.8002275725842457,0.9227862588402899,0.9227987776627459,0.8392464355405622,0.8020825494406623,0.8301195426307987,0.731515502167092,0,0.7516713232604088,0.8196703064415654,0.7037782724856901,0.8639646417056457,0.8582821121969647,0.6043234113482341,0.7872810707733743,0.8989406063107298,0.8590579549652194,0.9163969030089029,0.798725571744256,0.906538586602304,0.8239765104661805,0.8246373536150065,0.8345387026858677,0.8543434409999424,0.655605236763847,0.7133057222226606,0.7608709076872302,0.8734329678666977,0
belarusian,0.8520720156099224,0.8595403394826175,0.7991213283691898,0.8596206825069351,1.0,0.9069105313010744,0.7460600686948775,0.7659804598403291,0.48459069573300245,0.940400219153145,0.9392792277495503,0.8425540494368943,0.8745105139477918,0.8776002172123804,0.917832773701747,0.7902428927581844,0.7199137275240077,0.6596478809426964,0.7965855352754551,0,0.7564055036614993,0.6514295132495824,0.8004601615705662,0.625107239067649,0.8288431914993551,0.8822759716896059,0,0.551493617577763,0.6700969374012596,0.7526893773897362,0.9551524491849253,0.9437238665422817,0.9436899653873962,0.8430245860647974,0.6989588266573757,0.8057178925768765,0,0.7962938351532574,0.9057619035464467,0.7824134004824652,0.8828026976813014,0.958688886918817,0.4696669551398415,0.7677533512381569,0.9504836220224555,0.9613630265108106,0.9268171537461731,0.7949428971946689,0.8705182478195354,0.8586663566480713,0.705540281498773,0.8450271569374176,0.9820995767057831,0.6746437880276328,0.6755631580093249,0.674982474422701,0.922037087055446,0
bulgarian,0.9043972633811789,0.9037166584672139,0.7145359394035656,0.7775876132918442,0.9069105313010744,1.0,0.7994892483658818,0.6966145900685594,0.4521488710601856,0.9331684170572416,0.9495297575142239,0.9078190954706904,0.8840950322149206,0.9244848943470708,0.8004745603550647,0.7051589141827289,0.8211967542538128,0.7433322419234716,0.8448184630376852,0,0.7674689643798063,0.6958740250485013,0.9226148573100014,0.492987603541646,0.8319817330925963,0.8852809068653725,0,0.7528810260251378,0.6011100080774876,0.6263803067147447,0.8769224208580558,0.9111408818089518,0.8199478194709137,0.8235230836762352,0.6286062253576356,0.5932220742146984,0,0.8845212389196434,0.9073742775770887,0.8577879581264495,0.9462303213248178,0.9378290443747882,0.3907594575835382,0.8219350288201702,0.9334573889161476,0.9252745180857027,0.9222018704092856,0.8543551074858629,0.8899924738821373,0.8026660459959633,0.6208631152515565,0.7967998363681857,0.9382250677999683,0.8458168186412887,0.5624559731798568,0.7166047192634087,0.9470152722227387,0
catalan,0.9296990251041882,0.7013046536398009,0.6483469497980499,0.7695253399796907,0.7460600686948775,0.7994892483658818,1.0,0.6397661332632233,0.5391923401101384,0.7616863663023774,0.7904331073002785,0.8918667421726074,0.9407006071668035,0.9143020676196367,0.713519728675197,0.6754397291109372,0.9542813814371506,0.9208483881640783,0.9614699069082377,0,0.9535533346976462,0.6062565404927255,0.8009209859545708,0.6944636031913893,0.7809114763872573,0.8501488364050528,0,0.6482739842545774,0.4970404488769494,0.574724707216641,0.7706831314318996,0.78544367715984,0.632255590664916,0.8706002376613254,0.6809374568722177,0.49621175893753217,0,0.7523802708026857,0.7778019324578105,0.9235903887250011,0.903477138516404,0.7678552155719799,0.3481507536911669,0.8408193149320089,0.7759337857301981,0.735856174452398,0.814309717584211,0.9911635947177756,0.8585675794430383,0.6596247949994665,0.6309430332243742,0.7306376919514694,0.7817565066722051,0.7117297207435548,0.45787914665730733,0.7418523718122453,0.8805810566393046,0
chinese,0.6599262429348585,0.6959136427648686,0.642202467037066,0.7964997994295688,0.7659804598403291,0.6966145900685594,0.6397661332632233,1.0,0.5243351274460312,0.7445005681833204,0.7360181174695593,0.7291982426178331,0.7176907642201805,0.7477012213152089,0.8047447035731297,0.6805346498342576,0.5888652698346452,0.5642654668266668,0.6562411924526972,0,0.6251386389659659,0.5085739029998022,0.7282882517581333,0.5409695204050543,0.8275431886483745,0.7073596143005167,0,0.6096884616614404,0.47885510959378264,0.8564934091617749,0.7888522734943975,0.8114417522278042,0.789369841088859,0.6874078041268438,0.5917397641886992,0.5970937137996405,0,0.6312869484668465,0.7145304445393994,0.6472295060300197,0.7265877065149624,0.7658453504605163,0.41732163849700404,0.5685617843938177,0.7359223384513681,0.7794819456886499,0.7984090543805868,0.6817886238895056,0.7634345007663175,0.760147082232158,0.756282993458186,0.6914078694604837,0.7857557625697942,0.6246758600909588,0.5123694473339375,0.8042516621504888,0.7519447339243408,0
classical_chinese,0.5282625473907961,0.4550882274223155,0.45581504932992634,0.6201376407254297,0.48459069573300245,0.4521488710601856,0.5391923401101384,0.5243351274460312,1.0,0.5679215057941673,0.5013157961550012,0.5924063704454497,0.5181728590214385,0.5135978729445548,0.567301050143358,0.5620811051265138,0.42059402136720253,0.42197832481055325,0.4986567826930662,0,0.4225025697842226,0.3564884903835702,0.5230199784241463,0.3975935408202132,0.5127769939002759,0.5289479962337909,0,0.3510406930557112,0.34764356763121923,0.518687608831878,0.5805249013569986,0.5297600536972764,0.3937274848961053,0.47355324235419277,0.6359571788605166,0.39908316904709423,0,0.4729910885788564,0.5302529747411528,0.41232794057234123,0.5196678370255939,0.46198257913585195,0.6532634132388124,0.45537997296230404,0.5523368257513285,0.4513508809756776,0.5730101037600281,0.541606713753432,0.5699761359358736,0.5192294980628328,0.6762801841973259,0.5005836041724362,0.4709242155392498,0.4001135388094376,0.6335054136119027,0.540430815454022,0.5154609672143853,0
croatian,0.9011966518446183,0.8429355004834542,0.8423028630736797,0.8938412871927692,0.940400219153145,0.9331684170572416,0.7616863663023774,0.7445005681833204,0.5679215057941673,1.0,0.9657121387422866,0.924513829345511,0.8963260739966873,0.9235062727195162,0.9153969938255877,0.8644102308762235,0.7358462025260686,0.6551816230234908,0.8340521053225872,0,0.7547586464219189,0.6911309363287206,0.859203880101023,0.5799142880962348,0.8661206079322322,0.9081201433260543,0,0.6397466666358018,0.7299639601568644,0.729522009843854,0.955151338482472,0.9525359648497359,0.8671440794096137,0.8413707519612786,0.7995032120964537,0.7217436652088344,0,0.8634052961764529,0.9221169654995217,0.7612133298187422,0.9303444006926813,0.9570028339918875,0.5461915460544856,0.8479196097861188,0.9911302821624536,0.947606622281941,0.9640211154252418,0.8151798037244313,0.9289507932973387,0.8427416665529831,0.7678751626689905,0.8737520691326942,0.9484695594767248,0.7583587097458134,0.7347208431755434,0.737203772835922,0.9260968332040427,0
czech,0.9153298148708378,0.8820433236553077,0.7954963851283473,0.8500327459535678,0.9392792277495503,0.9495297575142239,0.7904331073002785,0.7360181174695593,0.5013157961550012,0.9657121387422866,1.0,0.9214417377196523,0.9021538672317305,0.9288148066232467,0.883215598499286,0.8127114454552917,0.7856266684295017,0.7100309612650022,0.8582805926965604,0,0.7905892825183202,0.6953669276508987,0.8776982741008811,0.5447200160107739,0.8480973579541911,0.8946664410370564,0,0.6387947798980897,0.6999498100336614,0.689086334366984,0.9348039722412819,0.9473170113638509,0.8682153762779591,0.8415152078283497,0.7303247692172699,0.6548559304457097,0,0.8587348703597267,0.9318974254450022,0.8117605719462215,0.9404247095612398,0.9722841255018694,0.45894290841984897,0.843904117795268,0.9608699451954638,0.9597725866273096,0.9465458062867269,0.8427580068065009,0.9162711895703223,0.8708889679526687,0.7074948827672862,0.8613298260810727,0.965081444962458,0.7725602459432714,0.6490357634098207,0.7372180270889772,0.9383989236530097,0
danish,0.9556517713593284,0.7915273833720871,0.8162046889473665,0.8694414745065326,0.8425540494368943,0.9078190954706904,0.8918667421726074,0.7291982426178331,0.5924063704454497,0.924513829345511,0.9214417377196523,1.0,0.9560042430304402,0.9616877870103376,0.8407617630040236,0.8405877245487522,0.864748554926751,0.7983078592927665,0.9345835009986356,0,0.8664325409089123,0.6960641567882687,0.8965490970657964,0.6152591799545727,0.8650093744431716,0.9149250403186899,0,0.7303446394699813,0.6983632589004688,0.6553168183011756,0.8907587934011055,0.9027683125555412,0.7562711104419879,0.8915416851691971,0.7972657605416255,0.5938217071451446,0,0.8909769484227001,0.8935956796121742,0.8517685487347378,0.9599516604040101,0.8900427329530176,0.4892727808532624,0.8822401541797611,0.9176088287459894,0.8750246486143592,0.9427596080822064,0.9270092236154288,0.965887695557707,0.7851215032160637,0.7691086982673023,0.8491117648241455,0.8839600605252214,0.8155605261406856,0.6271857062973876,0.7880138764645969,0.9388531351808715,0
dutch,0.9656585787411597,0.767502356702879,0.7937415046076728,0.8748293846520006,0.8745105139477918,0.8840950322149206,0.9407006071668035,0.7176907642201805,0.5181728590214385,0.8963260739966873,0.9021538672317305,0.9560042430304402,1.0,0.9716888698508244,0.8565436934868368,0.8226856700828332,0.9154462003811213,0.8441636933363551,0.9733355793515803,0,0.9403439307018153,0.6729211990737034,0.8395491405130555,0.7317370627952042,0.8686566681300645,0.9424063218031581,0,0.6613264981187943,0.6559708818937898,0.6764966899007671,0.9081244954512565,0.9080064838210603,0.7962149539381022,0.9251727727240205,0.7762487115959877,0.6734499503662137,0,0.845493960309792,0.8827272916183436,0.9002175276708041,0.9617846407626555,0.8880840877294097,0.4854495260912879,0.9062496705189376,0.9068316091902942,0.8748096712131592,0.9192857282199858,0.9584466228168029,0.9538220524612666,0.7492787070200673,0.7326593153200099,0.837580239428253,0.8914603625334511,0.7482185140475642,0.6239528671492794,0.7784614242658785,0.9509552276708964,0
english,0.9727637369401556,0.7965168869672826,0.7946750646703117,0.8531569887929283,0.8776002172123804,0.9244848943470708,0.9143020676196367,0.7477012213152089,0.5135978729445548,0.9235062727195162,0.9288148066232467,0.9616877870103376,0.9716888698508244,1.0,0.8380382104062772,0.8123567133910837,0.8953842229287503,0.8125554132921416,0.9497314039719988,0,0.889932294221862,0.6959252426537393,0.9115039662423288,0.6533759479669702,0.9218280182406878,0.9353291555561253,0,0.7398741590598934,0.6673219650935767,0.7233951386579259,0.9039153395339132,0.9017276592449976,0.7736847365495462,0.9203153154941849,0.7586001019722055,0.6412789593499205,0,0.8758693828789883,0.8988381664943921,0.880807730999714,0.9709782424181522,0.9032972919796008,0.45155201631147607,0.8908001365089463,0.9292053841632965,0.8797199295339188,0.9284859281024884,0.9441489375899458,0.9485812544863864,0.7570601467803286,0.7170922297322091,0.8527508820353014,0.9028350350789316,0.8360556100681772,0.589566152569369,0.8337905644268702,0.9560206450630498,0
estonian,0.8070094520445206,0.7410972413398738,0.8539136119723142,0.9427142915987621,0.917832773701747,0.8004745603550647,0.713519728675197,0.8047447035731297,0.567301050143358,0.9153969938255877,0.883215598499286,0.8407617630040236,0.8565436934868368,0.8380382104062772,1.0,0.9160825652030015,0.6382521334863839,0.5810030358943072,0.7853200377880449,0,0.7257199043840156,0.6178581429482897,0.7148186981728998,0.6535160462832281,0.8421877816296566,0.8619355206469358,0,0.5087342851781452,0.7210978255373925,0.8134885155712729,0.9624179604314632,0.9419088958968299,0.9138568711303514,0.8289079187373787,0.7728651974618602,0.8067043989122838,0,0.7450933278781106,0.8761594550577639,0.6696091665236076,0.8448914200666583,0.910332465919086,0.5654990491700305,0.7506593667489494,0.9249691899787355,0.9073943622548237,0.9379898065557493,0.7623031646837278,0.8885125765970668,0.8497632049160133,0.7883635258628914,0.8607814849385147,0.9106920895017168,0.5952886700368024,0.7310964098385548,0.7128393173653522,0.8725792030296525,0
finnish,0.7880468179088455,0.589978019291355,0.9193587818123365,0.9084562333209975,0.7902428927581844,0.7051589141827289,0.6754397291109372,0.6805346498342576,0.5620811051265138,0.8644102308762235,0.8127114454552917,0.8405877245487522,0.8226856700828332,0.8123567133910837,0.9160825652030015,1.0,0.6050315878845492,0.5170612414415764,0.7766391241058728,0,0.6966470910375258,0.6040062553712968,0.6511732790108619,0.6361170469581738,0.809718093121071,0.813988523965118,0,0.4595267632888315,0.8351637087661846,0.7371275876394833,0.8896474394053002,0.852764367774356,0.7660668023802396,0.8283156049265759,0.8481372190917378,0.756558528875361,0,0.785489242905571,0.8017549499070742,0.5780189532812338,0.8009805209485183,0.8006416814023928,0.6303822421229865,0.7486269744842595,0.8633258062162432,0.7968422437035938,0.8751883280912869,0.7140521858186895,0.8880394032077646,0.7227070699973293,0.7950534955358316,0.8916724199310693,0.7874696829920079,0.5508476314293659,0.729324484847959,0.7045494044670159,0.7925817154142613,0
french,0.9056736096311094,0.7404775581913847,0.588090751895438,0.682385536597449,0.7199137275240077,0.8211967542538128,0.9542813814371506,0.5888652698346452,0.42059402136720253,0.7358462025260686,0.7856266684295017,0.864748554926751,0.9154462003811213,0.8953842229287503,0.6382521334863839,0.6050315878845492,1.0,0.9323672268168183,0.9419616968435858,0,0.9404125669441168,0.6675855097464235,0.8064062468050185,0.6388291566029802,0.749367336461824,0.8147995005968758,0,0.6656806525364594,0.45038276617137607,0.5005979827196608,0.7286638348333468,0.7601490221362318,0.6293071276806166,0.8406040964278324,0.6046808124590581,0.44308837075091567,0,0.7603557768692562,0.7575683539167829,0.9612646010758453,0.8908471711221194,0.751626846815601,0.3261860650833908,0.8170781493009226,0.7416942616720776,0.7374308015758486,0.7820563016955482,0.9520485081013944,0.8324034153409903,0.6355803096897706,0.5582904702160935,0.6843334082559523,0.7633114905112043,0.7166354344438308,0.4190790651841726,0.7150633349365003,0.8676715521022633,0
galician,0.8557013452964758,0.7399109664556903,0.5137401752565665,0.6416471027232331,0.6596478809426964,0.7433322419234716,0.9208483881640783,0.5642654668266668,0.42197832481055325,0.6551816230234908,0.7100309612650022,0.7983078592927665,0.8441636933363551,0.8125554132921416,0.5810030358943072,0.5170612414415764,0.9323672268168183,1.0,0.8769342723227507,0,0.9216385145488819,0.6579776289278823,0.7741741726518842,0.6006309466374524,0.6575732681054123,0.7552990499157377,0,0.6181603451989357,0.41878050423972724,0.4485517163737009,0.6561740905589094,0.7040414446274598,0.5596365797250891,0.7544559700134384,0.5871625448257229,0.3352935733471814,0,0.6832921889414834,0.6753620705856411,0.9367819504097188,0.8024104098551128,0.6931614311805955,0.1913938284163652,0.7680759419620277,0.6621179042768598,0.6694315780113133,0.7027912284016699,0.9050468298960513,0.7334753521281618,0.656546728457376,0.5661436300888453,0.6374732755004415,0.7102277353615326,0.6916175183672444,0.3868220499809568,0.653727105708319,0.8010848776216148,0
german,0.9626990278353778,0.7236465364104793,0.7186656820102527,0.8232469527128936,0.7965855352754551,0.8448184630376852,0.9614699069082377,0.6562411924526972,0.4986567826930662,0.8340521053225872,0.8582805926965604,0.9345835009986356,0.9733355793515803,0.9497314039719988,0.7853200377880449,0.7766391241058728,0.9419616968435858,0.8769342723227507,1.0,0,0.9604751365296519,0.6461018244525791,0.818306617749953,0.6889314148995129,0.8306371543965416,0.8839528595804911,0,0.6347072046557085,0.5972925019675942,0.605310991081005,0.8307265044181777,0.8547284758272945,0.704869867387839,0.8934836564857109,0.7310043220043282,0.5545471513905548,0,0.7963711650426323,0.8232853227865506,0.9093563574692107,0.9410249673604338,0.8342026281850248,0.45875377241202525,0.8776547148758468,0.8432397819197054,0.8056845076961101,0.8817471260593988,0.9666403687978394,0.9132126255862899,0.7118515915340563,0.673113438347869,0.7922508502431804,0.8336356212791256,0.7272248337881608,0.5356159231877369,0.7680143351651902,0.9109852740162049,0
gothic,0.0,0.0,0.0,0.0,0.0,0.0,0.0,0.0,0.0,0.0,0.0,0.0,0.0,0.0,0.0,0.0,0.0,0.0,0.0,0,0.0,0.0,0.0,0.0,0.0,0.0,0,0.0,0.0,0.0,0.0,0.0,0.0,0.0,0.0,0.0,0,0.0,0.0,0.0,0.0,0.0,0.0,0.0,0.0,0.0,0.0,0.0,0.0,0.0,0.0,0.0,0.0,0.0,0.0,0.0,0.0,0
greek,0.9124461576670466,0.7007657906307687,0.6605823161241892,0.7795712061394428,0.7564055036614993,0.7674689643798063,0.9535533346976462,0.6251386389659659,0.4225025697842226,0.7547586464219189,0.7905892825183202,0.8664325409089123,0.9403439307018153,0.889932294221862,0.7257199043840156,0.6966470910375258,0.9404125669441168,0.9216385145488819,0.9604751365296519,0,1.0,0.6222389337290891,0.7474609023144185,0.714698440321096,0.7382018782382018,0.8225497742257858,0,0.5507784470831625,0.5402463231265374,0.5567647301812809,0.7719374736982676,0.7988193087688077,0.6748883461830467,0.8415440489932993,0.704065840952713,0.5027090195689042,0,0.7143126869610829,0.738564239324925,0.9301893511230188,0.8710008130883069,0.7790958019933544,0.3695991539647157,0.8436249389337775,0.7622875307185244,0.7559756998894548,0.7967437431762143,0.9403623582448037,0.8345237048163461,0.6995863084627376,0.6225725424644569,0.740808517254985,0.7885507278370848,0.6480693519129397,0.5034325962436991,0.6941425913590888,0.8607338329791214,0
hebrew,0.6797409086215557,0.756318362699339,0.6026220892251216,0.6025210211588782,0.6514295132495824,0.6958740250485013,0.6062565404927255,0.5085739029998022,0.3564884903835702,0.6911309363287206,0.6953669276508987,0.6960641567882687,0.6729211990737034,0.6959252426537393,0.6178581429482897,0.6040062553712968,0.6675855097464235,0.6579776289278823,0.6461018244525791,0,0.6222389337290891,1.0,0.6596506128837277,0.4048464404865102,0.6457392675954793,0.674021191191249,0,0.5407417038976258,0.5558234308241131,0.48900046840541755,0.6610463563177682,0.6701762303389168,0.5851159063732205,0.6534696921211859,0.5714077057576021,0.4767304195265211,0,0.6813348111005604,0.6776652153689064,0.6957376762173932,0.7012920822900558,0.6842484313038617,0.326901336930169,0.6389142975434572,0.6915403018431288,0.6670001935844163,0.6888690246152167,0.6479854939893298,0.6959127558056277,0.7156527224350573,0.5205782032030821,0.6878421973306191,0.6743214354083533,0.609239943494762,0.43771067069139263,0.5560497111078377,0.6969166806173719,0
hindi,0.8808795830432962,0.8394700724595852,0.6693542085312841,0.7360545136789793,0.8004601615705662,0.9226148573100014,0.8009209859545708,0.7282882517581333,0.5230199784241463,0.859203880101023,0.8776982741008811,0.8965490970657964,0.8395491405130555,0.9115039662423288,0.7148186981728998,0.6511732790108619,0.8064062468050185,0.7741741726518842,0.818306617749953,0,0.7474609023144185,0.6596506128837277,1.0,0.4552332217582921,0.8633563714269922,0.8348829881189588,0,0.8681399377160238,0.5836911002759041,0.66475082298994,0.7974169305686095,0.8327055954827071,0.6974621147224025,0.7893205477372641,0.6391639016491925,0.4625023791335839,0,0.8336282949115132,0.850786955639489,0.8174351199390404,0.888047661946813,0.8577571783054703,0.33191760177915564,0.8110992714116166,0.8500089979505266,0.8358732927333354,0.8559717085217037,0.8427809921105576,0.842189430023237,0.7451235535427624,0.6788847154472399,0.7507767717673685,0.852529504319729,0.944778525438627,0.5581827519579492,0.8015241446872644,0.8959275357501126,0
hungarian,0.6454078556084551,0.3910111424939209,0.6175774346873397,0.6838269065673644,0.625107239067649,0.492987603541646,0.6944636031913893,0.5409695204050543,0.3975935408202132,0.5799142880962348,0.5447200160107739,0.6152591799545727,0.7317370627952042,0.6533759479669702,0.6535160462832281,0.6361170469581738,0.6388291566029802,0.6006309466374524,0.6889314148995129,0,0.714698440321096,0.4048464404865102,0.4552332217582921,1.0,0.6405968381951868,0.6765876459222742,0,0.32324573828655945,0.4390437977648991,0.5689630136189417,0.68103457360067,0.6304755940475637,0.6189642263076132,0.7189109007178142,0.6267255656477638,0.6854368553688871,0,0.5040170829385457,0.5955725383023337,0.6096172733228229,0.6090947829917863,0.5448957704543013,0.38109028147782115,0.602791479266596,0.599060660544467,0.5855370591956923,0.6175047232352948,0.6818684709910086,0.6678779199024023,0.4328326791596976,0.629691458077922,0.5819047210646288,0.5834618048707666,0.34494646697851455,0.5137374112217821,0.5602776640867604,0.6309803601994468,0
indonesian,0.84647401639498,0.6939943845952772,0.7942523318202399,0.8309601983678884,0.8288431914993551,0.8319817330925963,0.7809114763872573,0.8275431886483745,0.5127769939002759,0.8661206079322322,0.8480973579541911,0.8650093744431716,0.8686566681300645,0.9218280182406878,0.8421877816296566,0.809718093121071,0.749367336461824,0.6575732681054123,0.8306371543965416,0,0.7382018782382018,0.6457392675954793,0.8633563714269922,0.6405968381951868,1.0,0.8617814770023069,0,0.7429266314767647,0.6493559177609407,0.852476714977338,0.8806244617509388,0.8651593582688305,0.7879774191833089,0.876223740430278,0.7087702037934756,0.7211173408893082,0,0.7923959372771655,0.8829927337081346,0.7252925817715927,0.8686199181400116,0.8390834752251569,0.44355655921114095,0.7885608849408787,0.8725250913993524,0.8392251432624874,0.8884193955856189,0.827224746024443,0.9020831176072388,0.6910721709995404,0.7928640565152122,0.8275823819626833,0.8425690466347351,0.7828577325402449,0.5837339304990941,0.8883500714297615,0.8659952251944146,0
irish,0.9139985077519232,0.7895575952738139,0.7885784678618253,0.8652488769367599,0.8822759716896059,0.8852809068653725,0.8501488364050528,0.7073596143005167,0.5289479962337909,0.9081201433260543,0.8946664410370564,0.9149250403186899,0.9424063218031581,0.9353291555561253,0.8619355206469358,0.813988523965118,0.8147995005968758,0.7552990499157377,0.8839528595804911,0,0.8225497742257858,0.674021191191249,0.8348829881189588,0.6765876459222742,0.8617814770023069,1.0,0,0.6887608815453091,0.6845309857918228,0.6840523259088205,0.9171450516435439,0.9029035132332688,0.7941350439637128,0.8896225014008977,0.7614193029370407,0.7003575983809527,0,0.8678782317572421,0.8778494344026792,0.8079723102460505,0.9239616342483626,0.8865311861039409,0.4903217082669726,0.9083484119748425,0.9257992597425551,0.8676919771602917,0.8996808014420028,0.8811778291739965,0.9273407383707181,0.7359381530890842,0.7364961363078006,0.8389709015048787,0.8798674193468191,0.7832903671294851,0.6425509309758252,0.7741952505080583,0.9378544157880442,0
italian,0.0,0.0,0.0,0.0,0.0,0.0,0.0,0.0,0.0,0.0,0.0,0.0,0.0,0.0,0.0,0.0,0.0,0.0,0.0,0,0.0,0.0,0.0,0.0,0.0,0.0,0,0.0,0.0,0.0,0.0,0.0,0.0,0.0,0.0,0.0,0,0.0,0.0,0.0,0.0,0.0,0.0,0.0,0.0,0.0,0.0,0.0,0.0,0.0,0.0,0.0,0.0,0.0,0.0,0.0,0.0,0
japanese,0.663778960188654,0.6556438473377614,0.5081813171037352,0.5810361818389221,0.551493617577763,0.7528810260251378,0.6482739842545774,0.6096884616614404,0.3510406930557112,0.6397466666358018,0.6387947798980897,0.7303446394699813,0.6613264981187943,0.7398741590598934,0.5087342851781452,0.4595267632888315,0.6656806525364594,0.6181603451989357,0.6347072046557085,0,0.5507784470831625,0.5407417038976258,0.8681399377160238,0.32324573828655945,0.7429266314767647,0.6887608815453091,0,1.0,0.40617092170439417,0.5623987019803637,0.5856734000977711,0.6342687991018422,0.4994399439503827,0.6326000995368418,0.43537821393004167,0.2914196785178611,0,0.7018361401967996,0.6742876868770802,0.6477902010916972,0.7348364398417956,0.6433518727680712,0.17696597114536136,0.6641872934776845,0.6425027427162662,0.6168692715564683,0.6692166619173976,0.6913795941000576,0.6937312404442758,0.5135367237048813,0.5513868469872861,0.5472761717251335,0.6143730773851853,0.9239863746408462,0.32342150114128376,0.6834074137737198,0.7332514082293113,0
kazakh,0.6400349658614232,0.5152801220042891,0.8957994961342901,0.676184756636554,0.6700969374012596,0.6011100080774876,0.4970404488769494,0.47885510959378264,0.34764356763121923,0.7299639601568644,0.6999498100336614,0.6983632589004688,0.6559708818937898,0.6673219650935767,0.7210978255373925,0.8351637087661846,0.45038276617137607,0.41878050423972724,0.5972925019675942,0,0.5402463231265374,0.5558234308241131,0.5836911002759041,0.4390437977648991,0.6493559177609407,0.6845309857918228,0,0.40617092170439417,1.0,0.5679990650851167,0.725441082359285,0.6899178196835803,0.6226913503768554,0.7371875536522131,0.7768026682298096,0.6182550061814472,0,0.7512152748037778,0.7058850242089577,0.4220849611918229,0.6321129696218944,0.712537600253935,0.34027953379507775,0.6728516985772043,0.7237134446545073,0.6653768892036064,0.6925337122573393,0.5467487889661748,0.7077609856540963,0.6235198006548401,0.6837671719088239,0.8768470783017545,0.6832164799219618,0.5098048832281676,0.6176650536673387,0.4842745361627766,0.6371398273612686,0
korean,0.6306302370787834,0.5675832895737438,0.7108541299894862,0.8002275725842457,0.7526893773897362,0.6263803067147447,0.574724707216641,0.8564934091617749,0.518687608831878,0.729522009843854,0.689086334366984,0.6553168183011756,0.6764966899007671,0.7233951386579259,0.8134885155712729,0.7371275876394833,0.5005979827196608,0.4485517163737009,0.605310991081005,0,0.5567647301812809,0.48900046840541755,0.66475082298994,0.5689630136189417,0.852476714977338,0.6840523259088205,0,0.5623987019803637,0.5679990650851167,1.0,0.7988335422478011,0.7582024431053983,0.7661716137958722,0.708215929045778,0.6133332488805469,0.738719348707463,0,0.5875791293350068,0.7164746265018953,0.522714768564692,0.6746443470206864,0.7205625255735645,0.49165403014120335,0.5632861912557354,0.7346302497363758,0.7353645236969345,0.7530496255042181,0.619901444350638,0.724935292493519,0.6847124679181747,0.7537748540215597,0.7204478261695012,0.7319264604688812,0.5786186192457349,0.5716651215717559,0.7650095719628449,0.7098265356533813,0
latin,0.8728315056106088,0.7932790042080579,0.8600008567109172,0.9227862588402899,0.9551524491849253,0.8769224208580558,0.7706831314318996,0.7888522734943975,0.5805249013569986,0.955151338482472,0.9348039722412819,0.8907587934011055,0.9081244954512565,0.9039153395339132,0.9624179604314632,0.8896474394053002,0.7286638348333468,0.6561740905589094,0.8307265044181777,0,0.7719374736982676,0.6610463563177682,0.7974169305686095,0.68103457360067,0.8806244617509388,0.9171450516435439,0,0.5856734000977711,0.725441082359285,0.7988335422478011,1.0,0.960455023273834,0.9217744482335457,0.8823887487932173,0.8040594478212424,0.8159330790491768,0,0.8171993906494399,0.9299243822529978,0.7451099140181334,0.8999184629290459,0.9346748562907379,0.552481715613561,0.800842612902144,0.9609351796537025,0.9409436507162341,0.9547334079815932,0.820085560545708,0.9285104711990783,0.8323761878436741,0.8088220978091728,0.87146787442601,0.9434742808864849,0.6728257051442632,0.7422847937492156,0.745304189916584,0.9237752551091406,0
latvian,0.877750930983429,0.8562226554910215,0.8094664474744813,0.9227987776627459,0.9437238665422817,0.9111408818089518,0.78544367715984,0.8114417522278042,0.5297600536972764,0.9525359648497359,0.9473170113638509,0.9027683125555412,0.9080064838210603,0.9017276592449976,0.9419088958968299,0.852764367774356,0.7601490221362318,0.7040414446274598,0.8547284758272945,0,0.7988193087688077,0.6701762303389168,0.8327055954827071,0.6304755940475637,0.8651593582688305,0.9029035132332688,0,0.6342687991018422,0.6899178196835803,0.7582024431053983,0.960455023273834,1.0,0.9235099130831765,0.8487452354669159,0.7431181192139198,0.714935464253684,0,0.8295700464878015,0.9079325869303104,0.7977451106750733,0.925822971221443,0.968062645269673,0.516280385225458,0.8343380556955977,0.9483323158305886,0.9671582784745918,0.9624196593964304,0.8329715212071598,0.9342699804829391,0.8794396589985496,0.7966004007028604,0.8678669275737798,0.9582026223626766,0.7190270473576854,0.6985607822320504,0.763736085235342,0.9388607615809619,0
lithuanian,0.7326018195942362,0.7914244747202469,0.7745832066824784,0.8392464355405622,0.9436899653873962,0.8199478194709137,0.632255590664916,0.789369841088859,0.3937274848961053,0.8671440794096137,0.8682153762779591,0.7562711104419879,0.7962149539381022,0.7736847365495462,0.9138568711303514,0.7660668023802396,0.6293071276806166,0.5596365797250891,0.704869867387839,0,0.6748883461830467,0.5851159063732205,0.6974621147224025,0.6189642263076132,0.7879774191833089,0.7941350439637128,0,0.4994399439503827,0.6226913503768554,0.7661716137958722,0.9217744482335457,0.9235099130831765,1.0,0.7800454346389454,0.6216033039356269,0.8264415999213209,0,0.7126025473221409,0.8626271421198913,0.695770595319567,0.7964864582409352,0.9043377891725144,0.4534092658332707,0.670390135187753,0.8727911650541896,0.9484502848936096,0.8853139193964029,0.6910662423525681,0.8192290052193802,0.8344203181133496,0.715750545389178,0.789448122260556,0.9258955172239751,0.557964961563797,0.6616982047539876,0.620992239903213,0.8458819380531465,0
maltese,0.8899025746407637,0.6804663051920019,0.8585334671970756,0.8020825494406623,0.8430245860647974,0.8235230836762352,0.8706002376613254,0.6874078041268438,0.47355324235419277,0.8413707519612786,0.8415152078283497,0.8915416851691971,0.9251727727240205,0.9203153154941849,0.8289079187373787,0.8283156049265759,0.8406040964278324,0.7544559700134384,0.8934836564857109,0,0.8415440489932993,0.6534696921211859,0.7893205477372641,0.7189109007178142,0.876223740430278,0.8896225014008977,0,0.6326000995368418,0.7371875536522131,0.708215929045778,0.8823887487932173,0.8487452354669159,0.7800454346389454,1.0,0.7249156169137985,0.7438655637950309,0,0.8521124649086281,0.8769497178728994,0.804026243308533,0.8834119101241442,0.8328782714023198,0.39751032652006296,0.801746460309701,0.8581345462575688,0.8280832146187893,0.8809153999245096,0.8990281033772911,0.9105687340838148,0.6766850015377959,0.7149035057343768,0.8757612306262632,0.8508131296951078,0.6823689449774498,0.5625581714300207,0.7495642283828864,0.9005162198188832,0
marathi,0.7575010430279817,0.5508233750766675,0.8119509086494369,0.8301195426307987,0.6989588266573757,0.6286062253576356,0.6809374568722177,0.5917397641886992,0.6359571788605166,0.7995032120964537,0.7303247692172699,0.7972657605416255,0.7762487115959877,0.7586001019722055,0.7728651974618602,0.8481372190917378,0.6046808124590581,0.5871625448257229,0.7310043220043282,0,0.704065840952713,0.5714077057576021,0.6391639016491925,0.6267255656477638,0.7087702037934756,0.7614193029370407,0,0.43537821393004167,0.7768026682298096,0.6133332488805469,0.8040594478212424,0.7431181192139198,0.6216033039356269,0.7249156169137985,1.0,0.6072117193599983,0,0.6610794500741455,0.7349581629460155,0.5640387162598643,0.7268594325205089,0.7015531194925886,0.501000200779566,0.7386545877901427,0.7839620302648227,0.6664284950217758,0.7658510963272779,0.7020218328686693,0.77922401959827,0.6535815043800184,0.8385223723537649,0.7692732018737907,0.7009567237499945,0.520337849042899,0.7281861174863805,0.6098930379427351,0.6889050986275507,0
north_sami,0.5929634064114534,0.4752229564835325,0.7994840552749921,0.731515502167092,0.8057178925768765,0.5932220742146984,0.49621175893753217,0.5970937137996405,0.39908316904709423,0.7217436652088344,0.6548559304457097,0.5938217071451446,0.6734499503662137,0.6412789593499205,0.8067043989122838,0.756558528875361,0.44308837075091567,0.3352935733471814,0.5545471513905548,0,0.5027090195689042,0.4767304195265211,0.4625023791335839,0.6854368553688871,0.7211173408893082,0.7003575983809527,0,0.2914196785178611,0.6182550061814472,0.738719348707463,0.8159330790491768,0.714935464253684,0.8264415999213209,0.7438655637950309,0.6072117193599983,1.0,0,0.6074853727781292,0.7348845340496676,0.46422106886298203,0.6115073944099135,0.6726456440275403,0.5112166113075284,0.5389225046657874,0.7496859487763542,0.737127933248557,0.715377185409065,0.5432235696869638,0.7080905570669555,0.5451596620497845,0.6462086560645377,0.7173493232501211,0.7201602149974439,0.34637629949839294,0.6216508059336096,0.5187669766395552,0.6692083842133164,0
old_church_slavonic,0.0,0.0,0.0,0.0,0.0,0.0,0.0,0.0,0.0,0.0,0.0,0.0,0.0,0.0,0.0,0.0,0.0,0.0,0.0,0,0.0,0.0,0.0,0.0,0.0,0.0,0,0.0,0.0,0.0,0.0,0.0,0.0,0.0,0.0,0.0,0,0.0,0.0,0.0,0.0,0.0,0.0,0.0,0.0,0.0,0.0,0.0,0.0,0.0,0.0,0.0,0.0,0.0,0.0,0.0,0.0,0
persian,0.8527695241079528,0.7815621756497709,0.8209282578838849,0.7516713232604088,0.7962938351532574,0.8845212389196434,0.7523802708026857,0.6312869484668465,0.4729910885788564,0.8634052961764529,0.8587348703597267,0.8909769484227001,0.845493960309792,0.8758693828789883,0.7450933278781106,0.785489242905571,0.7603557768692562,0.6832921889414834,0.7963711650426323,0,0.7143126869610829,0.6813348111005604,0.8336282949115132,0.5040170829385457,0.7923959372771655,0.8678782317572421,0,0.7018361401967996,0.7512152748037778,0.5875791293350068,0.8171993906494399,0.8295700464878015,0.7126025473221409,0.8521124649086281,0.6610794500741455,0.6074853727781292,0,1.0,0.8207108897344508,0.7663883811057025,0.8792980262123163,0.8285096289632109,0.4456708083215081,0.8103602420242396,0.8638085549685975,0.8274757570890953,0.8403789543681596,0.7965495799826725,0.8915713651613779,0.6895164376410464,0.6476350345583236,0.8932398966867379,0.8161738723967914,0.7887863979377384,0.5609841038038929,0.7182306741659391,0.8820784845401666,0
polish,0.8683484298806089,0.7908938112241107,0.8316184284903656,0.8196703064415654,0.9057619035464467,0.9073742775770887,0.7778019324578105,0.7145304445393994,0.5302529747411528,0.9221169654995217,0.9318974254450022,0.8935956796121742,0.8827272916183436,0.8988381664943921,0.8761594550577639,0.8017549499070742,0.7575683539167829,0.6753620705856411,0.8232853227865506,0,0.738564239324925,0.6776652153689064,0.850786955639489,0.5955725383023337,0.8829927337081346,0.8778494344026792,0,0.6742876868770802,0.7058850242089577,0.7164746265018953,0.9299243822529978,0.9079325869303104,0.8626271421198913,0.8769497178728994,0.7349581629460155,0.7348845340496676,0,0.8207108897344508,1.0,0.7512304377207595,0.9014196589630008,0.9148293887707047,0.3958787056587023,0.8067091179949875,0.9307085431245992,0.913484473080522,0.9297851299817201,0.836690326384118,0.9038929287985588,0.7856924717735592,0.7586479703395319,0.8417261591998413,0.9223874441218566,0.732365001662058,0.6456896118964939,0.7138223785134594,0.9020306883837377,0
portuguese,0.8912112317792911,0.8345495710228582,0.5691189393023175,0.7037782724856901,0.7824134004824652,0.8577879581264495,0.9235903887250011,0.6472295060300197,0.41232794057234123,0.7612133298187422,0.8117605719462215,0.8517685487347378,0.9002175276708041,0.880807730999714,0.6696091665236076,0.5780189532812338,0.9612646010758453,0.9367819504097188,0.9093563574692107,0,0.9301893511230188,0.6957376762173932,0.8174351199390404,0.6096172733228229,0.7252925817715927,0.8079723102460505,0,0.6477902010916972,0.4220849611918229,0.522714768564692,0.7451099140181334,0.7977451106750733,0.695770595319567,0.804026243308533,0.5640387162598643,0.46422106886298203,0,0.7663883811057025,0.7512304377207595,1.0,0.8877341717608821,0.7973480906157193,0.3253259862743272,0.7887000893804553,0.7660465297174476,0.7959862211353651,0.797404784469752,0.9268586595345585,0.8135838725850358,0.7353614001657018,0.5346807551333501,0.696355691903863,0.8186756549969815,0.7230439271913859,0.4396426532941139,0.6815272482230488,0.8872503357200754,0
