,afrikaans,arabic,armenian,basque,belarusian,bulgarian,catalan,chinese,classical_chinese,croatian,czech,danish,dutch,english,estonian,finnish,french,galician,german,gothic,greek,hebrew,hindi,hungarian,indonesian,irish,italian,japanese,kazakh,korean,latin,latvian,lithuanian,maltese,marathi,north_sami,old_church_slavonic,persian,polish,portuguese,romanian,russian,sanskrit,scottish_gaelic,serbian,slovak,slovenian,spanish,swedish,tamil,telugu,turkish,ukrainian,urdu,uyghur,vietnamese,welsh,wolof
afrikaans,1.0,0.7184263185175739,0.8538578547469504,0.822998394996666,0.8959071552471506,0.9056434889275917,0.925239733424162,0.6417906333190712,0,0.9164955939651998,0.9116424913975458,0.9553407144107655,0.9582076078407099,0.9231084700303323,0.8253109433575337,0.8054709783823997,0.873997397631923,0.7865882839505279,0.9362278956139307,0,0.8799726295939679,0.671829162043206,0.7675117198349051,0.6194574540489984,0.8686976373575281,0.8612447060883098,0.8862577482798092,0.6144432931418661,0.7025771244699154,0.5760684361187365,0.8825626263353491,0.8525185120822979,0.8000447476349244,0,0.7307043195803091,0,0.4577773582622053,0.83742004030637,0.9037174186490136,0.8352667954706281,0.9276494499370946,0.9071786178157866,0.432640401202566,0.8505550679825011,0.9144861186432443,0.9119277659367506,0.9174675099422216,0.9131258386086163,0.934883066835251,0.670748560381897,0.6919164287835896,0.7865124600254519,0.8997010529526991,0.8003068632826894,0.8203837467967667,0.74184625790845,0.9292803802991857,0.7806118550431836
arabic,0.7184263185175739,1.0,0.5755050207311437,0.7238009915298194,0.8409894118947702,0.8665797524344898,0.7367345110528039,0.7303450235813475,0,0.7555553414976017,0.8490265956098426,0.7812207992240059,0.7235568288627413,0.7237732611509573,0.6143634805660513,0.5645744626020315,0.7565433757319847,0.836846787501314,0.7238854886252576,0,0.7225261293530073,0.7582228746137092,0.7306285635726902,0.33846046897245996,0.6649496908987285,0.7263162350016052,0.8232866161019292,0.6189823680676855,0.49551468743774313,0.44426786339189234,0.713853183113756,0.8299762562298816,0.7467239927330722,0,0.4698739845696806,0,0.4187052095035634,0.7219347111232903,0.7502673505817066,0.8415608829284006,0.8299573221265371,0.8315224199427433,0.3728662381551864,0.7166313656101005,0.8184194733524852,0.8359888977063137,0.8090185377574288,0.7627807477439938,0.7535906789056019,0.8627835084158112,0.5321635595483878,0.6429138229917305,0.8336492587576633,0.7444077528594546,0.7762910440482308,0.5682059389853582,0.7562997204176315,0.6588800335609251
armenian,0.8538578547469504,0.5755050207311437,1.0,0.8329199954856689,0.8137195367180737,0.769497453185448,0.7197049100087375,0.5969453883837316,0,0.9037403126195896,0.8203206293493833,0.8312476902569563,0.762564381854795,0.7809300844980889,0.8340075125484346,0.9137970151858889,0.6135543435896178,0.48767114431768593,0.7213200157203667,0,0.6749606280577576,0.5898358232998323,0.6105807682562711,0.5827546877828368,0.7894056199854835,0.6430929526802279,0.6282697199971402,0.4577000635279864,0.8667931845260496,0.6018619948316465,0.8466289014206289,0.7953404744714088,0.8029163159970518,0,0.7819095059876564,0,0.4641575111967072,0.8340605078811909,0.8440655784557164,0.564051169561964,0.7524136437570648,0.8251633903984937,0.45553277330186226,0.6521640583800494,0.8637708702700436,0.8499815678045537,0.8589789303774318,0.6860587262248201,0.8458323179635333,0.6193418990859166,0.6910507796453038,0.9080419142110754,0.8198082620713326,0.6747730499482452,0.8604980001637399,0.6636892105071742,0.7639928620608795,0.6880296219609391
basque,0.822998394996666,0.7238009915298194,0.8329199954856689,1.0,0.8815950947987804,0.8043805411715436,0.7845659972008594,0.8182640230214948,0,0.9037587152719269,0.8721319456218055,0.8771696991761836,0.7785867562822577,0.7865741543583517,0.9196632482314508,0.8481497949301863,0.677727108932018,0.614520985582282,0.7790786894737272,0,0.7745245940525722,0.5756713420489308,0.6674379714778247,0.6122703183081776,0.8100359414529335,0.7275330214353932,0.6839849948407423,0.5614495217142177,0.6450914219721696,0.7017676205488632,0.8708212400052002,0.9303279528143341,0.8972236790579514,0,0.7349670782657631,0,0.5780466727315245,0.6973785857844937,0.8296592365143202,0.6980694302414705,0.849471080517974,0.8749452668305756,0.5385691281023708,0.7186615787971864,0.902014399453643,0.884282139535625,0.8987831362870274,0.756445416328289,0.8402829757197828,0.8590580988831976,0.7684873287966651,0.7943035571231538,0.8896805940394295,0.7205103363481783,0.8487968048802657,0.68638013437714,0.8605839485044426,0.7747927619908681
belarusian,0.8959071552471506,0.8409894118947702,0.8137195367180737,0.8815950947987804,1.0,0.9435112177322843,0.853968015387063,0.789852274867773,0,0.9345291900820217,0.9802046101934502,0.923039049194449,0.8571411683097524,0.8554703349374405,0.8396696292851997,0.8001971658249226,0.8037869069201504,0.755999784656434,0.8646601650472854,0,0.8080568458880704,0.6680164287261402,0.7593096021792708,0.5468888678742315,0.8366664325469638,0.8367886450451606,0.8082525686570018,0.6041764410955954,0.6890813902838273,0.6090688617585973,0.8959583363429493,0.9494640559396196,0.8997564722282669,0,0.7072594394612199,0,0.493462264759597,0.8139716015028647,0.9317892174677647,0.8175246279590687,0.9340005516772566,0.9781167912995925,0.4533515146577299,0.8131718566069885,0.9438565333063067,0.9675743001935921,0.9548084329902016,0.8387429477238879,0.8983009228314315,0.8602025191836505,0.7212118917996335,0.7977641577035688,0.9911090412098489,0.7916713085872816,0.9027667075857821,0.6888244643501498,0.8830687143701155,0.7309015617490324
bulgarian,0.9056434889275917,0.8665797524344898,0.769497453185448,0.8043805411715436,0.9435112177322843,1.0,0.8702402808523337,0.7189468490847845,0,0.910333031404182,0.9514264277388764,0.9302298290405512,0.8758216398165346,0.8746956953819128,0.7489311562748019,0.713752302898219,0.8280293710382177,0.7965328894976565,0.8625200961528949,0,0.7897008513607405,0.6763865695605605,0.8215385137307577,0.458842843409154,0.8354327934698189,0.8222907464675608,0.858482171598516,0.6966935650680979,0.6230414431593841,0.5409723687426798,0.8556963028950735,0.8930316002971173,0.8090949972947742,0,0.6400076455739686,0,0.4870009022186041,0.8644516386209458,0.9098805927798546,0.8564037072119833,0.9460450963320856,0.9359948739902628,0.426148048729129,0.8155153359309808,0.9463171538359562,0.9457810542582805,0.9437325738083056,0.8725543039189368,0.9155179952950081,0.7792435734565408,0.6169481645271448,0.7273707730355017,0.9348688774690904,0.8504097844672349,0.8457443217628895,0.6952588970137472,0.8579893425829387,0.7217930005215921
catalan,0.925239733424162,0.7367345110528039,0.7197049100087375,0.7845659972008594,0.853968015387063,0.8702402808523337,1.0,0.6844855159393973,0,0.8387218513058176,0.8456125476471086,0.9365363049599474,0.9600682720804808,0.9242011672601742,0.7605833718747357,0.7026128199900429,0.9507924669853425,0.8712511492348852,0.9522685040636423,0,0.9200131959050516,0.6660896792992759,0.7739860020523258,0.6192843115873137,0.8489864697135874,0.907150734251781,0.9344718013542171,0.7017064418892585,0.5587692905425418,0.5605603494495012,0.8129634351937945,0.8126515641341806,0.7237812667720673,0,0.6561704735572758,0,0.4706460423170686,0.804304482132888,0.8454934613295876,0.922718428016859,0.9411288705113818,0.8444461617701571,0.35372669121471667,0.8824272187801074,0.8578806511480688,0.8441247769028416,0.8479224207164464,0.9918991381076702,0.9147453144438267,0.6628702299281822,0.6802811171087574,0.7116070486840416,0.8550105610615715,0.7961583429078235,0.7097041112837796,0.7430660771926392,0.9567714472902815,0.8305385355576339
chinese,0.6417906333190712,0.7303450235813475,0.5969453883837316,0.8182640230214948,0.789852274867773,0.7189468490847845,0.6844855159393973,1.0,0,0.7571635439077049,0.7685097663614208,0.7355056989720272,0.6442247490562026,0.7743794615217185,0.7374474741380179,0.636263574201733,0.6275142240388654,0.6227919478678298,0.658734967084203,0,0.6801592612193431,0.495286366221749,0.7658890054145321,0.4750616123068745,0.749705117054528,0.6379592465771587,0.6224951032560703,0.6386740463282803,0.43536900295161546,0.8095598129519086,0.7266183680727889,0.8429364528452236,0.7764936466829901,0,0.5450363230425699,0,0.44493149912898067,0.5898990158716484,0.6825647533644281,0.6870426442962062,0.7600126755345754,0.7763352409632143,0.3804678491507649,0.5964445248649785,0.752124798321767,0.7767614436068684,0.7636206423752859,0.6778629911921122,0.7081382622354195,0.8346775468200347,0.6658334144471768,0.6628178700890609,0.8077559459151153,0.7827824927759026,0.7398384680952177,0.7468118383260117,0.7275189059894109,0.6413478254648693
classical_chinese,0.0,0.0,0.0,0.0,0.0,0.0,0.0,0.0,0,0.0,0.0,0.0,0.0,0.0,0.0,0.0,0.0,0.0,0.0,0,0.0,0.0,0.0,0.0,0.0,0.0,0.0,0.0,0.0,0.0,0.0,0.0,0.0,0,0.0,0,0.0,0.0,0.0,0.0,0.0,0.0,0.0,0.0,0.0,0.0,0.0,0.0,0.0,0.0,0.0,0.0,0.0,0.0,0.0,0.0,0.0,0.0
croatian,0.9164955939651998,0.7555553414976017,0.9037403126195896,0.9037587152719269,0.9345291900820217,0.910333031404182,0.8387218513058176,0.7571635439077049,0,1.0,0.9272586285542243,0.9382247379648918,0.8648434793677525,0.8835267719283888,0.8849370568274204,0.8572841946686389,0.7594113755759233,0.6526036387821921,0.8331177867504568,0,0.7785187849932558,0.6530477479342106,0.7551317284588153,0.616089869346596,0.8785569931185431,0.7626214923675592,0.7660647876939635,0.5892047297463092,0.7165281674445912,0.6859633974076276,0.9241729942665554,0.9278352049777747,0.8942194156546699,0,0.7849066948457503,0,0.5358333963248137,0.8158308080157526,0.9190410153248716,0.7416661054608886,0.8993578994497169,0.9305600643839443,0.549080426435204,0.7658097905142707,0.9719250014274478,0.9646830722837874,0.9632473218665679,0.8209345363904227,0.929114890503641,0.7520584098277966,0.7407553092101063,0.8274291464243402,0.9369527441471195,0.7976196514493968,0.8933771392432036,0.7522939908536627,0.8693285415837503,0.7498531401211912
czech,0.9116424913975458,0.8490265956098426,0.8203206293493833,0.8721319456218055,0.9802046101934502,0.9514264277388764,0.8456125476471086,0.7685097663614208,0,0.9272586285542243,1.0,0.9272313199444598,0.8687971300518418,0.8629387728601051,0.8389588589728614,0.8105959771623108,0.7949450694849647,0.758094687466384,0.8692024000576595,0,0.7996050204537573,0.6844094413351074,0.7879101375288249,0.5208499716948066,0.8407055343325807,0.8434963769135033,0.8161495881659069,0.6346996149371252,0.7172507255945361,0.5885205430854967,0.8939835053025303,0.9363504850653994,0.890658779159384,0,0.6989010513097391,0,0.4921522235812656,0.8353196444200015,0.9381542359509042,0.8062458377384063,0.9370545686527326,0.9805031698025497,0.47083107226974974,0.8395478620961566,0.9466500720368921,0.9659199259904788,0.9498527137232532,0.8331830857155332,0.9111859905431952,0.851287793102509,0.7264684880742114,0.8064195202222278,0.9771272571806406,0.8124251717839439,0.9268570812045348,0.6898658009332393,0.8718586221173729,0.730936088533796
danish,0.9553407144107655,0.7812207992240059,0.8312476902569563,0.8771696991761836,0.923039049194449,0.9302298290405512,0.9365363049599474,0.7355056989720272,0,0.9382247379648918,0.9272313199444598,1.0,0.9547185421586037,0.9232257854341056,0.8739702391589306,0.8229120683248947,0.8813550164552012,0.7892696794390899,0.9342478031550083,0,0.8827649427576459,0.6934388300364819,0.7942046626190093,0.6283544840177862,0.870491903659637,0.8820011717260332,0.8852726053076245,0.6761560589718256,0.6647884972837586,0.602157287694696,0.8818469725175697,0.8928965066489729,0.8210923156961828,0,0.766605546800034,0,0.5304056044142957,0.850563915827005,0.8886234157681704,0.8678372635084717,0.956417656769497,0.9179678201647473,0.5421144073059871,0.8820365538274109,0.9497127837800942,0.9332675568453411,0.9427312214465952,0.928772071469524,0.9763514243366279,0.7344820491332501,0.7631244992298095,0.7809483129585638,0.9204624243174383,0.8274222210890553,0.8345270233605434,0.7640638179591226,0.9410966714922826,0.870463561376976
dutch,0.9582076078407099,0.7235568288627413,0.762564381854795,0.7785867562822577,0.8571411683097524,0.8758216398165346,0.9600682720804808,0.6442247490562026,0,0.8648434793677525,0.8687971300518418,0.9547185421586037,1.0,0.9309361807012789,0.7967959697314312,0.7558295877685087,0.9381491042649824,0.8397546979461843,0.9710947747963233,0,0.9363945920452067,0.6675794331034668,0.7655865682251468,0.6285247809123641,0.8371605813758781,0.9149827342276855,0.9401543112541674,0.6479625500497805,0.6398189867580795,0.5304454124484428,0.8334153065280858,0.8237998057912392,0.7412365931257583,0,0.7072385701395867,0,0.4318416433718449,0.8180854353295817,0.8468204822678904,0.8962650710478064,0.9367248396105541,0.8686647706222587,0.44624622445419754,0.8943489234329534,0.8790204174917579,0.8665166517695608,0.8685206016058096,0.9615888286074521,0.9435054605988126,0.6473707533094113,0.700886686424074,0.7406335685397201,0.8595036792241783,0.7805252916583494,0.7628944370426856,0.734331813372897,0.9489608869467147,0.8304766606351801
english,0.9231084700303323,0.7237732611509573,0.7809300844980889,0.7865741543583517,0.8554703349374405,0.8746956953819128,0.9242011672601742,0.7743794615217185,0,0.8835267719283888,0.8629387728601051,0.9232257854341056,0.9309361807012789,1.0,0.7733346435041767,0.7530928725529076,0.8787118837617907,0.7845436930162478,0.9077632031494699,0,0.8566196041681596,0.6610082188408799,0.9102586227653773,0.5990668043310593,0.9057667344989544,0.8527419977706877,0.890290702101359,0.7773180117725541,0.6402538846395641,0.7413383431898374,0.84293982177829,0.8205625186460811,0.7521223731494326,0,0.6697963698168847,0,0.4458418872562044,0.8213295134405268,0.8515592898141778,0.8440172033367784,0.9085651381710466,0.8726573740354907,0.40173883364056556,0.846256823630431,0.8672139364325147,0.8660689332658488,0.8657124910814483,0.9163671839735592,0.921208342902917,0.6510489433453801,0.6950996877733978,0.7793832266538554,0.8727874608458774,0.9239402594429557,0.7830411517289767,0.877479151628218,0.9116892997854121,0.7906557163366867
estonian,0.8253109433575337,0.6143634805660513,0.8340075125484346,0.9196632482314508,0.8396696292851997,0.7489311562748019,0.7605833718747357,0.7374474741380179,0,0.8849370568274204,0.8389588589728614,0.8739702391589306,0.7967959697314312,0.7733346435041767,1.0,0.9305896346787147,0.6551133526283506,0.5341767241594899,0.799153650884274,0,0.7403283257591383,0.5897161024485099,0.6151004636348855,0.6282987498317613,0.8135788839357759,0.7318649478060816,0.6549174315655625,0.4978606052311109,0.6874807560018956,0.6613305907325499,0.8559515886498096,0.8645424241008932,0.8397599392280831,0,0.8065855515347035,0,0.5752680592193282,0.6890799431484929,0.8136649572370476,0.6290266791607906,0.8111122100967566,0.8468242728221337,0.6036266227598319,0.7354385202207439,0.8690502549379294,0.8333859026716633,0.8860702108135843,0.7209778389973012,0.8710771310761345,0.7300256907696339,0.8358615977255015,0.7914517719253898,0.8453596055580583,0.6544430648781983,0.7953364616346908,0.6984435399163197,0.8337116419651762,0.7566261929908474
finnish,0.8054709783823997,0.5645744626020315,0.9137970151858889,0.8481497949301863,0.8001971658249226,0.713752302898219,0.7026128199900429,0.636263574201733,0,0.8572841946686389,0.8105959771623108,0.8229120683248947,0.7558295877685087,0.7530928725529076,0.9305896346787147,1.0,0.5884403121140982,0.4711992515515672,0.7601774468298049,0,0.6671374272544249,0.5936974002000233,0.5954304834199087,0.5711801122333663,0.775741095532645,0.688228325951304,0.6121220134030271,0.4547077535770285,0.8672842179018754,0.6084797634871101,0.810082994043274,0.79427893724304,0.7760471777178083,0,0.8158312282845313,0,0.564183085808426,0.7784971211863146,0.7967003979272156,0.5354664611605373,0.7389822567862715,0.8155276552582521,0.5875635843318565,0.7224329402301426,0.8345505441331059,0.7915437378373874,0.8418330690257706,0.6631240455481651,0.852371807830699,0.6528374864601681,0.8291929225767642,0.9033285994664576,0.8018616655135504,0.63287529726748,0.8420947563709885,0.6814328372965225,0.7744226015638588,0.7069592038334709
french,0.873997397631923,0.7565433757319847,0.6135543435896178,0.677727108932018,0.8037869069201504,0.8280293710382177,0.9507924669853425,0.6275142240388654,0,0.7594113755759233,0.7949450694849647,0.8813550164552012,0.9381491042649824,0.8787118837617907,0.6551133526283506,0.5884403121140982,1.0,0.9208300035693645,0.9302611289971467,0,0.9321714739459224,0.6813684434012037,0.7226115920967583,0.597052913310047,0.7451684209049175,0.8986559656432355,0.9679610764695996,0.6379928308018197,0.4737171496061317,0.47072549648927703,0.7616042398680907,0.763328735609785,0.6838894250086095,0,0.5734075764235084,0,0.3665140624989652,0.7467967294644698,0.7724703918015866,0.9653029527710646,0.9074138914936979,0.7915506816079744,0.31171247934508717,0.8407382439775467,0.7748518509786436,0.8003748351918126,0.7790667387653226,0.964023466875924,0.8474056572479535,0.6201948625377065,0.5779894057688191,0.6293640646095436,0.8003554685290213,0.7320813621667907,0.6429853502746863,0.6779792641482791,0.9231685977398352,0.7808164015287026
galician,0.7865882839505279,0.836846787501314,0.48767114431768593,0.614520985582282,0.755999784656434,0.7965328894976565,0.8712511492348852,0.6227919478678298,0,0.6526036387821921,0.758094687466384,0.7892696794390899,0.8397546979461843,0.7845436930162478,0.5341767241594899,0.4711992515515672,0.9208300035693645,1.0,0.8371626578091302,0,0.8835882239487216,0.6792035981325113,0.7061869451210987,0.4452066490575283,0.6238025637858093,0.8578439124560711,0.9399424478118835,0.6339265405420234,0.4157707812120007,0.3744991413842808,0.6227900683454177,0.7194436737821059,0.5870129545456125,0,0.45892817179518675,0,0.33220159892856455,0.6940718035908626,0.6773373418223712,0.9526852594340661,0.8360700931170836,0.7378364101186319,0.21492818204872166,0.7979805693169505,0.713388214225356,0.7307099898636985,0.704082510749863,0.9025024430032719,0.7448840252540052,0.6978244244757023,0.5371287346261159,0.5624204136865472,0.7519229412394837,0.7150472735975681,0.6267907485679186,0.5865188055780649,0.844607531004256,0.7277548782181599
german,0.9362278956139307,0.7238854886252576,0.7213200157203667,0.7790786894737272,0.8646601650472854,0.8625200961528949,0.9522685040636423,0.658734967084203,0,0.8331177867504568,0.8692024000576595,0.9342478031550083,0.9710947747963233,0.9077632031494699,0.799153650884274,0.7601774468298049,0.9302611289971467,0.8371626578091302,1.0,0,0.9227545068490182,0.6611649761841415,0.7514485012777471,0.6016831876308529,0.8401475348482732,0.9051689078983564,0.9313375661065308,0.6375181574271475,0.6143224569408631,0.5289696696050524,0.806928490126054,0.8193372093589226,0.7249275613703782,0,0.6921257010494025,0,0.4440730225097711,0.7915013656909693,0.8343462711951094,0.8944590905029304,0.9382804486694429,0.8671285371403497,0.44429129808517603,0.8936022116461958,0.8601250576369495,0.8401871198405617,0.8654282296206973,0.947829836128342,0.9181253195689518,0.6668287082855747,0.7057416420298857,0.7290258879540757,0.8580844852621359,0.7628287494650334,0.7565051694216924,0.7266348423644219,0.9432467254850732,0.7938975600980529
gothic,0.0,0.0,0.0,0.0,0.0,0.0,0.0,0.0,0,0.0,0.0,0.0,0.0,0.0,0.0,0.0,0.0,0.0,0.0,0,0.0,0.0,0.0,0.0,0.0,0.0,0.0,0.0,0.0,0.0,0.0,0.0,0.0,0,0.0,0,0.0,0.0,0.0,0.0,0.0,0.0,0.0,0.0,0.0,0.0,0.0,0.0,0.0,0.0,0.0,0.0,0.0,0.0,0.0,0.0,0.0,0.0
greek,0.8799726295939679,0.7225261293530073,0.6749606280577576,0.7745245940525722,0.8080568458880704,0.7897008513607405,0.9200131959050516,0.6801592612193431,0,0.7785187849932558,0.7996050204537573,0.8827649427576459,0.9363945920452067,0.8566196041681596,0.7403283257591383,0.6671374272544249,0.9321714739459224,0.8835882239487216,0.9227545068490182,0,1.0,0.6102632500174374,0.6487121130173603,0.6241035369364581,0.7202929182616129,0.8873557408563896,0.9216307414962311,0.5315581517493907,0.5189144130345801,0.48884322926881146,0.7547712299923861,0.8092336985226817,0.7153073191391104,0,0.6679963086151036,0,0.4018868412215717,0.6886097683047392,0.741858405310341,0.9228623124096874,0.8754981339226682,0.7973209382558364,0.356239623771213,0.7981747382161001,0.8000092245977686,0.8108566307207294,0.8059313572450739,0.9341981441699045,0.841656796123322,0.7139160834569938,0.6312801025836762,0.6767680161475288,0.8095609347376401,0.6901463747292758,0.7073337204559409,0.6573062288380879,0.9356419709226617,0.8065608779471425
hebrew,0.671829162043206,0.7582228746137092,0.5898358232998323,0.5756713420489308,0.6680164287261402,0.6763865695605605,0.6660896792992759,0.495286366221749,0,0.6530477479342106,0.6844094413351074,0.6934388300364819,0.6675794331034668,0.6610082188408799,0.5897161024485099,0.5936974002000233,0.6813684434012037,0.6792035981325113,0.6611649761841415,0,0.6102632500174374,1.0,0.6097641018051599,0.39845966312567516,0.6327213366587274,0.6378657038366929,0.7494098650892744,0.5470927359434384,0.5696630156547694,0.40811703250331927,0.6225503428192549,0.6097251893259126,0.5621364179248521,0,0.5156126528424705,0,0.3337248213165413,0.6634861364550708,0.6657153286211805,0.6866843388190701,0.6796051016938898,0.6725440866540181,0.32219089379103655,0.6688914589839065,0.665550096938997,0.6520443839473133,0.6545891025577103,0.6558654130003019,0.7027293085617686,0.5624279062662062,0.5512807679260119,0.6211083402688498,0.6674595622900987,0.6179656576896252,0.6065416349920162,0.5398906831847617,0.6586256197828472,0.6621744017974515
hindi,0.7675117198349051,0.7306285635726902,0.6105807682562711,0.6674379714778247,0.7593096021792708,0.8215385137307577,0.7739860020523258,0.7658890054145321,0,0.7551317284588153,0.7879101375288249,0.7942046626190093,0.7655865682251468,0.9102586227653773,0.6151004636348855,0.5954304834199087,0.7226115920967583,0.7061869451210987,0.7514485012777471,0,0.6487121130173603,0.6097641018051599,1.0,0.391650692144007,0.8301533857451079,0.735132616386137,0.7727758377891798,0.9076722773452294,0.5333519633797713,0.7330563915453376,0.6929181799338515,0.7089841061736513,0.6270332357869332,0,0.465958070339447,0,0.3714358398275536,0.7565254267197158,0.7456994032181725,0.7310275863114827,0.805283122690931,0.7851586665949786,0.34198323931783325,0.7773502648839227,0.76905693356728,0.7525705125204374,0.7504229934983637,0.7687157806554401,0.7984722403722032,0.6107062199812149,0.5974163680541594,0.6561570119481737,0.7816307961754451,0.981938997633086,0.7082666315086247,0.845043167315671,0.7467852112646585,0.6891252103787143
hungarian,0.6194574540489984,0.33846046897245996,0.5827546877828368,0.6122703183081776,0.5468888678742315,0.458842843409154,0.6192843115873137,0.4750616123068745,0,0.616089869346596,0.5208499716948066,0.6283544840177862,0.6285247809123641,0.5990668043310593,0.6282987498317613,0.5711801122333663,0.597052913310047,0.4452066490575283,0.6016831876308529,0,0.6241035369364581,0.39845966312567516,0.391650692144007,1.0,0.5778420781024705,0.557660322626411,0.5279904883597576,0.28826185506212554,0.4143710004925515,0.49508205452956744,0.6265133640636011,0.5863551107311644,0.5950181640246692,0,0.5525434614145784,0,0.30784414752227895,0.45075216445315414,0.5495751794664484,0.525572125258383,0.5795236497167852,0.5388983817814963,0.33273131867161737,0.5293204590640911,0.5409548236927824,0.57050660331636,0.5350265027891131,0.5960294056716046,0.5886247451684778,0.38420188322853616,0.568937181741119,0.5409277890239002,0.5626724757347131,0.4117109457836494,0.478744466247804,0.5159858474890145,0.6617347316521993,0.6005252774747738
indonesian,0.8686976373575281,0.6649496908987285,0.7894056199854835,0.8100359414529335,0.8366664325469638,0.8354327934698189,0.8489864697135874,0.749705117054528,0,0.8785569931185431,0.8407055343325807,0.870491903659637,0.8371605813758781,0.9057667344989544,0.8135788839357759,0.775741095532645,0.7451684209049175,0.6238025637858093,0.8401475348482732,0,0.7202929182616129,0.6327213366587274,0.8301533857451079,0.5778420781024705,1.0,0.7354788974258657,0.7526955697365256,0.7054259266910391,0.6304797118017832,0.7829506976663528,0.8564970386064006,0.809900700839617,0.7837938388171743,0,0.6523254222357181,0,0.4466074844589752,0.7865190917657153,0.8780766259546199,0.7195986820238569,0.8792196090109012,0.8537377488235299,0.43503873439331475,0.7653043476625485,0.8698901812884103,0.8376914135826564,0.8454110931523185,0.8131004950150137,0.8695339129382629,0.6204128940130009,0.7045760262729817,0.7858306997151526,0.852575711114247,0.8431237316233084,0.7604263212283943,0.8253997032254758,0.8250129173864303,0.7083832176113872
irish,0.8612447060883098,0.7263162350016052,0.6430929526802279,0.7275330214353932,0.8367886450451606,0.8222907464675608,0.907150734251781,0.6379592465771587,0,0.7626214923675592,0.8434963769135033,0.8820011717260332,0.9149827342276855,0.8527419977706877,0.7318649478060816,0.688228325951304,0.8986559656432355,0.8578439124560711,0.9051689078983564,0,0.8873557408563896,0.6378657038366929,0.735132616386137,0.557660322626411,0.7354788974258657,1.0,0.8935221868474874,0.6400265818467475,0.5906568158545602,0.4730107008241629,0.7511050590288297,0.776514511812785,0.7024857603305089,0,0.6096158093408035,0,0.536105137638774,0.7478952371350771,0.7920419164425366,0.8708611924764122,0.8757317710088185,0.8308569172255148,0.4582804500142184,0.9468480707588304,0.7868446936760121,0.79705684754587,0.783201575365898,0.903083160855452,0.8609746794039852,0.6812602400209956,0.7005007023489476,0.6895206971470523,0.8332091185222249,0.7401094256654499,0.7150622793506114,0.6987006571258714,0.9171714832056932,0.8124228725220779
italian,0.8862577482798092,0.8232866161019292,0.6282697199971402,0.6839849948407423,0.8082525686570018,0.858482171598516,0.9344718013542171,0.6224951032560703,0,0.7660647876939635,0.8161495881659069,0.8852726053076245,0.9401543112541674,0.890290702101359,0.6549174315655625,0.6121220134030271,0.9679610764695996,0.9399424478118835,0.9313375661065308,0,0.9216307414962311,0.7494098650892744,0.7727758377891798,0.5279904883597576,0.7526955697365256,0.8935221868474874,1.0,0.6847296973287635,0.528793999823831,0.4594485948519912,0.7532406078827405,0.7647426578809163,0.6603679034237439,0,0.5529593163232188,0,0.35815132025284924,0.7756444843106276,0.7756181355179319,0.9622252729353823,0.907834987419379,0.8166337489400659,0.3169556313064689,0.8621464106743791,0.8014869937806335,0.8061221059440039,0.8038987569143342,0.9538777553144675,0.8596002369559176,0.6600888557232473,0.5694889134770134,0.6578582864494739,0.8109443162611416,0.7836248265106549,0.6859594681808034,0.6859448709627464,0.9175960305577882,0.7881846761133556
japanese,0.6144432931418661,0.6189823680676855,0.4577000635279864,0.5614495217142177,0.6041764410955954,0.6966935650680979,0.7017064418892585,0.6386740463282803,0,0.5892047297463092,0.6346996149371252,0.6761560589718256,0.6479625500497805,0.7773180117725541,0.4978606052311109,0.4547077535770285,0.6379928308018197,0.6339265405420234,0.6375181574271475,0,0.5315581517493907,0.5470927359434384,0.9076722773452294,0.28826185506212554,0.7054259266910391,0.6400265818467475,0.6847296973287635,1.0,0.402944091024342,0.6177801685621009,0.5505174102285455,0.5423068927261069,0.4553415691663195,0,0.33270316417796103,0,0.2514357237816889,0.6577017659676685,0.6177755826233008,0.6456210583010963,0.7074110532594609,0.6347840351023138,0.20117449523720235,0.7057041731145236,0.6413613448394541,0.5691773220780362,0.6095127880143503,0.6878183086169477,0.6943119176498846,0.49458696464882235,0.5180090085795145,0.5006962556352751,0.630732461915402,0.9034288471753664,0.5188517407668797,0.696849960384202,0.6406439310237437,0.6649097297906148
kazakh,0.7025771244699154,0.49551468743774313,0.8667931845260496,0.6450914219721696,0.6890813902838273,0.6230414431593841,0.5587692905425418,0.43536900295161546,0,0.7165281674445912,0.7172507255945361,0.6647884972837586,0.6398189867580795,0.6402538846395641,0.6874807560018956,0.8672842179018754,0.4737171496061317,0.4157707812120007,0.6143224569408631,0,0.5189144130345801,0.5696630156547694,0.5333519633797713,0.4143710004925515,0.6304797118017832,0.5906568158545602,0.528793999823831,0.402944091024342,1.0,0.4562700662188965,0.6704204416739445,0.6246661430407864,0.628779812360682,0,0.6792003828698677,0,0.3679156444031559,0.8085208604065793,0.7126882494590346,0.41272859496535214,0.5931748771683322,0.7188115934425551,0.42828507556620915,0.6440669273490776,0.6982080860309664,0.6696269301739026,0.6793772356736262,0.525880853595814,0.7122516237200222,0.5361806327070435,0.6962260085874749,0.9071383704769355,0.6967143458759988,0.5589408242430393,0.8159673303426367,0.5065734456962575,0.6027519047774956,0.5531235809015381
korean,0.5760684361187365,0.44426786339189234,0.6018619948316465,0.7017676205488632,0.6090688617585973,0.5409723687426798,0.5605603494495012,0.8095598129519086,0,0.6859633974076276,0.5885205430854967,0.602157287694696,0.5304454124484428,0.7413383431898374,0.6613305907325499,0.6084797634871101,0.47072549648927703,0.3744991413842808,0.5289696696050524,0,0.48884322926881146,0.40811703250331927,0.7330563915453376,0.49508205452956744,0.7829506976663528,0.4730107008241629,0.4594485948519912,0.6177801685621009,0.4562700662188965,1.0,0.6880976673083647,0.6519368033119316,0.6652540223414901,0,0.5024928330882563,0,0.3916252479497928,0.48919298172801207,0.617368127339758,0.4579261449134896,0.6034825442600948,0.6205953739188195,0.3870427468898093,0.4723833725132546,0.6099631900928925,0.6173886506490592,0.6171040888577074,0.5199818913892379,0.591692418532716,0.5396834412480754,0.6126936365336687,0.6432496518756372,0.6480049421596149,0.7423264223300824,0.5804293650253839,0.7720529136896717,0.5937740073417859,0.5117193536540243
latin,0.8825626263353491,0.713853183113756,0.8466289014206289,0.8708212400052002,0.8959583363429493,0.8556963028950735,0.8129634351937945,0.7266183680727889,0,0.9241729942665554,0.8939835053025303,0.8818469725175697,0.8334153065280858,0.84293982177829,0.8559515886498096,0.810082994043274,0.7616042398680907,0.6227900683454177,0.806928490126054,0,0.7547712299923861,0.6225503428192549,0.6929181799338515,0.6265133640636011,0.8564970386064006,0.7511050590288297,0.7532406078827405,0.5505174102285455,0.6704204416739445,0.6880976673083647,1.0,0.9141493955816926,0.9434384040255416,0,0.6442307843794336,0,0.4672075534990189,0.7634285389747464,0.9249955603345482,0.7332981629253064,0.8927241069400258,0.9160565549149229,0.45886313791062894,0.7299477131160668,0.884466092286604,0.9284542620489386,0.9129243209455083,0.7886332680488615,0.858817026694356,0.7457644979786949,0.6589652734808066,0.8015539964198104,0.9157064878859438,0.7219516520474741,0.8133003845089268,0.6722083257608443,0.8705965154095905,0.678853344136253
latvian,0.8525185120822979,0.8299762562298816,0.7953404744714088,0.9303279528143341,0.9494640559396196,0.8930316002971173,0.8126515641341806,0.8429364528452236,0,0.9278352049777747,0.9363504850653994,0.8928965066489729,0.8237998057912392,0.8205625186460811,0.8645424241008932,0.79427893724304,0.763328735609785,0.7194436737821059,0.8193372093589226,0,0.8092336985226817,0.6097251893259126,0.7089841061736513,0.5863551107311644,0.809900700839617,0.776514511812785,0.7647426578809163,0.5423068927261069,0.6246661430407864,0.6519368033119316,0.9141493955816926,1.0,0.9371107538100945,0,0.6780879040008594,0,0.5103103171010352,0.7498522884045932,0.8842009813380922,0.7936908805007389,0.9140393151689535,0.9431697893286143,0.49069852893356647,0.7449762814897641,0.9243908272509909,0.9545889319608055,0.9351919447029361,0.8066659693706819,0.8572458333701741,0.8960514290189329,0.7147138094360882,0.7934906868551568,0.9540774525970515,0.7362435534493466,0.8867833084243325,0.6742917905969036,0.8789022229691471,0.7123674508459867
lithuanian,0.8000447476349244,0.7467239927330722,0.8029163159970518,0.8972236790579514,0.8997564722282669,0.8090949972947742,0.7237812667720673,0.7764936466829901,0,0.8942194156546699,0.890658779159384,0.8210923156961828,0.7412365931257583,0.7521223731494326,0.8397599392280831,0.7760471777178083,0.6838894250086095,0.5870129545456125,0.7249275613703782,0,0.7153073191391104,0.5621364179248521,0.6270332357869332,0.5950181640246692,0.7837938388171743,0.7024857603305089,0.6603679034237439,0.4553415691663195,0.628779812360682,0.6652540223414901,0.9434384040255416,0.9371107538100945,1.0,0,0.6058975076547072,0,0.45528094166856165,0.6907421464542952,0.879663192707938,0.683484834979803,0.8391598313819254,0.8964996195965498,0.454400420024478,0.6621771945415001,0.8567853753682384,0.9272207966893098,0.8798468812257342,0.700003639696788,0.7819236651827055,0.8335883408241297,0.6449819600589513,0.7812376209649697,0.9148408111243649,0.6614010226523971,0.8387759098124602,0.611692439341199,0.818743758698262,0.6321391595319804
maltese,0.0,0.0,0.0,0.0,0.0,0.0,0.0,0.0,0,0.0,0.0,0.0,0.0,0.0,0.0,0.0,0.0,0.0,0.0,0,0.0,0.0,0.0,0.0,0.0,0.0,0.0,0.0,0.0,0.0,0.0,0.0,0.0,0,0.0,0,0.0,0.0,0.0,0.0,0.0,0.0,0.0,0.0,0.0,0.0,0.0,0.0,0.0,0.0,0.0,0.0,0.0,0.0,0.0,0.0,0.0,0.0
marathi,0.7307043195803091,0.4698739845696806,0.7819095059876564,0.7349670782657631,0.7072594394612199,0.6400076455739686,0.6561704735572758,0.5450363230425699,0,0.7849066948457503,0.6989010513097391,0.766605546800034,0.7072385701395867,0.6697963698168847,0.8065855515347035,0.8158312282845313,0.5734075764235084,0.45892817179518675,0.6921257010494025,0,0.6679963086151036,0.5156126528424705,0.465958070339447,0.5525434614145784,0.6523254222357181,0.6096158093408035,0.5529593163232188,0.33270316417796103,0.6792003828698677,0.5024928330882563,0.6442307843794336,0.6780879040008594,0.6058975076547072,0,1.0,0,0.5987272808690495,0.6051374029960171,0.6682512678360707,0.5159043646835875,0.6313826924324369,0.6720888321542327,0.6254364244760872,0.6099444468407073,0.7721090236592446,0.6944036764870528,0.7434245810753691,0.6367418288123274,0.7790030668349882,0.5410749146798837,0.8248633261780023,0.6889713686848762,0.6775353214867261,0.5240524657339608,0.7221329591015017,0.6057811200086891,0.6447952549021677,0.6759899108514438
north_sami,0.0,0.0,0.0,0.0,0.0,0.0,0.0,0.0,0,0.0,0.0,0.0,0.0,0.0,0.0,0.0,0.0,0.0,0.0,0,0.0,0.0,0.0,0.0,0.0,0.0,0.0,0.0,0.0,0.0,0.0,0.0,0.0,0,0.0,0,0.0,0.0,0.0,0.0,0.0,0.0,0.0,0.0,0.0,0.0,0.0,0.0,0.0,0.0,0.0,0.0,0.0,0.0,0.0,0.0,0.0,0.0
old_church_slavonic,0.4577773582622053,0.4187052095035634,0.4641575111967072,0.5780466727315245,0.493462264759597,0.4870009022186041,0.4706460423170686,0.44493149912898067,0,0.5358333963248137,0.4921522235812656,0.5304056044142957,0.4318416433718449,0.4458418872562044,0.5752680592193282,0.564183085808426,0.3665140624989652,0.33220159892856455,0.4440730225097711,0,0.4018868412215717,0.3337248213165413,0.3714358398275536,0.30784414752227895,0.4466074844589752,0.536105137638774,0.35815132025284924,0.2514357237816889,0.3679156444031559,0.3916252479497928,0.4672075534990189,0.5103103171010352,0.45528094166856165,0,0.5987272808690495,0,1.0,0.4110335878011698,0.4616193961851341,0.37181463345246624,0.43435386474096255,0.4596641072432993,0.728139135697311,0.4978359667281134,0.5309288711265462,0.48521498083574177,0.5242828095214302,0.4523902544916073,0.5399706446699987,0.4715050576668023,0.5707776184861015,0.46519924792844336,0.4562490865911525,0.3824972889600976,0.45656731744502715,0.5045152227664155,0.4899817036389375,0.44454171609932663
persian,0.83742004030637,0.7219347111232903,0.8340605078811909,0.6973785857844937,0.8139716015028647,0.8644516386209458,0.804304482132888,0.5898990158716484,0,0.8158308080157526,0.8353196444200015,0.850563915827005,0.8180854353295817,0.8213295134405268,0.6890799431484929,0.7784971211863146,0.7467967294644698,0.6940718035908626,0.7915013656909693,0,0.6886097683047392,0.6634861364550708,0.7565254267197158,0.45075216445315414,0.7865190917657153,0.7478952371350771,0.7756444843106276,0.6577017659676685,0.8085208604065793,0.48919298172801207,0.7634285389747464,0.7498522884045932,0.6907421464542952,0,0.6051374029960171,0,0.4110335878011698,1.0,0.8221437726651364,0.7355394391357648,0.8388255624173697,0.8236235947388062,0.3836363008950784,0.7797115948517749,0.8376117348704181,0.8238626884324712,0.8187278314256563,0.7957619235604161,0.8741041001557864,0.6079152655992225,0.6303363354997776,0.8625773457435554,0.8132348154293328,0.7699474546623732,0.8105465468975739,0.6557495326219434,0.7842313969536776,0.6864221045322836
polish,0.9037174186490136,0.7502673505817066,0.8440655784557164,0.8296592365143202,0.9317892174677647,0.9098805927798546,0.8454934613295876,0.6825647533644281,0,0.9190410153248716,0.9381542359509042,0.8886234157681704,0.8468204822678904,0.8515592898141778,0.8136649572370476,0.7967003979272156,0.7724703918015866,0.6773373418223712,0.8343462711951094,0,0.741858405310341,0.6657153286211805,0.7456994032181725,0.5495751794664484,0.8780766259546199,0.7920419164425366,0.7756181355179319,0.6177755826233008,0.7126882494590346,0.617368127339758,0.9249955603345482,0.8842009813380922,0.879663192707938,0,0.6682512678360707,0,0.4616193961851341,0.8221437726651364,1.0,0.7477752903422578,0.9062196912240554,0.933523028498855,0.39919946275603563,0.7884266856028611,0.913512720632845,0.9276881384570195,0.9155664102318443,0.8141895225247175,0.8811239048739987,0.73596292884669,0.6767858380356764,0.8051910406623299,0.9363410547421521,0.7729084097902573,0.8440682773967271,0.6694206070237345,0.8487232711007795,0.6829173346130664
portuguese,0.8352667954706281,0.8415608829284006,0.564051169561964,0.6980694302414705,0.8175246279590687,0.8564037072119833,0.922718428016859,0.6870426442962062,0,0.7416661054608886,0.8062458377384063,0.8678372635084717,0.8962650710478064,0.8440172033367784,0.6290266791607906,0.5354664611605373,0.9653029527710646,0.9526852594340661,0.8944590905029304,0,0.9228623124096874,0.6866843388190701,0.7310275863114827,0.525572125258383,0.7195986820238569,0.8708611924764122,0.9622252729353823,0.6456210583010963,0.41272859496535214,0.4579261449134896,0.7332981629253064,0.7936908805007389,0.683484834979803,0,0.5159043646835875,0,0.37181463345246624,0.7355394391357648,0.7477752903422578,1.0,0.9151678949194478,0.7950819943198478,0.2985080794294944,0.8025237312471454,0.7826054503717258,0.8118547159125064,0.790462971497636,0.9451721683308597,0.8165018329942622,0.7167809433635686,0.5262200924958024,0.6024646956930475,0.8133398004545204,0.7442676468577947,0.652281574213095,0.6356134092939327,0.9007446674086729,0.7562294409457371
romanian,0.9276494499370946,0.8299573221265371,0.7524136437570648,0.849471080517974,0.9340005516772566,0.9460450963320856,0.9411288705113818,0.7600126755345754,0,0.8993578994497169,0.9370545686527326,0.956417656769497,0.9367248396105541,0.9085651381710466,0.8111122100967566,0.7389822567862715,0.9074138914936979,0.8360700931170836,0.9382804486694429,0,0.8754981339226682,0.6796051016938898,0.805283122690931,0.5795236497167852,0.8792196090109012,0.8757317710088185,0.907834987419379,0.7074110532594609,0.5931748771683322,0.6034825442600948,0.8927241069400258,0.9140393151689535,0.8391598313819254,0,0.6313826924324369,0,0.43435386474096255,0.8388255624173697,0.9062196912240554,0.9151678949194478,1.0,0.9370698258007631,0.43555191162493007,0.8654679799075718,0.9261959298715943,0.9298667457728007,0.9279807493886036,0.9370454905605724,0.9247235090128084,0.7775929288268204,0.6738147370932217,0.7527020888835173,0.9352132849048983,0.8213459436086368,0.8170389154232801,0.7189719258279573,0.9388418676031104,0.7773154101466326
