,afrikaans,arabic,armenian,basque,belarusian,bulgarian,catalan,chinese,classical_chinese,croatian,czech,danish,dutch,english,estonian,finnish,french,galician,german,gothic,greek,hebrew,hindi,hungarian,indonesian,irish,italian,japanese,kazakh,korean,latin,latvian,lithuanian,maltese,marathi,north_sami,old_church_slavonic,persian,polish,portuguese,romanian,russian,sanskrit,scottish_gaelic,serbian,slovak,slovenian,spanish,swedish,tamil,telugu,turkish,ukrainian,urdu,uyghur,vietnamese,welsh,wolof
afrikaans,1.0,0.7969705485517705,0.6784955164687649,0.7325950476187323,0.8545970502072625,0.9122446955178144,0.9416325945739036,0.5933393686311794,0.4517765435976422,0.9018452466578145,0.8767085605844848,0.9454606684727488,0.9532909811251462,0.938748590346733,0.7373822479494422,0.7090032295597873,0.899640116383198,0.8191117715756712,0.9575609336558705,0.3889081587764809,0.8830656621248159,0.6125700747495991,0.8513170002307007,0.5356802790601891,0.777067676317078,0.8817336036661599,0.908491760402331,0.5885796663930731,0.6305278428359143,0.4993053188374926,0.5854218148049036,0.7706142505979183,0.7067025162157028,0.6395594930528389,0.6905742856851869,0.5467246294923761,0,0.830488906834583,0.874916164484294,0.8751207344333192,0.8920665854614863,0.8730885144777988,0.1760013627718548,0.717574648728287,0.9023169075744697,0.8716866299848383,0.8408039553894123,0.9418762420260551,0.9238457312980884,0.6911595909932566,0.6142145744609715,0.7310116064053295,0.8726967650969897,0.8425228846251996,0.7210615798560575,0.6754636357983328,0.9189871715336485,0.4657303497956415
arabic,0.7969705485517705,1.0,0.5811093758638929,0.7477150343993446,0.8914021719865796,0.8968182097069007,0.7566892836114614,0.7175472509617127,0.42043806172655557,0.8693312317441517,0.8747685084446866,0.8090145017057923,0.7482601128571649,0.7806201373973061,0.7436312595361029,0.6073759268654269,0.7466245877733269,0.8335580658857964,0.758426225976053,0.48826006060165245,0.7044739653136524,0.7353639434161046,0.8593976640554863,0.351367087590322,0.6775632620423259,0.8206637053547778,0.7866144636686665,0.5902322285955881,0.5403525146599437,0.45630826787996187,0.594762303226012,0.8893564876308758,0.8005550894957209,0.5129948929181586,0.5120109948398657,0.4668038878940396,0,0.7774126205242557,0.8378997992343874,0.8419828827897771,0.8518328998540663,0.8951695320771411,0.11816527669367277,0.5903625617948737,0.8885673361423626,0.8588570295871452,0.8230615833960144,0.7606639144237314,0.7963606189679429,0.8720464643550675,0.552119834958331,0.7122862072321481,0.8851639140353682,0.835605134438332,0.7524287525573008,0.5732736422862869,0.868669523295316,0.5369370107829361
armenian,0.6784955164687649,0.5811093758638929,1.0,0.8634684955007358,0.809963320603165,0.7329857460641649,0.6203438675953016,0.6338925207700989,0.39516384961599926,0.8161093591049974,0.8396381528546102,0.8093081811460517,0.710448048648225,0.7480932814547939,0.8645578536511911,0.9120859258188191,0.5405337345231788,0.3755836039781769,0.6785656648651975,0.3252538060697791,0.6090983649827292,0.5295348629904162,0.6240973976418732,0.600942410686628,0.7898970471908633,0.6217984668208448,0.5558246157516481,0.40742519882742645,0.9217774195706676,0.6128106369360786,0.7189176021929815,0.7341778155188634,0.8365925612421024,0.6985542029904713,0.7552835524219786,0.9060314086135216,0,0.8073593114244358,0.8047260556075129,0.5054897749362627,0.8038089721069236,0.8036384165929121,0.17777943998673224,0.7123715934973738,0.7940136356441709,0.8137308136972256,0.8900662958366927,0.6484640110737022,0.8174122164673607,0.7149195202802722,0.7653877883321065,0.8541794741451535,0.8227655901824444,0.5441830081916196,0.8257018053645526,0.5969925025762471,0.7322902947215142,0.6304374185586099
basque,0.7325950476187323,0.7477150343993446,0.8634684955007358,1.0,0.9050782034587216,0.7975175658756434,0.7236162164260195,0.8317059799244365,0.5249981078978418,0.8685810984660794,0.8803764196476497,0.8538700596679606,0.771781930255516,0.7851086599808565,0.9415694151330537,0.8465531082556825,0.6323160764763263,0.5788600226552487,0.7653329101082463,0.5318846766348763,0.7245124967696026,0.5364793218671801,0.7629289069518875,0.6227394436493442,0.8146277504256139,0.7904960100206844,0.6463733309796815,0.5345286396278083,0.7436770293084979,0.7069377268164421,0.7298534894520519,0.9161145655227763,0.9363724256274719,0.7051233574474227,0.7677614263469423,0.786713888901146,0,0.7386960893277735,0.8415670035363941,0.6522616582290782,0.8709772990815252,0.8831839124389396,0.21958980133755923,0.7200374093459565,0.8833283966151406,0.8525071715780445,0.9290915906893844,0.7354251324530474,0.8361492968320531,0.8874099164830132,0.8290196650443279,0.7984236526844609,0.8991593668082004,0.6591409971279699,0.8808766589967023,0.669646411411694,0.8635571566786507,0.709205864660376
belarusian,0.8545970502072625,0.8914021719865796,0.809963320603165,0.9050782034587216,1.0,0.9483668942307136,0.8206989175078003,0.789288822091789,0.47977658372593746,0.9531003663606903,0.9755394461609638,0.9237294976804119,0.8492917450395164,0.8807708504936697,0.8966456193151269,0.7963082435824028,0.7589235446401819,0.7203204188644917,0.85061725685683,0.48579661885855974,0.7617134835230761,0.6316347396146904,0.8746204326817424,0.546663279433415,0.8243846877884957,0.8682558001605228,0.7654088738207374,0.5864311063761053,0.7358617061125575,0.5979073646033995,0.715139764963014,0.9450370380279559,0.9214632776185517,0.6573865075971786,0.7018088053394025,0.6984404163425617,0,0.8545491364875613,0.9470501433624374,0.7899579839574754,0.9557461222929707,0.9771085933269668,0.18248358045659954,0.7389470808678812,0.9616380161515148,0.9559598627249086,0.9610881916783057,0.8355439171907142,0.9132326107622784,0.8898509176121205,0.7496935304622352,0.8044606762242168,0.9922950323023029,0.8119107512216571,0.8618515903210204,0.6759907811407551,0.9337029814981286,0.6855477260067755
bulgarian,0.9122446955178144,0.8968182097069007,0.7329857460641649,0.7975175658756434,0.9483668942307136,1.0,0.8540852436402765,0.6917143911792605,0.4600950612208937,0.9599301616091961,0.9578869379998737,0.9367800123531583,0.8675929569574359,0.9017270946998158,0.8075788668816064,0.7302380386785149,0.8031536486675238,0.754494694590568,0.8606799924034293,0.39048498050191344,0.7493565757296053,0.6460970504910699,0.9070089201755506,0.47171509199924416,0.8140797762976877,0.8542301269382775,0.8060494838046574,0.6343497699451921,0.665357616549388,0.5220769036672975,0.6626444996379816,0.86684526594416,0.8247595155205374,0.5947305554408132,0.6512972447969356,0.6064033509863491,0,0.8876131088799438,0.9478411542684049,0.8306215648950205,0.9436379178689921,0.9512168103783729,0.20008710620193249,0.7316750457012706,0.9642939921684722,0.9527285545810321,0.9226855220864305,0.8682847719088204,0.922659783987397,0.7893795867634473,0.6375855681417152,0.7582335130929835,0.9582523665000449,0.8841491663734988,0.7893510368044488,0.6701201554332511,0.9161066687838403,0.5925678514160468
catalan,0.9416325945739036,0.7566892836114614,0.6203438675953016,0.7236162164260195,0.8206989175078003,0.8540852436402765,1.0,0.6174767934321136,0.4539500677988216,0.8210545317697316,0.8098770497948636,0.9219795477242754,0.971141961924574,0.9540699310502836,0.7006088893048703,0.6400593473920794,0.9659364938878406,0.8724372797311144,0.966347494736324,0.35945288081193816,0.9368464429190799,0.5779104233278937,0.8331581502264583,0.6202963908173454,0.7864118590877709,0.9425880241513185,0.9497907185402314,0.6217472154119734,0.5487997878752214,0.49955506384216786,0.5490284217301866,0.7494339062863788,0.6912118135120613,0.6998458041402104,0.6257714336931633,0.5189664489270694,0,0.7895069164220718,0.8304701537805634,0.9328947007034406,0.8829364495013517,0.8275118602964023,0.16603703183927215,0.7480906893366682,0.8409650223010514,0.8001812032634928,0.793737180679735,0.9944514408577722,0.8911839712486264,0.6451404506348056,0.5994631442480504,0.6994582805029869,0.8288910174596242,0.8042323390268908,0.6574338524460478,0.6898518716715742,0.9348147875643257,0.5443324280257021
chinese,0.5933393686311794,0.7175472509617127,0.6338925207700989,0.8317059799244365,0.789288822091789,0.6917143911792605,0.6174767934321136,1.0,0.511434361623291,0.7212945101370676,0.7507118959683848,0.6991958507422452,0.6266403335986841,0.696774378984529,0.7995991597586448,0.6503898686977782,0.5611646724393339,0.5816349257503667,0.6393145675927802,0.41706143653785127,0.6121164087716129,0.4491294973152665,0.7413043159303022,0.490629345512103,0.7418144152855961,0.6936737591055009,0.5468712556359898,0.6308102872747586,0.5217720402982421,0.7839522031486802,0.5820543691684253,0.8554563487031552,0.8252093577584872,0.5467165691863094,0.6057488776698181,0.5982405746849935,0,0.6191156753316135,0.7058362946108979,0.6196372305455189,0.7663962081981682,0.780348762431466,0.1632955493302869,0.46668823688043787,0.7405822855897704,0.7270388483534451,0.7817393023317405,0.6301664097965509,0.6857843535349493,0.83579726928837,0.7594434692172992,0.6836962383134199,0.7826184609486375,0.6284970747303366,0.8693690016908964,0.766956298429712,0.7447898411734664,0.6243299153732921
classical_chinese,0.4517765435976422,0.42043806172655557,0.39516384961599926,0.5249981078978418,0.47977658372593746,0.4600950612208937,0.4539500677988216,0.511434361623291,1.0,0.4934359530614369,0.46780921537381476,0.4985490467355833,0.4871598013340347,0.4040554144704585,0.5402257628109126,0.547920321417457,0.37180898098113957,0.30315999597675986,0.4614926728153034,0.49845344629876004,0.4053037083079945,0.2938910991265029,0.4327260808893853,0.43262659828255823,0.5160119615569143,0.47710506209484727,0.3542647718384051,0.2194817499012967,0.29912355571457844,0.4694870362346565,0.567441233006727,0.4941900517915064,0.4930970751828048,0.3786882142332489,0.623712763145958,0.4587094382039205,0,0.4093762634153937,0.49114903328420606,0.38063764167002967,0.41140470460159745,0.47195661797220195,0.5146836566383819,0.4585202647595768,0.5172496246029283,0.4641866572261259,0.48367585705258653,0.4553197941201815,0.5343926431774524,0.4418400529956152,0.5762220130896866,0.5252463260142484,0.4680440272598152,0.36827527853852937,0.5569764255477841,0.5117697506446183,0.4476048793280204,0.2897837912508566
croatian,0.9018452466578145,0.8693312317441517,0.8161093591049974,0.8685810984660794,0.9531003663606903,0.9599301616091961,0.8210545317697316,0.7212945101370676,0.4934359530614369,1.0,0.9701268954943524,0.9424223669177141,0.8594889633944117,0.8813461079508439,0.8638371661458424,0.8183711325335667,0.7461173108447766,0.6800174226594452,0.8553325189339926,0.46457572035333644,0.7514389063383905,0.6344384329511689,0.8673408329518187,0.5036864438719599,0.8167554782408526,0.8157408558289488,0.7662026603789054,0.5859067360522411,0.7407808793896901,0.6006913045948886,0.7139613477604028,0.8888873291371574,0.853707730061516,0.6340236802638358,0.7676793559883136,0.6844114869782616,0,0.865645970063776,0.9458463066409064,0.7611422632925297,0.9249025015765073,0.9513900428768522,0.21361784059884198,0.725224397405271,0.9874768393931043,0.9657007612674339,0.955763703758706,0.8338561965008778,0.9333279504804926,0.8316010099486166,0.7162644963380397,0.8109833533661658,0.9661041011107623,0.8395435269461683,0.8690581269103462,0.6848660936656003,0.9038411790953629,0.5835518679443157
czech,0.8767085605844848,0.8747685084446866,0.8396381528546102,0.8803764196476497,0.9755394461609638,0.9578869379998737,0.8098770497948636,0.7507118959683848,0.46780921537381476,0.9701268954943524,1.0,0.9348509708143586,0.8541720531307885,0.8863309799654744,0.8926190579054222,0.8139052414883047,0.7547659430698304,0.6822331208718656,0.8458700126504524,0.414423609290789,0.7558350037115549,0.6319338117817392,0.854712352027987,0.5352402147463784,0.8383343150434781,0.8350447583096287,0.7588695861883427,0.5544058949318148,0.7520521381414733,0.5918389411304367,0.763266359391744,0.9113831250413552,0.9189445836006539,0.6686362466339227,0.7148660552840767,0.7113318405307099,0,0.8727661143294989,0.9564794766261756,0.7720541288094024,0.9549855130228967,0.9662858903107477,0.16892578445568357,0.7440591735795026,0.9633703120172631,0.9790305393804842,0.9704607770947296,0.8256279492373688,0.9255474937959082,0.8628555622668342,0.715502465669775,0.8116725985025858,0.9796086070958757,0.8033313817461266,0.8655192302521542,0.6779140134029853,0.9140341112586711,0.6360306447057371
danish,0.9454606684727488,0.8090145017057923,0.8093081811460517,0.8538700596679606,0.9237294976804119,0.9367800123531583,0.9219795477242754,0.6991958507422452,0.4985490467355833,0.9424223669177141,0.9348509708143586,1.0,0.9537340875047134,0.9526227338834129,0.8476299526038987,0.826602999067564,0.8658964567562537,0.7435697285119651,0.941588213594829,0.3997909114546083,0.8527694279503442,0.6473937668338405,0.8814804375696232,0.6224959589599692,0.8668793043106747,0.9003327899089852,0.8693606976421355,0.6248046079030998,0.7412742628087441,0.5869984755193709,0.6978888173795883,0.8365201609352191,0.8252543369505904,0.7095542277631062,0.7760477144700344,0.729144353819213,0,0.8996739540833358,0.9304790020927239,0.8384775745909299,0.9475630977142356,0.9279404702304798,0.19874899014016525,0.8181332583705275,0.9520723718707675,0.918735381636539,0.93123071994653,0.9327640093171128,0.9813118954811058,0.7573847421617182,0.7535421876645231,0.8146653523638973,0.9371260080109919,0.8401275086002274,0.8128306291261025,0.7274179550273142,0.9458072538629176,0.5778880881057705
dutch,0.9532909811251462,0.7482601128571649,0.710448048648225,0.771781930255516,0.8492917450395164,0.8675929569574359,0.971141961924574,0.6266403335986841,0.4871598013340347,0.8594889633944117,0.8541720531307885,0.9537340875047134,1.0,0.9590958158636373,0.7728034244634461,0.7372691481220742,0.9394057987465735,0.8129380015070821,0.9855659282004614,0.4181655008058265,0.944551123779626,0.596809341897678,0.8211759194078544,0.6561796475592494,0.8246172708784159,0.9365149424962983,0.9335580401659175,0.5636682816244363,0.6554739220879302,0.5258837547021171,0.6258819247484738,0.781191902960719,0.7465700616266076,0.7402292836199637,0.7253088987380155,0.6365131432076635,0,0.8190735946784166,0.8598552207206033,0.891542911746408,0.9044846693164137,0.8653312330675533,0.2353245451509379,0.804497819523036,0.8732558212865276,0.8433316094446582,0.8413173267232206,0.9714844287177189,0.9390858294313466,0.6899307218153272,0.6807252575764636,0.7533156911848485,0.8632767691886188,0.7777123341350097,0.7284005538382261,0.6910535733702089,0.9354515021655883,0.5564619569318789
english,0.938748590346733,0.7806201373973061,0.7480932814547939,0.7851086599808565,0.8807708504936697,0.9017270946998158,0.9540699310502836,0.696774378984529,0.4040554144704585,0.8813461079508439,0.8863309799654744,0.9526227338834129,0.9590958158636373,1.0,0.7962852411529672,0.7411055158533053,0.9153399295143063,0.7949575435035823,0.9532899841148526,0.35407670552699844,0.8903141481707406,0.6210736662105367,0.8988702896389089,0.6150179303776436,0.8723481001243676,0.9149578846248956,0.9115692624016832,0.7153618379569229,0.685994450301714,0.6314721140746304,0.6352403455324563,0.7939638774416319,0.7773301687138118,0.712631077697131,0.6555160901942444,0.6380126089329243,0,0.8623038825075128,0.8862188541588506,0.8802003801967733,0.9382018483421558,0.8968438164401352,0.1649247405396731,0.7897016615252713,0.8874647683824874,0.8658426765542163,0.8764787398271126,0.9611184228487344,0.9365137946821664,0.7059764894715438,0.6854665031831537,0.7856266517684594,0.8955760858453548,0.8607796760122914,0.7591785248406762,0.7922274472574319,0.9423691960267749,0.5879694619947015
estonian,0.7373822479494422,0.7436312595361029,0.8645578536511911,0.9415694151330537,0.8966456193151269,0.8075788668816064,0.7006088893048703,0.7995991597586448,0.5402257628109126,0.8638371661458424,0.8926190579054222,0.8476299526038987,0.7728034244634461,0.7962852411529672,1.0,0.8925400612902318,0.622563322728057,0.5461461718800211,0.7725871621728984,0.5598631464969097,0.7049697160183136,0.5576448786062026,0.7695140262552166,0.58769757105487,0.8298810348718282,0.7848156144743478,0.6437450168283027,0.520767987430981,0.7680223766886672,0.6978716252234082,0.7850029359466383,0.9001432722160696,0.9439131569305916,0.7032621965030722,0.7198873717335641,0.8060600746540731,0,0.7613770714073299,0.8373172628912119,0.6283917665742632,0.8824905531183199,0.9061495312689564,0.3062521325452931,0.7592782331728256,0.8733715367305027,0.8536863267962069,0.9410981801503867,0.7125073898506185,0.8543532274553491,0.8763647779969863,0.8164742864493334,0.8103879799863832,0.8988428384642757,0.6733749683411095,0.8822011024473798,0.6963616207534242,0.8507329285003264,0.6741636567833483
finnish,0.7090032295597873,0.6073759268654269,0.9120859258188191,0.8465531082556825,0.7963082435824028,0.7302380386785149,0.6400593473920794,0.6503898686977782,0.547920321417457,0.8183711325335667,0.8139052414883047,0.826602999067564,0.7372691481220742,0.7411055158533053,0.8925400612902318,1.0,0.5511330498796979,0.40306737575544527,0.7276585860918321,0.5217792122330239,0.6265428523911165,0.5539716924332446,0.6671440935787103,0.5899360009215786,0.7680460181452466,0.6578046570105888,0.5821548578005236,0.41497091029565536,0.9085501040495975,0.6307906404964049,0.7142729220575071,0.7544160264404577,0.803562181985744,0.6856732282085449,0.8161402060879889,0.9209191386574744,0,0.8265204131287761,0.7992243579236731,0.5047158750885612,0.7717285360585662,0.806967532072224,0.33609107708785857,0.7500387756181847,0.8071874633067059,0.7978509150468981,0.8565775102640347,0.6597168517560608,0.8720310046900068,0.7138891578368111,0.8306620174620503,0.9017065443838117,0.8129375532563061,0.5921397111686497,0.8543506307524126,0.6512466757811846,0.7468241942449203,0.5331106149628814
french,0.899640116383198,0.7466245877733269,0.5405337345231788,0.6323160764763263,0.7589235446401819,0.8031536486675238,0.9659364938878406,0.5611646724393339,0.37180898098113957,0.7461173108447766,0.7547659430698304,0.8658964567562537,0.9394057987465735,0.9153399295143063,0.622563322728057,0.5511330498796979,1.0,0.905405811370208,0.941521210870851,0.2644870764992964,0.9386195528616836,0.6186036643542343,0.7686066542526152,0.597207773850502,0.7026464870779859,0.9153230954808197,0.9763360392546196,0.5576764775272799,0.4815591974749213,0.423351542484808,0.5106027663103758,0.6946341726969303,0.644981045459645,0.6815073463969177,0.5451639576498227,0.4498194852222643,0,0.7383797335110649,0.7616449353339328,0.9632301048031529,0.843841403195998,0.7677967580863732,0.1541142610165767,0.6798424843571036,0.7636136978502545,0.7473265414500182,0.7281869180366803,0.9538681023425395,0.8343878795401619,0.6107645262452204,0.5065488439715823,0.6307062980886731,0.7655335049376236,0.7383278765671227,0.5812286902392929,0.6248324451992192,0.8943629003643898,0.4927177332840627
galician,0.8191117715756712,0.8335580658857964,0.3755836039781769,0.5788600226552487,0.7203204188644917,0.754494694590568,0.8724372797311144,0.5816349257503667,0.30315999597675986,0.6800174226594452,0.6822331208718656,0.7435697285119651,0.8129380015070821,0.7949575435035823,0.5461461718800211,0.40306737575544527,0.905405811370208,1.0,0.8298348231478484,0.36669895808362024,0.8687475957899481,0.6174571690080976,0.753805876231716,0.4242434903419324,0.5607970529322129,0.8770923821025032,0.9161890599145797,0.5459019852418449,0.3541690028289755,0.3320395447631987,0.3584060054897355,0.7283247456033741,0.590817757320124,0.5605781401548647,0.39348462017783964,0.27959907339008855,0,0.6492997507414275,0.669530738181885,0.9618336300690364,0.760714146960106,0.7254825467745721,0.08913522588564542,0.5026173207522857,0.7148607151756533,0.6827592938026912,0.6324924145930266,0.8527099168793538,0.6972934880309233,0.6884233221314459,0.40170033676383265,0.5624409061883162,0.7198879200631739,0.7336952641175399,0.5483543244366014,0.5081490502172918,0.8529849942091108,0.46251060349648376
german,0.9575609336558705,0.758426225976053,0.6785656648651975,0.7653329101082463,0.85061725685683,0.8606799924034293,0.966347494736324,0.6393145675927802,0.4614926728153034,0.8553325189339926,0.8458700126504524,0.941588213594829,0.9855659282004614,0.9532899841148526,0.7725871621728984,0.7276585860918321,0.941521210870851,0.8298348231478484,1.0,0.43183538423177426,0.9489020106236795,0.5956038244288313,0.8218831565623175,0.6339945623931913,0.7913651383831629,0.9374595521738047,0.9411046990988786,0.5643732177496951,0.6328089724186052,0.5329810553727565,0.6070309099246567,0.7973968667402404,0.7437587298114033,0.7196900205816597,0.6979077211202779,0.5974646207413936,0,0.7984973582128485,0.845393257220351,0.8965982237573887,0.9038959595915864,0.8678649336282798,0.2191205060871504,0.7559799985231571,0.8659575093966,0.8330982387203073,0.8370048938602103,0.9604755806222374,0.9286401819596373,0.709397330730879,0.6706534007149918,0.7376279248690575,0.8612785579043175,0.7806228527089856,0.7221609737754244,0.6907388081533199,0.9424979003308731,0.528108514983831
gothic,0.3889081587764809,0.48826006060165245,0.3252538060697791,0.5318846766348763,0.48579661885855974,0.39048498050191344,0.35945288081193816,0.41706143653785127,0.49845344629876004,0.46457572035333644,0.414423609290789,0.3997909114546083,0.4181655008058265,0.35407670552699844,0.5598631464969097,0.5217792122330239,0.2644870764992964,0.36669895808362024,0.43183538423177426,1.0,0.38302099740697315,0.31518733848469277,0.48154873947966337,0.22623106905413673,0.34840659936732427,0.4697348207669304,0.3316967809488482,0.2921391093042015,0.4367000730336222,0.3138429858899691,0.3056331279976653,0.5645237686470348,0.4663268209627157,0.29188972321078077,0.4625208862614652,0.40855183008246004,0,0.3345665918907403,0.4271780297035774,0.2905779349708602,0.37641917012100184,0.5337503507498543,0.4665694748158435,0.44485084203895076,0.49530383261212896,0.4464241322200977,0.434434035953829,0.3587970793547385,0.4698736400305173,0.5730178510631729,0.5698168393736196,0.4655698469277347,0.4947456986574416,0.44722130443210945,0.5251027030958222,0.30333108124536473,0.46843828675758487,0.45175395145262565
greek,0.8830656621248159,0.7044739653136524,0.6090983649827292,0.7245124967696026,0.7617134835230761,0.7493565757296053,0.9368464429190799,0.6121164087716129,0.4053037083079945,0.7514389063383905,0.7558350037115549,0.8527694279503442,0.944551123779626,0.8903141481707406,0.7049697160183136,0.6265428523911165,0.9386195528616836,0.8687475957899481,0.9489020106236795,0.38302099740697315,1.0,0.5374690701040175,0.7018427431536308,0.6483399911623988,0.6938809478485265,0.9171236061403895,0.9369119437282617,0.4514648575868196,0.5457739477469754,0.4803882769756048,0.5540289979854944,0.758808844862565,0.7004672276292809,0.7663574069315622,0.6255246150273609,0.5193198764377195,0,0.6898731449644563,0.7314593409139596,0.9114679957712604,0.8283414228761825,0.7695659948740352,0.16008664530997796,0.6594250259845856,0.7616985524207391,0.7439727755746313,0.747315208870344,0.9167167894885484,0.8238984262859564,0.699788638972024,0.5691680176652827,0.6813965150526925,0.7696443989517529,0.6481261738371868,0.666800421649864,0.6095192897279457,0.9062457443854859,0.5015074596594096
hebrew,0.6125700747495991,0.7353639434161046,0.5295348629904162,0.5364793218671801,0.6316347396146904,0.6460970504910699,0.5779104233278937,0.4491294973152665,0.2938910991265029,0.6344384329511689,0.6319338117817392,0.6473937668338405,0.596809341897678,0.6210736662105367,0.5576448786062026,0.5539716924332446,0.6186036643542343,0.6174571690080976,0.5956038244288313,0.31518733848469277,0.5374690701040175,1.0,0.6223801424588932,0.34427325877797593,0.5700057442561997,0.5757661934628844,0.706232212709491,0.4568524043049852,0.5401778012802619,0.3612125782633893,0.4363551483587486,0.5576946894718169,0.5419167623624644,0.4018655792777277,0.4732976104453513,0.4776463241728842,0,0.6311123579992124,0.639239109952878,0.6591848157650748,0.6322333623745406,0.6461546866319159,0.1460057179875757,0.5491622743359776,0.6414054280202895,0.6227682200364393,0.6199832680702149,0.5990489297741058,0.6541261932263496,0.5997225956920899,0.49944711139852704,0.6013759565128768,0.641809825333739,0.6075261830137405,0.534619259585792,0.47022286463926866,0.6215039436653573,0.3989372451922403
hindi,0.8513170002307007,0.8593976640554863,0.6240973976418732,0.7629289069518875,0.8746204326817424,0.9070089201755506,0.8331581502264583,0.7413043159303022,0.4327260808893853,0.8673408329518187,0.854712352027987,0.8814804375696232,0.8211759194078544,0.8988702896389089,0.7695140262552166,0.6671440935787103,0.7686066542526152,0.753805876231716,0.8218831565623175,0.48154873947966337,0.7018427431536308,0.6223801424588932,1.0,0.4394008529736215,0.8225994518509477,0.8497076659489303,0.7852974357023137,0.8628557554598627,0.587954092590047,0.6357035741260353,0.5753545642629851,0.811529672534964,0.7530070051564768,0.5228787802329995,0.5770342895777313,0.54881625301385,0,0.8257904286440387,0.8593056504049663,0.7880921763016533,0.8728439752012627,0.8973772044846878,0.1787718771940669,0.7352446994493032,0.9004141492760944,0.8319504964810958,0.8327970643011602,0.8459671121731942,0.8672473494094747,0.72712348163813,0.6921436267502641,0.7216875996367297,0.8836953827761717,0.9778982835051081,0.755925281528866,0.7922346371926681,0.878918703548452,0.5382206452607745
hungarian,0.5356802790601891,0.351367087590322,0.600942410686628,0.6227394436493442,0.546663279433415,0.47171509199924416,0.6202963908173454,0.490629345512103,0.43262659828255823,0.5036864438719599,0.5352402147463784,0.6224959589599692,0.6561796475592494,0.6150179303776436,0.58769757105487,0.5899360009215786,0.597207773850502,0.4242434903419324,0.6339945623931913,0.22623106905413673,0.6483399911623988,0.34427325877797593,0.4394008529736215,1.0,0.5927489382793895,0.6001832449812013,0.5672680349050363,0.2771121232607503,0.5047148138147681,0.45861479231015456,0.5132154573794269,0.5148150871647081,0.5788988753805707,0.640065203649783,0.6171600030497565,0.6107514856351043,0,0.4848273016011707,0.5381886409849821,0.5215348843343873,0.583893731443074,0.5281864973538852,0.22200115795430758,0.6022252800046367,0.511704658770508,0.5135160797219173,0.5858207708316845,0.6207133715483971,0.6151816891878509,0.44352074032588645,0.6159417204617815,0.5307359376649362,0.5487224785551582,0.33770510855626995,0.5352248449523607,0.515464718485337,0.5908251140394808,0.4613141216108983
indonesian,0.777067676317078,0.6775632620423259,0.7898970471908633,0.8146277504256139,0.8243846877884957,0.8140797762976877,0.7864118590877709,0.7418144152855961,0.5160119615569143,0.8167554782408526,0.8383343150434781,0.8668793043106747,0.8246172708784159,0.8723481001243676,0.8298810348718282,0.7680460181452466,0.7026464870779859,0.5607970529322129,0.7913651383831629,0.34840659936732427,0.6938809478485265,0.5700057442561997,0.8225994518509477,0.5927489382793895,1.0,0.786923741998618,0.6982625104926949,0.6842162702312871,0.673329912411734,0.7120995952767167,0.653087148059529,0.7468469230041427,0.8037074874041342,0.6119752582050385,0.6653169008436779,0.7282437916932243,0,0.788175958336959,0.8502373694447825,0.6790298770872939,0.86737716398147,0.8441418479066309,0.23287075488125317,0.801626607803725,0.8462235439735855,0.7939656931667363,0.8551464845392261,0.8231863436864079,0.8553097658079238,0.672945578243605,0.777913353418313,0.7776928398468922,0.8353915245269584,0.7500503165074122,0.7763797574584981,0.8105635640620474,0.8072385342903424,0.669126064380665
irish,0.8817336036661599,0.8206637053547778,0.6217984668208448,0.7904960100206844,0.8682558001605228,0.8542301269382775,0.9425880241513185,0.6936737591055009,0.47710506209484727,0.8157408558289488,0.8350447583096287,0.9003327899089852,0.9365149424962983,0.9149578846248956,0.7848156144743478,0.6578046570105888,0.9153230954808197,0.8770923821025032,0.9374595521738047,0.4697348207669304,0.9171236061403895,0.5757661934628844,0.8497076659489303,0.6001832449812013,0.786923741998618,1.0,0.9065302201665175,0.6009113603259265,0.5613003368342727,0.511519431373646,0.6172445958825342,0.8528203863828041,0.7955415413941199,0.7148366182051674,0.5779476377493074,0.5598100358779534,0,0.7848632498534523,0.8219548184729363,0.9165385830883905,0.9068783045635355,0.8726098297569314,0.1970350990007257,0.7838084891036813,0.8561150162187389,0.8036205623822417,0.8221361297298367,0.9354869662301863,0.8755611917509598,0.7659285349397661,0.6343745579237342,0.7226023115623447,0.8620068454270278,0.7922932433286931,0.6974390359610856,0.6615296249633857,0.9610927092445292,0.6018519031058918
italian,0.908491760402331,0.7866144636686665,0.5558246157516481,0.6463733309796815,0.7654088738207374,0.8060494838046574,0.9497907185402314,0.5468712556359898,0.3542647718384051,0.7662026603789054,0.7588695861883427,0.8693606976421355,0.9335580401659175,0.9115692624016832,0.6437450168283027,0.5821548578005236,0.9763360392546196,0.9161890599145797,0.9411046990988786,0.3316967809488482,0.9369119437282617,0.706232212709491,0.7852974357023137,0.5672680349050363,0.6982625104926949,0.9065302201665175,1.0,0.5682930555578726,0.5232266306018,0.42972277446128654,0.5095921761393538,0.705364094045221,0.6364203889521339,0.6632552080645366,0.5601235170019465,0.4564925978940071,0,0.7432283024139451,0.764357697219544,0.9591169331695041,0.8355693566707578,0.7821066996878113,0.1365915468409325,0.6906107172467543,0.7827600596432746,0.7468677533930123,0.733904046167606,0.9400536814069795,0.8425125649880445,0.6485842093725684,0.527247273158532,0.6602014976056376,0.7753884607880078,0.7660500528897461,0.5973431692907191,0.6186575141864799,0.8975397388044795,0.4555110072587158
japanese,0.5885796663930731,0.5902322285955881,0.40742519882742645,0.5345286396278083,0.5864311063761053,0.6343497699451921,0.6217472154119734,0.6308102872747586,0.2194817499012967,0.5859067360522411,0.5544058949318148,0.6248046079030998,0.5636682816244363,0.7153618379569229,0.520767987430981,0.41497091029565536,0.5576764775272799,0.5459019852418449,0.5643732177496951,0.2921391093042015,0.4514648575868196,0.4568524043049852,0.8628557554598627,0.2771121232607503,0.6842162702312871,0.6009113603259265,0.5682930555578726,1.0,0.37043858634285015,0.6649446764358583,0.3070673562035627,0.5152927186902461,0.4778624131992666,0.28562481632482545,0.337912723883975,0.33510642577558764,0,0.5856097886836175,0.596052838092656,0.5617551486960497,0.6263326467691578,0.6227687781946362,0.12541348584058815,0.5326886844581014,0.6285624718050685,0.5406327073113463,0.5673201756129713,0.644999513584734,0.5990020750842909,0.4528024793964541,0.53874311431252,0.495366081509966,0.6038239078844975,0.8635489635164381,0.5276790384092199,0.760649533989084,0.6167852728935668,0.4112241397025149
kazakh,0.6305278428359143,0.5403525146599437,0.9217774195706676,0.7436770293084979,0.7358617061125575,0.665357616549388,0.5487997878752214,0.5217720402982421,0.29912355571457844,0.7407808793896901,0.7520521381414733,0.7412742628087441,0.6554739220879302,0.685994450301714,0.7680223766886672,0.9085501040495975,0.4815591974749213,0.3541690028289755,0.6328089724186052,0.4367000730336222,0.5457739477469754,0.5401778012802619,0.587954092590047,0.5047148138147681,0.673329912411734,0.5613003368342727,0.5232266306018,0.37043858634285015,1.0,0.5189861075508921,0.5795938064167605,0.6543382923608012,0.7171325875397502,0.6242475178552623,0.7207039251380599,0.9042744809016297,0,0.8214543476299111,0.7364530878696858,0.4332751114343025,0.7085992158250347,0.7449940140434625,0.208285019387473,0.6717054532197941,0.717016211379591,0.7469577985179172,0.7768452893095754,0.5815547897235225,0.7834124477686231,0.6508273440351294,0.7481709530731654,0.8726303306660939,0.7606986727224517,0.5322243486559122,0.7770515517394322,0.5071796170456816,0.6615549624389409,0.5320824525490244
korean,0.4993053188374926,0.45630826787996187,0.6128106369360786,0.7069377268164421,0.5979073646033995,0.5220769036672975,0.49955506384216786,0.7839522031486802,0.4694870362346565,0.6006913045948886,0.5918389411304367,0.5869984755193709,0.5258837547021171,0.6314721140746304,0.6978716252234082,0.6307906404964049,0.423351542484808,0.3320395447631987,0.5329810553727565,0.3138429858899691,0.4803882769756048,0.3612125782633893,0.6357035741260353,0.45861479231015456,0.7120995952767167,0.511519431373646,0.42972277446128654,0.6649446764358583,0.5189861075508921,1.0,0.5716947332961944,0.6027803294706251,0.6377356160526964,0.47681190902996123,0.5941067004275925,0.5598306486154445,0,0.49909068656590827,0.5796067117286843,0.4083378975452064,0.5918305093205463,0.5808103084567734,0.28101390718039565,0.48185499021795664,0.5921369951716433,0.5634623731269566,0.6344371818954468,0.5192018000399609,0.58713533487197,0.5843155705485952,0.7226090991607247,0.6381721254397864,0.6018081990762374,0.5549001060444165,0.7170270409677406,0.8133019216093824,0.5670726331023405,0.42768602803653794
latin,0.5854218148049036,0.594762303226012,0.7189176021929815,0.7298534894520519,0.715139764963014,0.6626444996379816,0.5490284217301866,0.5820543691684253,0.567441233006727,0.7139613477604028,0.763266359391744,0.6978888173795883,0.6258819247484738,0.6352403455324563,0.7850029359466383,0.7142729220575071,0.5106027663103758,0.3584060054897355,0.6070309099246567,0.3056331279976653,0.5540289979854944,0.4363551483587486,0.5753545642629851,0.5132154573794269,0.653087148059529,0.6172445958825342,0.5095921761393538,0.3070673562035627,0.5795938064167605,0.5716947332961944,1.0,0.7024039438130586,0.7865689885211745,0.6499010559803565,0.5573011550759813,0.6393812811642955,0,0.6453439391265433,0.6791851888672946,0.5026574086680173,0.6928136737846718,0.6931176799683102,0.22110247196293314,0.6587622291687777,0.701211693994412,0.6829496376216613,0.7736705218061535,0.5524201077487847,0.7234698464965336,0.657498269857445,0.5542316621207142,0.6722074089132476,0.6972960462664072,0.5117133773369273,0.6527870201334883,0.5448303303711863,0.6666845225002725,0.42866387140957835
latvian,0.7706142505979183,0.8893564876308758,0.7341778155188634,0.9161145655227763,0.9450370380279559,0.86684526594416,0.7494339062863788,0.8554563487031552,0.4941900517915064,0.8888873291371574,0.9113831250413552,0.8365201609352191,0.781191902960719,0.7939638774416319,0.9001432722160696,0.7544160264404577,0.6946341726969303,0.7283247456033741,0.7973968667402404,0.5645237686470348,0.758808844862565,0.5576946894718169,0.811529672534964,0.5148150871647081,0.7468469230041427,0.8528203863828041,0.705364094045221,0.5152927186902461,0.6543382923608012,0.6027803294706251,0.7024039438130586,1.0,0.9375370932535824,0.6652176606227995,0.6469591046412323,0.6506579330444078,0,0.7618603399622905,0.8550513259302077,0.7573023764760897,0.8991505412252803,0.934834311376822,0.19632277259098121,0.6360500536698055,0.9047371717679792,0.8833926407663686,0.9098194084845207,0.7503219935325193,0.8289248171042126,0.954646881204135,0.7215179692808078,0.7824895341785943,0.933543257468465,0.7244144213913014,0.881325640857399,0.6254415235883874,0.9052037415602039,0.6575716858706664
lithuanian,0.7067025162157028,0.8005550894957209,0.8365925612421024,0.9363724256274719,0.9214632776185517,0.8247595155205374,0.6912118135120613,0.8252093577584872,0.4930970751828048,0.853707730061516,0.9189445836006539,0.8252543369505904,0.7465700616266076,0.7773301687138118,0.9439131569305916,0.803562181985744,0.644981045459645,0.590817757320124,0.7437587298114033,0.4663268209627157,0.7004672276292809,0.5419167623624644,0.7530070051564768,0.5788988753805707,0.8037074874041342,0.7955415413941199,0.6364203889521339,0.4778624131992666,0.7171325875397502,0.6377356160526964,0.7865689885211745,0.9375370932535824,1.0,0.6991658971119491,0.6523358904811539,0.7607123407087837,0,0.7577744914474338,0.8486725498361997,0.6735066680566661,0.9015707681454826,0.9117071287934945,0.2205784164522868,0.699329688528643,0.8666651002645145,0.8770686923745806,0.9382880690485794,0.7014502745474868,0.8179344400371598,0.9128282735036533,0.7567460545401989,0.7846652481716122,0.9099828461741248,0.6434142297195645,0.8709851733800544,0.6328362778998138,0.856489463044393,0.7136356158514927
maltese,0.6395594930528389,0.5129948929181586,0.6985542029904713,0.7051233574474227,0.6573865075971786,0.5947305554408132,0.6998458041402104,0.5467165691863094,0.3786882142332489,0.6340236802638358,0.6686362466339227,0.7095542277631062,0.7402292836199637,0.712631077697131,0.7032621965030722,0.6856732282085449,0.6815073463969177,0.5605781401548647,0.7196900205816597,0.29188972321078077,0.7663574069315622,0.4018655792777277,0.5228787802329995,0.640065203649783,0.6119752582050385,0.7148366182051674,0.6632552080645366,0.28562481632482545,0.6242475178552623,0.47681190902996123,0.6499010559803565,0.6652176606227995,0.6991658971119491,1.0,0.5754762570138086,0.6820811310900701,0,0.6567735051167873,0.6121198119919428,0.6466130890051323,0.697797093793581,0.6378689938360982,0.18385222706450444,0.6405804531539716,0.6287823876483498,0.634588921262807,0.6996599555446498,0.6808942375817393,0.7062995191215264,0.6014120588959617,0.5408528448549602,0.7035423759229948,0.6576672440614763,0.4362938593263437,0.6340167909480221,0.5089842821098919,0.7285978864955397,0.5274493433955335
marathi,0.6905742856851869,0.5120109948398657,0.7552835524219786,0.7677614263469423,0.7018088053394025,0.6512972447969356,0.6257714336931633,0.6057488776698181,0.623712763145958,0.7676793559883136,0.7148660552840767,0.7760477144700344,0.7253088987380155,0.6555160901942444,0.7198873717335641,0.8161402060879889,0.5451639576498227,0.39348462017783964,0.6979077211202779,0.4625208862614652,0.6255246150273609,0.4732976104453513,0.5770342895777313,0.6171600030497565,0.6653169008436779,0.5779476377493074,0.5601235170019465,0.337912723883975,0.7207039251380599,0.5941067004275925,0.5573011550759813,0.6469591046412323,0.6523358904811539,0.5754762570138086,1.0,0.770488574882316,0,0.6289791581045036,0.7310614391732534,0.482970542494743,0.6520913927985134,0.6898274375298004,0.3547590421043815,0.6293019639152546,0.7466645998112541,0.74429204230955,0.7396652038515116,0.644724333273845,0.7853762112800216,0.6128547112561211,0.8555636738767476,0.6929463446112333,0.7305079937099972,0.5092517645637963,0.8184991795127479,0.605179334725551,0.6390266954274375,0.4003736113961434
north_sami,0.5467246294923761,0.4668038878940396,0.9060314086135216,0.786713888901146,0.6984404163425617,0.6064033509863491,0.5189664489270694,0.5982405746849935,0.4587094382039205,0.6844114869782616,0.7113318405307099,0.729144353819213,0.6365131432076635,0.6380126089329243,0.8060600746540731,0.9209191386574744,0.4498194852222643,0.27959907339008855,0.5974646207413936,0.40855183008246004,0.5193198764377195,0.4776463241728842,0.54881625301385,0.6107514856351043,0.7282437916932243,0.5598100358779534,0.4564925978940071,0.33510642577558764,0.9042744809016297,0.5598306486154445,0.6393812811642955,0.6506579330444078,0.7607123407087837,0.6820811310900701,0.770488574882316,1.0,0,0.7704800854424803,0.6847682677245924,0.39885555539531764,0.6912910203416053,0.7040820450628443,0.3164744456046532,0.7204463704520248,0.6840697764517627,0.6888647091234192,0.7788781906630134,0.5424704543392023,0.7665707664106245,0.6207350138409276,0.8200550074814404,0.8409215318649762,0.7139312167474404,0.43991643420522686,0.7975313484772846,0.5618941410784218,0.6239995194869621,0.6007035495368589
old_church_slavonic,0.0,0.0,0.0,0.0,0.0,0.0,0.0,0.0,0.0,0.0,0.0,0.0,0.0,0.0,0.0,0.0,0.0,0.0,0.0,0.0,0.0,0.0,0.0,0.0,0.0,0.0,0.0,0.0,0.0,0.0,0.0,0.0,0.0,0.0,0.0,0.0,0,0.0,0.0,0.0,0.0,0.0,0.0,0.0,0.0,0.0,0.0,0.0,0.0,0.0,0.0,0.0,0.0,0.0,0.0,0.0,0.0,0.0
