,afrikaans,arabic,armenian,basque,belarusian,bulgarian,catalan,chinese,classical_chinese,croatian,czech,danish,dutch,english,estonian,finnish,french,galician,german,gothic,greek,hebrew,hindi,hungarian,indonesian,irish,italian,japanese,kazakh,korean,latin,latvian,lithuanian,maltese,marathi,north_sami,old_church_slavonic,persian,polish,portuguese,romanian,russian,sanskrit,scottish_gaelic,serbian,slovak,slovenian,spanish,swedish,tamil,telugu,turkish,ukrainian,urdu,uyghur,vietnamese,welsh,wolof
afrikaans,1.0,0.7512278249558217,0.6931938059577175,0.71939358889292,0.7577509643502358,0.8728716382166343,0.9443406858850237,0.6695820120889444,0.4914619073181958,0.8718836945681622,0.8590140983795007,0.9416603200881504,0.9564913199128463,0.9291436705443761,0.7021277832289229,0.7344371434771656,0.914764243239012,0.8973278167978866,0.9483951244171445,0,0.9110946325244144,0.698793159474172,0.7846847839951198,0.596140120349635,0.7878678252418431,0.8479514576974662,0.9335551094976906,0.6197326698392129,0.6425187036119643,0.568646401979157,0.5136951397353501,0.7921580097512002,0.7441984733206917,0.7376581727059789,0.7321244237276511,0,0,0.7907272961535495,0.8425298084654338,0.8646752887332431,0.9200690224995304,0.8402062943511953,0.35620524272425613,0.8187701837324369,0.8800009700874999,0.8151271820660396,0.8908597567794774,0.9485679836270232,0.897200236824015,0.6934736479818906,0.6145469824192306,0.7661743049146537,0.8305028718315984,0.813736266113633,0.5362080903656725,0.7846938312840864,0.8323070373567025,0
arabic,0.7512278249558217,1.0,0.5359658376147015,0.6854957172119494,0.7641172237593589,0.8534957051709814,0.7600296449660037,0.7138551738561986,0.4182608949786013,0.8278494451529135,0.8765915313908946,0.8098559839797108,0.7828733458805821,0.7644309010475304,0.679200442613496,0.5522611846283688,0.7811168177914583,0.812246283296441,0.7652668195840551,0,0.764629588395896,0.7341109966325754,0.7856057790230516,0.34111920361465037,0.6697854935053494,0.7972526391920121,0.7990936727058826,0.629975793557733,0.5018691678168674,0.5084767891724149,0.4965376061696347,0.8160569622063971,0.8027242883398467,0.5631408721694016,0.5129010395054915,0,0,0.7593264146589964,0.8158436923664775,0.8447971602311538,0.8861242443775926,0.8312344055785208,0.30518776084692995,0.6826220497173279,0.8271412936581476,0.7808384415637135,0.8728748156802791,0.7793623947392305,0.7478219037380447,0.8613750327673844,0.5222694642828188,0.6675827887531417,0.8020535294177594,0.8417822923646954,0.5141026908890095,0.6320338216911976,0.8120374935373523,0
armenian,0.6931938059577175,0.5359658376147015,1.0,0.8913038511618481,0.8813176463859905,0.7780149349190517,0.6724285298627788,0.7197938094375678,0.3540341378723075,0.833844674590252,0.7987598375363884,0.764191948079604,0.7545549893236323,0.773552761682233,0.8850188559642772,0.8799157076695252,0.6075117307487117,0.5592104080674921,0.773408378838222,0,0.640692401749292,0.655648656416807,0.7766057599517455,0.620751050277865,0.7521724300266601,0.755250060059391,0.666654240624754,0.42895694990738154,0.867239840240397,0.6825713154362281,0.5378087648331814,0.8597962961038026,0.8560738053861382,0.7987949860544086,0.7643228809840346,0,0,0.6638013021520848,0.8100705412071237,0.592254463917815,0.7233008196160919,0.8715962922737264,0.28173115949295136,0.8230432821969186,0.8250863266043936,0.8955978010567328,0.7879965712798879,0.686559778781885,0.8569881401480165,0.6425913128119881,0.7379750203912538,0.846299655149846,0.8978524074784452,0.7161924297268351,0.7546376592258609,0.6096953680592238,0.8023101931908215,0
basque,0.71939358889292,0.6854957172119494,0.8913038511618481,1.0,0.8888339776854107,0.8307291494169262,0.7401576137425064,0.856534882053399,0.5741020589028447,0.852340913906661,0.8432413960650765,0.8113779171012204,0.7874863913706073,0.7776920109518759,0.9451519107568042,0.8720884117884707,0.6489183499040905,0.6332605437348688,0.7997641623288325,0,0.7138904673665305,0.6603974871913875,0.8359256814009453,0.6245373699797437,0.7658634987936958,0.8486771464696136,0.6835646486130083,0.4874415229732309,0.7364554905820451,0.7883767057400988,0.5909550820254676,0.9361075807842064,0.9310093007002684,0.8319586062835325,0.7858963745099851,0,0,0.6415433311099878,0.8189858014207976,0.6870099514092203,0.7880356935533966,0.8811590949749215,0.47481409014532877,0.8199066998376281,0.856729983310449,0.9038018515502212,0.841240473930551,0.7534573895606567,0.8666132975461146,0.857222630748352,0.8239693906404258,0.8082291159134397,0.902246508009463,0.7871151022415439,0.8296116214363796,0.6725699992599194,0.8983264851950628,0
belarusian,0.7577509643502358,0.7641172237593589,0.8813176463859905,0.8888339776854107,1.0,0.9093508876799998,0.7527726923205437,0.7701232911338315,0.49667225864415254,0.92475890896163,0.914897199842014,0.8400532180245709,0.8463936795196412,0.8314909076359843,0.912934134583542,0.7863716497367893,0.7371420005523648,0.6726192940112997,0.849842165635504,0,0.7403191868081339,0.7008855282266961,0.8475054820248759,0.5825667096562596,0.7785770508357867,0.850031929792271,0.759489639631121,0.4919323845593359,0.7228301880685134,0.6900843533716836,0.6740228982819259,0.9418373408601981,0.9360215718123046,0.7749776350997971,0.7012905803086383,0,0,0.725049037629492,0.9154524997277323,0.772071737077413,0.8638249584445097,0.9411937449482386,0.40356832308408863,0.8129079565032605,0.9011406596950513,0.9736816182647874,0.8933972247475237,0.775117564024958,0.9060228887960636,0.7575585948996255,0.6499143683882158,0.7910591426894255,0.961270983269871,0.8251808798007118,0.7424098997891148,0.6596576319327152,0.9058990979298683,0
bulgarian,0.8728716382166343,0.8534957051709814,0.7780149349190517,0.8307291494169262,0.9093508876799998,1.0,0.8530436451575323,0.7615837694211537,0.5149583086173376,0.9564767363346393,0.9458788669154948,0.9439599865224642,0.9153352199799937,0.9041111467860657,0.8246015775074665,0.7717346910492604,0.8264813144479666,0.7920229590979188,0.9173666009120341,0,0.79071264482496,0.7477717556254677,0.8817263599604173,0.5278434022788235,0.8341445768814875,0.861504336935394,0.8493007478706208,0.6631762113957916,0.6900449766834538,0.6399466287153848,0.5953239321727634,0.9120244332130866,0.8897773908685097,0.7762034201537568,0.7079535571330214,0,0,0.8325177026500287,0.946542875826838,0.8371397005311475,0.9522435791980994,0.941893519962605,0.4665001126399177,0.8680250306797249,0.9586664027174108,0.9276638963613393,0.9626891407214012,0.8702952752868659,0.943587319118106,0.7888789491971365,0.669716426561003,0.7878873905513393,0.9345373005014949,0.9050825045354682,0.7099076395744908,0.7599972612988598,0.907093215182094,0
catalan,0.9443406858850237,0.7600296449660037,0.6724285298627788,0.7401576137425064,0.7527726923205437,0.8530436451575323,1.0,0.7281507724461684,0.49873651697371774,0.8260314047759406,0.8074238746552318,0.9236227182102772,0.9539385734496366,0.93033786619385,0.6958830524864631,0.6896945384793173,0.9545977134399437,0.9258882571774171,0.9430640120220323,0,0.9313161198164206,0.6839332720634,0.798346620541683,0.6310273120027163,0.7914534691068338,0.9007621265232029,0.9498393081503008,0.6894718825631493,0.5571735141870411,0.5958076360957888,0.48131099862735777,0.7768448450519913,0.7388647011135528,0.7340483332511714,0.647614427473072,0,0,0.7621628664434786,0.8279529391555872,0.9248276114937359,0.9272295356883405,0.8173123892705152,0.31121533152620356,0.8374192074090828,0.8371281368134926,0.786137955045705,0.8530467184664301,0.9983492594834869,0.8667265146454399,0.6974717625064799,0.6037029869183695,0.7178623223783401,0.8255897709566952,0.8102717216971637,0.539401581189361,0.7987028818823625,0.8808872541758948,0
chinese,0.6695820120889444,0.7138551738561986,0.7197938094375678,0.856534882053399,0.7701232911338315,0.7615837694211537,0.7281507724461684,1.0,0.5027772705405548,0.7788691382564343,0.7872040451458934,0.7682549772428243,0.7327780835945611,0.8001994363463859,0.8055070533184907,0.7389142937110755,0.6604935253053698,0.6385246057364761,0.7305848772015762,0,0.6811612800910545,0.60860355446465,0.8811993799320145,0.5360214956223863,0.8446722291100089,0.8064810268757724,0.6667126437170658,0.6363195117194934,0.5658593076175168,0.8449555299690248,0.5162288326630399,0.8585063662210035,0.8295348160902386,0.6969192254993051,0.6625390238455908,0,0,0.637900788884138,0.7434487344892223,0.6995558411535925,0.7737851784998256,0.8117397940428067,0.3617853972669271,0.7177109039719312,0.7767408069833431,0.7977460273089457,0.7839448444134605,0.7423589245898512,0.7694021333894489,0.8168278566051231,0.7942088634998526,0.7018439089247045,0.8281930352715312,0.8464868768292605,0.698859295788493,0.7766505096774324,0.8508555925018982,0
classical_chinese,0.4914619073181958,0.4182608949786013,0.3540341378723075,0.5741020589028447,0.49667225864415254,0.5149583086173376,0.49873651697371774,0.5027772705405548,1.0,0.5026994918277472,0.47476549940817386,0.523685161180683,0.5032147300594872,0.4453121413072566,0.5670907161815408,0.5308414120910456,0.40349471155969074,0.3511072228231762,0.4956929067408554,0,0.4183499964975314,0.394590899709911,0.3997207951469724,0.36142847216925655,0.4721061949139764,0.4452448894845894,0.3790086773970147,0.24817001572634587,0.3164515730351849,0.5506081218300524,0.695592292721434,0.531490378593023,0.5050831963408322,0.4714898555655306,0.5650735219383647,0,0,0.43626630945109746,0.4870686567649351,0.42882370887098975,0.46296713402012657,0.43444550531864556,0.6937816632772696,0.40149942960659146,0.5038115956993624,0.48303035049712606,0.5091162623619231,0.5045294749742808,0.5699611412343895,0.5435668059072427,0.4970138634129514,0.5056677698274047,0.4311108937586016,0.4167929357871024,0.40302019477995615,0.5360946238179607,0.4882122229528877,0
croatian,0.8718836945681622,0.8278494451529135,0.833844674590252,0.852340913906661,0.92475890896163,0.9564767363346393,0.8260314047759406,0.7788691382564343,0.5026994918277472,1.0,0.9672903222814613,0.9366620076961237,0.90317988752627,0.9008664261269117,0.8694552714957737,0.8383742758164702,0.7927921348084722,0.7371045048237691,0.9103257208494435,0,0.7915805056730071,0.74336900221316,0.8583180652153859,0.5396056632980265,0.8400728048693932,0.8480943369784036,0.8308739581469796,0.5970537469858731,0.7474735935073437,0.6661519218331384,0.6517364619539369,0.9440961476436803,0.9006282481267293,0.7517976439252284,0.794292452766376,0,0,0.8206877140676242,0.9378874433625783,0.7821458802965698,0.9315698892763005,0.9610250889705162,0.388289181591289,0.8418841694721018,0.9907303438266847,0.9581427888697597,0.9849523075535913,0.8462024782332392,0.9616545779166022,0.7914489570200989,0.6925251344905412,0.8501766301972282,0.9510913028553334,0.886941984843271,0.6540919027566396,0.7506143257337717,0.8896011525519487,0
czech,0.8590140983795007,0.8765915313908946,0.7987598375363884,0.8432413960650765,0.914897199842014,0.9458788669154948,0.8074238746552318,0.7872040451458934,0.47476549940817386,0.9672903222814613,1.0,0.9065046274354339,0.8788202098201681,0.8817281168593204,0.8595199435961618,0.7975990995881501,0.7916410412042322,0.7504948939392658,0.8796715652122163,0,0.8009556230966525,0.727041936413678,0.8600117678804816,0.4920147199734197,0.8122233600569645,0.8520132975259352,0.8217709487925294,0.5638076454444068,0.7205755747731842,0.6465304249874748,0.6277648087395445,0.9454100870844051,0.9267423546664088,0.7399563749144972,0.7418847294311113,0,0,0.8139065020945067,0.9273699286958025,0.7984097475062325,0.9329992798313129,0.9600086307555485,0.39031711789040857,0.8056785109251858,0.9497037554998877,0.9583241124659959,0.9764926276875309,0.8279786870050747,0.9161378184104799,0.8505337231570831,0.6618347529384337,0.8179358417215785,0.9429201774963959,0.8911473952633802,0.6645423766195339,0.7161555367506008,0.9029021772372606,0
danish,0.9416603200881504,0.8098559839797108,0.764191948079604,0.8113779171012204,0.8400532180245709,0.9439599865224642,0.9236227182102772,0.7682549772428243,0.523685161180683,0.9366620076961237,0.9065046274354339,1.0,0.958605318128756,0.9373676602934556,0.7932021296952967,0.812721148068906,0.884583149824551,0.845981536839821,0.964822076280426,0,0.8621153623583104,0.7531677484857682,0.8579759003273867,0.5933147518351297,0.8435342430795668,0.8802488130448933,0.9053077573051705,0.6889760285482079,0.6957149929295647,0.6391896332173441,0.557691688941605,0.8762751535856673,0.8304347414330566,0.768532211204745,0.7561900023585281,0,0,0.8401736213221292,0.9002172254513668,0.8597181782435082,0.9619595373403967,0.9105576710283415,0.44275509758931336,0.8848250590443713,0.9498881267050457,0.8829736219536317,0.948006906667931,0.9338107402695403,0.9631634775656566,0.769600683223452,0.7297214361858123,0.815450156927996,0.9047359350902381,0.8968924230374093,0.6476512106886813,0.8111749102979481,0.8869648885739884,0
dutch,0.9564913199128463,0.7828733458805821,0.7545549893236323,0.7874863913706073,0.8463936795196412,0.9153352199799937,0.9539385734496366,0.7327780835945611,0.5032147300594872,0.90317988752627,0.8788202098201681,0.958605318128756,1.0,0.9533129223642799,0.7876824959789929,0.7680322822124118,0.9408282683328899,0.8840823641555413,0.9867254875576633,0,0.9345189423785593,0.7207809391250585,0.8331802036295425,0.6548113786777592,0.8103345557611152,0.92135619593972,0.9564461190335488,0.6405572660803592,0.6631598045283122,0.6172361359491116,0.5976571386544594,0.8536704980966195,0.8266826535664386,0.8085404453747946,0.7089418637645848,0,0,0.8031250036320808,0.8864518682075678,0.9143295925593323,0.9569649744716119,0.8915464333132361,0.41822702167473635,0.8777161982054651,0.9088201640873348,0.8708770943077798,0.9079610951100324,0.9615957818848403,0.9437624560134608,0.7227915483318333,0.6531011077722553,0.7885656453632274,0.8869032121788314,0.847750869492966,0.6231415081396332,0.7909344507288215,0.9018257567205891,0
english,0.9291436705443761,0.7644309010475304,0.773552761682233,0.7776920109518759,0.8314909076359843,0.9041111467860657,0.93033786619385,0.8001994363463859,0.4453121413072566,0.9008664261269117,0.8817281168593204,0.9373676602934556,0.9533129223642799,1.0,0.7680245975800125,0.774906605939009,0.8963664499383424,0.8416117659336076,0.9528721761292842,0,0.8752027851118938,0.718048939982541,0.9166261787228696,0.6052199329488085,0.9298655356485411,0.8762251028232612,0.9246692533701599,0.7529548424928871,0.6786171044982795,0.7184838611803954,0.5594850358502145,0.8391142809424302,0.8105739337749213,0.7648805595330678,0.7067201798255431,0,0,0.8033887249617002,0.883959881392191,0.8646971290333232,0.9377149225233599,0.8912388908014934,0.33106525408558163,0.859171346419827,0.8999915779873178,0.8656065523584991,0.9061093036573489,0.9384484151408636,0.9234627502732182,0.706659114820168,0.6571255209447461,0.8003877532174678,0.8983236912678612,0.9088484869983284,0.6018969804130508,0.8764732609158871,0.8813989666381644,0
estonian,0.7021277832289229,0.679200442613496,0.8850188559642772,0.9451519107568042,0.912934134583542,0.8246015775074665,0.6958830524864631,0.8055070533184907,0.5670907161815408,0.8694552714957737,0.8595199435961618,0.7932021296952967,0.7876824959789929,0.7680245975800125,1.0,0.897707192406917,0.6304463749674135,0.5893695433105152,0.7992697330749516,0,0.6968228858635224,0.6557115811087183,0.8014190134346248,0.593173756619166,0.7482973723526902,0.8440111520785958,0.6811157489678005,0.4149406192822748,0.736730057813682,0.7344827851904594,0.6981517815263059,0.9432001835841091,0.942572893319385,0.7943710561885051,0.7177637587522431,0,0,0.6471258706698211,0.8287924366834188,0.6680709758631017,0.7842916910846904,0.8930447078710696,0.46570381633700675,0.8022675624030199,0.8582784783592902,0.9118383376161602,0.8418396357939135,0.7145354174074656,0.8736208804562494,0.8073578356370206,0.7426115382706949,0.8184700755681782,0.8996423898631274,0.7707311470937723,0.7430549810169139,0.661756505581336,0.8702659601234609,0
finnish,0.7344371434771656,0.5522611846283688,0.8799157076695252,0.8720884117884707,0.7863716497367893,0.7717346910492604,0.6896945384793173,0.7389142937110755,0.5308414120910456,0.8383742758164702,0.7975990995881501,0.812721148068906,0.7680322822124118,0.774906605939009,0.897707192406917,1.0,0.6058506879780803,0.5387833233293083,0.7982517532391579,0,0.657618941984179,0.6656349589082198,0.7223176969391198,0.5771453869149642,0.7636870176037794,0.7376077340602314,0.6598205250213321,0.4058230801887481,0.8470559956240378,0.7069030286746134,0.589134672601808,0.8487676786589575,0.8232099314828708,0.77990643599259,0.8168438755068129,0,0,0.7134473373024488,0.7660428558848673,0.5730004329657026,0.7319299548272761,0.8194932531172512,0.48678785420164017,0.7833221067345507,0.8373088406474477,0.840221930171476,0.8107656263981384,0.7017316105703028,0.8846040829192181,0.7160497851981514,0.7756234393605033,0.8890320989687991,0.8264137800800003,0.7003592373129564,0.6878450492232663,0.6806608833823224,0.782040667123526,0
french,0.914764243239012,0.7811168177914583,0.6075117307487117,0.6489183499040905,0.7371420005523648,0.8264813144479666,0.9545977134399437,0.6604935253053698,0.40349471155969074,0.7927921348084722,0.7916410412042322,0.884583149824551,0.9408282683328899,0.8963664499383424,0.6304463749674135,0.6058506879780803,1.0,0.9421720798376388,0.9230886995567669,0,0.9501166801580228,0.712642539715322,0.7455690445525439,0.6152013099584775,0.7229524262572503,0.8744040857596508,0.9744537386719825,0.6170657954676908,0.4976200712028132,0.5186310152471758,0.4588530847698261,0.7333977153062774,0.7152002891262177,0.6925481485748333,0.5717057222988302,0,0,0.7449781919715477,0.7941244755685111,0.9662597147850834,0.9133177003905875,0.7834891194203988,0.30882768771140073,0.774926531407563,0.7883063845346548,0.7646870252902822,0.8136295183157997,0.9563327467508359,0.8215880893600411,0.6490359508351156,0.523557392152609,0.6562683952972198,0.7843966765498975,0.7765199095316809,0.5060569040500746,0.7384951310549527,0.8506304540372776,0
galician,0.8973278167978866,0.812246283296441,0.5592104080674921,0.6332605437348688,0.6726192940112997,0.7920229590979188,0.9258882571774171,0.6385246057364761,0.3511072228231762,0.7371045048237691,0.7504948939392658,0.845981536839821,0.8840823641555413,0.8416117659336076,0.5893695433105152,0.5387833233293083,0.9421720798376388,1.0,0.860260459090381,0,0.9214405207118455,0.7242993957364073,0.7481269342458338,0.5644993338447203,0.6701978516498959,0.8618319456901246,0.9493976270704205,0.6445702121179677,0.48630628633464223,0.48127060411262823,0.3452535601910015,0.7025944696035196,0.6746447780135462,0.6579721045769281,0.5172458783447568,0,0,0.7147901039692932,0.7513909184737649,0.9450763991998543,0.8753947240753772,0.7529500318504481,0.23356626989664203,0.7651282469738757,0.7521549035574302,0.7029549651686403,0.7757855963609627,0.9273962654548568,0.7499421093037888,0.6851077329832566,0.5317072473921419,0.6328260046564224,0.7522708251137467,0.7782993271685504,0.5046946608254832,0.7002326372501629,0.8141120049853986,0
german,0.9483951244171445,0.7652668195840551,0.773408378838222,0.7997641623288325,0.849842165635504,0.9173666009120341,0.9430640120220323,0.7305848772015762,0.4956929067408554,0.9103257208494435,0.8796715652122163,0.964822076280426,0.9867254875576633,0.9528721761292842,0.7992697330749516,0.7982517532391579,0.9230886995567669,0.860260459090381,1.0,0,0.9068265935922516,0.7339478805970282,0.8317697930712392,0.6462623519352014,0.8314155550751733,0.9076133950089071,0.9431290759628531,0.6382003393068042,0.6733506927773394,0.6227161826128953,0.5789695036473392,0.8519958144691883,0.8323035467904781,0.7879652225712754,0.7017776512279024,0,0,0.7893091568000868,0.8848684145281004,0.8933319685786458,0.9546890222796341,0.8963831059693789,0.4278100933431189,0.8896287106752293,0.9142544284618991,0.8751449247127983,0.9129674527188426,0.9499136687003968,0.9513739082258823,0.7185140263016436,0.6707485734302391,0.7954973698885444,0.8949800058990369,0.8437138633961324,0.6325512192766307,0.7979780391358264,0.8986832551291545,0
gothic,0.0,0.0,0.0,0.0,0.0,0.0,0.0,0.0,0.0,0.0,0.0,0.0,0.0,0.0,0.0,0.0,0.0,0.0,0.0,0,0.0,0.0,0.0,0.0,0.0,0.0,0.0,0.0,0.0,0.0,0.0,0.0,0.0,0.0,0.0,0,0,0.0,0.0,0.0,0.0,0.0,0.0,0.0,0.0,0.0,0.0,0.0,0.0,0.0,0.0,0.0,0.0,0.0,0.0,0.0,0.0,0
greek,0.9110946325244144,0.764629588395896,0.640692401749292,0.7138904673665305,0.7403191868081339,0.79071264482496,0.9313161198164206,0.6811612800910545,0.4183499964975314,0.7915805056730071,0.8009556230966525,0.8621153623583104,0.9345189423785593,0.8752027851118938,0.6968228858635224,0.657618941984179,0.9501166801580228,0.9214405207118455,0.9068265935922516,0,1.0,0.6640427951303827,0.7357962307793443,0.6559748329917956,0.6914906718688275,0.9074652325320021,0.95548555636043,0.5164315737490958,0.5507696556441365,0.5503906718629586,0.4781337206486926,0.7771876226497182,0.7473091858034314,0.725047459115904,0.6347988694813314,0,0,0.6998086308327285,0.7596101728016957,0.9381545771003272,0.8782349733865445,0.7904781519692298,0.32071971147097705,0.7477427009830856,0.7903641642046816,0.7757338545432948,0.8101192616994065,0.9341326692618681,0.8127489561982647,0.7263855269401961,0.5576268510373861,0.7079820145291416,0.7905438824221714,0.7519410297346115,0.5313200026996588,0.6984756762901999,0.8603040000322538,0
hebrew,0.698793159474172,0.7341109966325754,0.655648656416807,0.6603974871913875,0.7008855282266961,0.7477717556254677,0.6839332720634,0.60860355446465,0.394590899709911,0.74336900221316,0.727041936413678,0.7531677484857682,0.7207809391250585,0.718048939982541,0.6557115811087183,0.6656349589082198,0.712642539715322,0.7242993957364073,0.7339478805970282,0,0.6640427951303827,1.0,0.6814558892293674,0.442032021016211,0.6708387670288276,0.6637769968595679,0.764461625188558,0.5169343100819305,0.6158694266077305,0.520376598775656,0.4650136699544366,0.7027330916333131,0.686352012957002,0.6244416081156352,0.5981938135833703,0,0,0.6640930388134642,0.724850048496126,0.7257202107528582,0.7345982821799392,0.7364151676504547,0.3603646181885684,0.7060589981399426,0.745205918177363,0.7252689167662268,0.7447553236019395,0.6968926241737187,0.7578980299794386,0.6608132117434372,0.5807660303703576,0.6960279584625213,0.7340526264381876,0.6970128101026943,0.5644099331373842,0.6056467009965528,0.6991811043505498,0
hindi,0.7846847839951198,0.7856057790230516,0.7766057599517455,0.8359256814009453,0.8475054820248759,0.8817263599604173,0.798346620541683,0.8811993799320145,0.3997207951469724,0.8583180652153859,0.8600117678804816,0.8579759003273867,0.8331802036295425,0.9166261787228696,0.8014190134346248,0.7223176969391198,0.7455690445525439,0.7481269342458338,0.8317697930712392,0,0.7357962307793443,0.6814558892293674,1.0,0.5360653625425758,0.9216272982961474,0.8437700672854801,0.7843260633343321,0.8027264023483094,0.6521980212910294,0.8048121601413838,0.5129354958009469,0.8655410295018028,0.8544299976022299,0.7474704978113912,0.6420133127159298,0,0,0.7318269680016112,0.8565977250250512,0.7761400007318535,0.8715481778714046,0.8853253774588523,0.3296230789436227,0.8281840463498532,0.8653190658849721,0.8605382551332701,0.8658470157076603,0.8124462506864968,0.8489103466200122,0.7694568588709897,0.718667882608353,0.7523225639402071,0.9028741702586642,0.9658161412610509,0.7165517065341576,0.8331503125159117,0.8664702946033311,0
hungarian,0.596140120349635,0.34111920361465037,0.620751050277865,0.6245373699797437,0.5825667096562596,0.5278434022788235,0.6310273120027163,0.5360214956223863,0.36142847216925655,0.5396056632980265,0.4920147199734197,0.5933147518351297,0.6548113786777592,0.6052199329488085,0.593173756619166,0.5771453869149642,0.6152013099584775,0.5644993338447203,0.6462623519352014,0,0.6559748329917956,0.442032021016211,0.5360653625425758,1.0,0.5233067408755006,0.6688387768056554,0.6114655031047992,0.26926562206871707,0.4760019438106391,0.4926598953988656,0.40883284346983223,0.580483170056252,0.5714724564552683,0.6659380037766753,0.5790281859036652,0,0,0.41209427456541503,0.5289460050939255,0.5884989577012961,0.538075019060734,0.5583265724835877,0.26881062120969296,0.624578555876442,0.5423122852869258,0.5899866279443751,0.493880878863415,0.634738370128544,0.6216559747884615,0.40297195013942433,0.5968751326857662,0.5479327834253123,0.5885965437479995,0.4935666141043137,0.5655200448191898,0.5221165086123707,0.6226778171936005,0
indonesian,0.7878678252418431,0.6697854935053494,0.7521724300266601,0.7658634987936958,0.7785770508357867,0.8341445768814875,0.7914534691068338,0.8446722291100089,0.4721061949139764,0.8400728048693932,0.8122233600569645,0.8435342430795668,0.8103345557611152,0.9298655356485411,0.7482973723526902,0.7636870176037794,0.7229524262572503,0.6701978516498959,0.8314155550751733,0,0.6914906718688275,0.6708387670288276,0.9216272982961474,0.5233067408755006,1.0,0.7479494796986659,0.7563375157155774,0.7659561809390729,0.651698500103086,0.824447461786459,0.5223903735772087,0.7979910994436676,0.7717241318105994,0.6907322707847195,0.7031226185818071,0,0,0.7088279686649478,0.8180118505451369,0.6975197385709273,0.8222917008335011,0.8312244697182676,0.35813523076245296,0.7927533538663317,0.8432625220354822,0.8127931349762054,0.8314850694306724,0.8026535694576277,0.8559176826133585,0.6692259393548401,0.7076339932759312,0.7694098593391518,0.8497187397920428,0.8957237150635665,0.6292989124632489,0.8981679475911728,0.7891056223390178,0
irish,0.8479514576974662,0.7972526391920121,0.755250060059391,0.8486771464696136,0.850031929792271,0.861504336935394,0.9007621265232029,0.8064810268757724,0.4452448894845894,0.8480943369784036,0.8520132975259352,0.8802488130448933,0.92135619593972,0.8762251028232612,0.8440111520785958,0.7376077340602314,0.8744040857596508,0.8618319456901246,0.9076133950089071,0,0.9074652325320021,0.6637769968595679,0.8437700672854801,0.6688387768056554,0.7479494796986659,1.0,0.8864748692757896,0.5741134257007356,0.6074851583387411,0.6306500419501537,0.5452993688994686,0.8883918840836303,0.8749395111875001,0.7939561254859959,0.616958430017664,0,0,0.7256755850411406,0.8373214262460645,0.9014125573429018,0.9061895179503602,0.8806005847925967,0.3366191818560764,0.8771699538898264,0.8490490625878371,0.8617741543306006,0.8529565126254333,0.9095240533987593,0.8630715197652994,0.7883741585835463,0.6763193025708089,0.7439118346533924,0.8883242693543326,0.8408191394495782,0.672631797980667,0.7335178072383928,0.9463591572594672,0
italian,0.9335551094976906,0.7990936727058826,0.666654240624754,0.6835646486130083,0.759489639631121,0.8493007478706208,0.9498393081503008,0.6667126437170658,0.3790086773970147,0.8308739581469796,0.8217709487925294,0.9053077573051705,0.9564461190335488,0.9246692533701599,0.6811157489678005,0.6598205250213321,0.9744537386719825,0.9493976270704205,0.9431290759628531,0,0.95548555636043,0.764461625188558,0.7843260633343321,0.6114655031047992,0.7563375157155774,0.8864748692757896,1.0,0.6471890168179372,0.5803129324168388,0.5343220395146597,0.495647518955582,0.7647544378263056,0.7429019269858715,0.7178382985609286,0.604503748735591,0,0,0.7563036738300267,0.8202804541916758,0.9521277458522669,0.9259748496858293,0.8276967732263439,0.2817459473602361,0.8141319925472404,0.832725883205255,0.7872993386947302,0.8494270502468781,0.9552003938921371,0.8532937331889432,0.6820753352950144,0.5570274951441334,0.7199946976237346,0.820644432356093,0.8074228511002495,0.5138346865044211,0.7485866571351698,0.8485469057626649,0
japanese,0.6197326698392129,0.629975793557733,0.42895694990738154,0.4874415229732309,0.4919323845593359,0.6631762113957916,0.6894718825631493,0.6363195117194934,0.24817001572634587,0.5970537469858731,0.5638076454444068,0.6889760285482079,0.6405572660803592,0.7529548424928871,0.4149406192822748,0.4058230801887481,0.6170657954676908,0.6445702121179677,0.6382003393068042,0,0.5164315737490958,0.5169343100819305,0.8027264023483094,0.26926562206871707,0.7659561809390729,0.5741134257007356,0.6471890168179372,1.0,0.35083727663192743,0.5889033973276763,0.30216875574064184,0.5022819553407495,0.4910115151956654,0.43376670610298634,0.3375809021170908,0,0,0.6088436348389025,0.6305004997850737,0.6155872911275172,0.7141690266098211,0.5910188774243306,0.1469229406330473,0.637350167366525,0.63206088348301,0.500157087371766,0.6484829381042727,0.68908324864988,0.6079800570957336,0.4861752766555911,0.45279576470002836,0.4755227449238586,0.5892733909489656,0.7986379700303564,0.3519940238232299,0.7393103447296633,0.574210599022935,0
kazakh,0.6425187036119643,0.5018691678168674,0.867239840240397,0.7364554905820451,0.7228301880685134,0.6900449766834538,0.5571735141870411,0.5658593076175168,0.3164515730351849,0.7474735935073437,0.7205755747731842,0.6957149929295647,0.6631598045283122,0.6786171044982795,0.736730057813682,0.8470559956240378,0.4976200712028132,0.48630628633464223,0.6733506927773394,0,0.5507696556441365,0.6158694266077305,0.6521980212910294,0.4760019438106391,0.651698500103086,0.6074851583387411,0.5803129324168388,0.35083727663192743,1.0,0.5567251172914333,0.4385200301043682,0.743794028576544,0.7318789354679858,0.7390811614908452,0.7544385516412101,0,0,0.7488255120192281,0.7065986723359992,0.4578872354582522,0.628531583590177,0.7664729905846878,0.3361649879804568,0.7221652818401746,0.7583961196010093,0.7629916446278519,0.7164704329452354,0.5759274010736516,0.7660109625064393,0.6074926768924337,0.7044887237789423,0.9269016482007977,0.7688802477545269,0.6279059939567129,0.677888585288876,0.509111850978278,0.6346218745249097,0
korean,0.568646401979157,0.5084767891724149,0.6825713154362281,0.7883767057400988,0.6900843533716836,0.6399466287153848,0.5958076360957888,0.8449555299690248,0.5506081218300524,0.6661519218331384,0.6465304249874748,0.6391896332173441,0.6172361359491116,0.7184838611803954,0.7344827851904594,0.7069030286746134,0.5186310152471758,0.48127060411262823,0.6227161826128953,0,0.5503906718629586,0.520376598775656,0.8048121601413838,0.4926598953988656,0.824447461786459,0.6306500419501537,0.5343220395146597,0.5889033973276763,0.5567251172914333,1.0,0.5019093452113358,0.7304209721757762,0.7179481226196834,0.6470965401037837,0.6560512838000608,0,0,0.5008933251278357,0.6351172788640499,0.5340375258952448,0.6219872825833235,0.6727618438613634,0.4670933027767904,0.5999339014990204,0.6635272174944109,0.6939515433189498,0.653647379762407,0.6076029026785101,0.6847540717914385,0.6869949343393152,0.7143319243357334,0.662722644721598,0.7067952171959567,0.7242317605359965,0.655197772331361,0.7471014789838317,0.6914101798693721,0
latin,0.5136951397353501,0.4965376061696347,0.5378087648331814,0.5909550820254676,0.6740228982819259,0.5953239321727634,0.48131099862735777,0.5162288326630399,0.695592292721434,0.6517364619539369,0.6277648087395445,0.557691688941605,0.5976571386544594,0.5594850358502145,0.6981517815263059,0.589134672601808,0.4588530847698261,0.3452535601910015,0.5789695036473392,0,0.4781337206486926,0.4650136699544366,0.5129354958009469,0.40883284346983223,0.5223903735772087,0.5452993688994686,0.495647518955582,0.30216875574064184,0.4385200301043682,0.5019093452113358,1.0,0.6259400669277899,0.6481240101778577,0.5147492894171659,0.5219551408429065,0,0,0.5448589835549016,0.6173458183667022,0.48158066898434077,0.5620843235869035,0.5890865614751858,0.41202414883985433,0.48633274903372764,0.6133817353927519,0.6380021764242356,0.623035454977326,0.5026878058161247,0.6752146859428436,0.4738038725705306,0.40518943012343583,0.5785028033354067,0.5574595403337268,0.5222425870921615,0.31419085026598925,0.5169575172953916,0.5653478702938386,0
latvian,0.7921580097512002,0.8160569622063971,0.8597962961038026,0.9361075807842064,0.9418373408601981,0.9120244332130866,0.7768448450519913,0.8585063662210035,0.531490378593023,0.9440961476436803,0.9454100870844051,0.8762751535856673,0.8536704980966195,0.8391142809424302,0.9432001835841091,0.8487676786589575,0.7333977153062774,0.7025944696035196,0.8519958144691883,0,0.7771876226497182,0.7027330916333131,0.8655410295018028,0.580483170056252,0.7979910994436676,0.8883918840836303,0.7647544378263056,0.5022819553407495,0.743794028576544,0.7304209721757762,0.6259400669277899,1.0,0.9604376440234746,0.8011847934510339,0.7816591497422191,0,0,0.743409453760663,0.8994108493772005,0.7646282630302894,0.8833595016733202,0.9631751909495349,0.4324447058356007,0.8263745540835743,0.9340199619688128,0.9605644266988482,0.9297194726061203,0.7991618010313001,0.9104892397257536,0.8806380703162116,0.774928611900523,0.8384811753883689,0.9604868780107965,0.8642191276836585,0.7637888303489487,0.7016480490591922,0.9219829507192632,0
lithuanian,0.7441984733206917,0.8027242883398467,0.8560738053861382,0.9310093007002684,0.9360215718123046,0.8897773908685097,0.7388647011135528,0.8295348160902386,0.5050831963408322,0.9006282481267293,0.9267423546664088,0.8304347414330566,0.8266826535664386,0.8105739337749213,0.942572893319385,0.8232099314828708,0.7152002891262177,0.6746447780135462,0.8323035467904781,0,0.7473091858034314,0.686352012957002,0.8544299976022299,0.5714724564552683,0.7717241318105994,0.8749395111875001,0.7429019269858715,0.4910115151956654,0.7318789354679858,0.7179481226196834,0.6481240101778577,0.9604376440234746,1.0,0.8093155881185021,0.6992102457775834,0,0,0.702591636961278,0.8846668645600831,0.7470740455928859,0.8560327438940207,0.9381262654359339,0.4617516297024905,0.8229633947916292,0.8900521829797045,0.9447841631067215,0.8927967238862947,0.7605705865931505,0.878325263688071,0.8630351296429821,0.7509498277338245,0.8137093516141419,0.9351337306203078,0.8369260676156985,0.7951252818057627,0.660462266987712,0.9104606096435702,0
maltese,0.7376581727059789,0.5631408721694016,0.7987949860544086,0.8319586062835325,0.7749776350997971,0.7762034201537568,0.7340483332511714,0.6969192254993051,0.4714898555655306,0.7517976439252284,0.7399563749144972,0.768532211204745,0.8085404453747946,0.7648805595330678,0.7943710561885051,0.77990643599259,0.6925481485748333,0.6579721045769281,0.7879652225712754,0,0.725047459115904,0.6244416081156352,0.7474704978113912,0.6659380037766753,0.6907322707847195,0.7939561254859959,0.7178382985609286,0.43376670610298634,0.7390811614908452,0.6470965401037837,0.5147492894171659,0.8011847934510339,0.8093155881185021,1.0,0.7480501242950217,0,0,0.6312885459839692,0.7546670090256986,0.6719034328276824,0.7339807927015543,0.7844929441895777,0.5300450562227926,0.8302705376609048,0.7687286470512745,0.807330792597854,0.736657352803467,0.7439921461295234,0.8204828667306839,0.6760717206985742,0.7680161628189882,0.7495109835972418,0.7977102083536746,0.7122628658328384,0.8372249050236509,0.6187336306978254,0.8014445782475226,0
marathi,0.7321244237276511,0.5129010395054915,0.7643228809840346,0.7858963745099851,0.7012905803086383,0.7079535571330214,0.647614427473072,0.6625390238455908,0.5650735219383647,0.794292452766376,0.7418847294311113,0.7561900023585281,0.7089418637645848,0.7067201798255431,0.7177637587522431,0.8168438755068129,0.5717057222988302,0.5172458783447568,0.7017776512279024,0,0.6347988694813314,0.5981938135833703,0.6420133127159298,0.5790281859036652,0.7031226185818071,0.616958430017664,0.604503748735591,0.3375809021170908,0.7544385516412101,0.6560512838000608,0.5219551408429065,0.7816591497422191,0.6992102457775834,0.7480501242950217,1.0,0,0,0.6147244039215,0.7075429140058105,0.5089104115889346,0.6482540413636195,0.7423305954065488,0.4274727275564785,0.6722542053275626,0.8024245584094508,0.7849629449189542,0.7552769863933787,0.6651903226458443,0.8103249273038533,0.6605510106850079,0.788928178002816,0.7892129495559257,0.7483618785511383,0.6471247417276617,0.6651703638190941,0.6181255395952231,0.6700528799208475,0
north_sami,0.0,0.0,0.0,0.0,0.0,0.0,0.0,0.0,0.0,0.0,0.0,0.0,0.0,0.0,0.0,0.0,0.0,0.0,0.0,0,0.0,0.0,0.0,0.0,0.0,0.0,0.0,0.0,0.0,0.0,0.0,0.0,0.0,0.0,0.0,0,0,0.0,0.0,0.0,0.0,0.0,0.0,0.0,0.0,0.0,0.0,0.0,0.0,0.0,0.0,0.0,0.0,0.0,0.0,0.0,0.0,0
old_church_slavonic,0.0,0.0,0.0,0.0,0.0,0.0,0.0,0.0,0.0,0.0,0.0,0.0,0.0,0.0,0.0,0.0,0.0,0.0,0.0,0,0.0,0.0,0.0,0.0,0.0,0.0,0.0,0.0,0.0,0.0,0.0,0.0,0.0,0.0,0.0,0,0,0.0,0.0,0.0,0.0,0.0,0.0,0.0,0.0,0.0,0.0,0.0,0.0,0.0,0.0,0.0,0.0,0.0,0.0,0.0,0.0,0
persian,0.7907272961535495,0.7593264146589964,0.6638013021520848,0.6415433311099878,0.725049037629492,0.8325177026500287,0.7621628664434786,0.637900788884138,0.43626630945109746,0.8206877140676242,0.8139065020945067,0.8401736213221292,0.8031250036320808,0.8033887249617002,0.6471258706698211,0.7134473373024488,0.7449781919715477,0.7147901039692932,0.7893091568000868,0,0.6998086308327285,0.6640930388134642,0.7318269680016112,0.41209427456541503,0.7088279686649478,0.7256755850411406,0.7563036738300267,0.6088436348389025,0.7488255120192281,0.5008933251278357,0.5448589835549016,0.743409453760663,0.702591636961278,0.6312885459839692,0.6147244039215,0,0,1.0,0.797800990530862,0.7340431047287701,0.8354781047911937,0.7760428036480598,0.32414821847805425,0.7197546171944199,0.8193455362963088,0.7677517976929945,0.836863440177058,0.774241355453433,0.8210897124489422,0.6424242636370016,0.5502191224769205,0.8433794974729684,0.7578704163749882,0.7916678106067708,0.48199521824328445,0.6738614154886483,0.7585489576307084,0
polish,0.8425298084654338,0.8158436923664775,0.8100705412071237,0.8189858014207976,0.9154524997277323,0.946542875826838,0.8279529391555872,0.7434487344892223,0.4870686567649351,0.9378874433625783,0.9273699286958025,0.9002172254513668,0.8864518682075678,0.883959881392191,0.8287924366834188,0.7660428558848673,0.7941244755685111,0.7513909184737649,0.8848684145281004,0,0.7596101728016957,0.724850048496126,0.8565977250250512,0.5289460050939255,0.8180118505451369,0.8373214262460645,0.8202804541916758,0.6305004997850737,0.7065986723359992,0.6351172788640499,0.6173458183667022,0.8994108493772005,0.8846668645600831,0.7546670090256986,0.7075429140058105,0,0,0.797800990530862,1.0,0.793227608526948,0.9189448530003345,0.9329033051721238,0.35749082249788794,0.8519101650764215,0.9343475586439014,0.930726775954375,0.9302592797553517,0.846822630381712,0.9218530608441299,0.7428229977743556,0.6415134323091503,0.8007361329966808,0.9335446212204841,0.8670441819288325,0.6606501055837389,0.7281272645202607,0.8777826408182533,0
portuguese,0.8646752887332431,0.8447971602311538,0.592254463917815,0.6870099514092203,0.772071737077413,0.8371397005311475,0.9248276114937359,0.6995558411535925,0.42882370887098975,0.7821458802965698,0.7984097475062325,0.8597181782435082,0.9143295925593323,0.8646971290333232,0.6680709758631017,0.5730004329657026,0.9662597147850834,0.9450763991998543,0.8933319685786458,0,0.9381545771003272,0.7257202107528582,0.7761400007318535,0.5884989577012961,0.6975197385709273,0.9014125573429018,0.9521277458522669,0.6155872911275172,0.4578872354582522,0.5340375258952448,0.48158066898434077,0.7646282630302894,0.7470740455928859,0.6719034328276824,0.5089104115889346,0,0,0.7340431047287701,0.793227608526948,1.0,0.9126955035322878,0.792106191914896,0.31953228962341257,0.7483004082525825,0.7759202761933341,0.7725501327310511,0.8094401152364312,0.9299143592854539,0.7951847208421262,0.7196515737849443,0.5088901169311197,0.6361110648515337,0.7967935551623896,0.7949897941007609,0.5297482239964172,0.7095209156406205,0.8813215340875215,0
