,afrikaans,arabic,armenian,basque,belarusian,bulgarian,catalan,chinese,classical_chinese,croatian,czech,danish,dutch,english,estonian,finnish,french,galician,german,gothic,greek,hebrew,hindi,hungarian,indonesian,irish,italian,japanese,kazakh,korean,latin,latvian,lithuanian,maltese,marathi,north_sami,old_church_slavonic,persian,polish,portuguese,romanian,russian,sanskrit,scottish_gaelic,serbian,slovak,slovenian,spanish,swedish,tamil,telugu,turkish,ukrainian,urdu,uyghur,vietnamese,welsh,wolof
afrikaans,1.0,0.694924967177892,0.749625226871556,0.7369505661748991,0.8859822402446066,0.9014395368651498,0.9425116302803025,0.6603596987268175,0.49761940884773753,0.8852997978134893,0.9047138010505995,0.9210456080671083,0.9364461286423842,0.9457316189603723,0.7184548599657741,0.6918921798156117,0.9123388971703125,0.9043323029213115,0.9582362679162577,0.2924294074717911,0.8803146822313597,0.6272712292839949,0.7987345861764896,0.5851195446520739,0.8023305742681568,0.9019369924409594,0.9227172283789282,0.6706809943172702,0.633008999788027,0.5467389808838351,0.7911683975943828,0.8365728402057899,0.6707523426925147,0,0.6749529907796358,0,0,0.7725772944830455,0.8472647283672633,0.8889645963676902,0.940057120022615,0.8795754140166689,0.2882823266277234,0.8204525680121159,0.8865743901639103,0.8951813382318236,0.881403685173272,0.9346783884556097,0.8787180576683563,0.6841817354126519,0.5334961955056248,0.7241853592522763,0.8775045839774448,0.77835955012959,0.650334323032424,0.7172106228895315,0.8670748648962721,0.4184962442299578
arabic,0.694924967177892,1.0,0.5323542090186306,0.6721049935078544,0.8314243823515937,0.810370818895137,0.6692468801729392,0.6999934905529972,0.49382742368958604,0.7357769700363879,0.7813330782666805,0.7179591534435898,0.681085825629417,0.6984425254485894,0.7427967131550844,0.5519648414329527,0.7230857326177733,0.7423040803234852,0.6995337451514066,0.5680673420431617,0.651544909679862,0.730272480632596,0.7648230342121866,0.3733031649695306,0.6118521128810958,0.7806050329443885,0.7473200851856896,0.5503997415885533,0.45002880995827926,0.5183024138313735,0.7137880538421982,0.7783632133075332,0.8003045250805558,0,0.451964544497338,0,0,0.6654271606378847,0.7468120896748199,0.8237395986502636,0.7525835001964938,0.8377983484204412,0.2314660446645472,0.6453531835291926,0.7311539970539093,0.823049248536215,0.7226294758897954,0.6883111665754597,0.7206447694101755,0.8682590282064969,0.48955235478317005,0.6736042617713639,0.8266793092978703,0.7424177089903357,0.5940832533612128,0.6107220016587667,0.8508972955484208,0.5273569373615465
armenian,0.749625226871556,0.5323542090186306,1.0,0.8414680811409265,0.7857843335904108,0.7477826508580869,0.736951174006158,0.6779472972196701,0.4836425530124472,0.8830251751170111,0.8133920969868977,0.8665484568011919,0.7967111271099667,0.8274363198949708,0.8066475742557293,0.921645211069586,0.6207865662624876,0.5937230338717221,0.7440625596720459,0.16918123763908063,0.6432671308665942,0.6374725727970529,0.6282156804614069,0.6224236780815785,0.8287177702337963,0.7287345701652251,0.6871322524850467,0.5808419850215434,0.8956439927674769,0.6532968743363757,0.8417156886142837,0.8186989079413546,0.6801315044600407,0,0.7585654227603872,0,0,0.7943823982527837,0.82121838629155,0.6108897890443853,0.8050812741935208,0.7823883787851309,0.3197840710583963,0.7385372019614341,0.8856443579409082,0.7883371484174264,0.8806419008135631,0.7046908337231665,0.87386039123228,0.6468216035054243,0.6964307206198037,0.8561067863173912,0.7874314070608315,0.5898388960967366,0.7586872807385089,0.6730610386354303,0.7442152875353576,0.4116562782392531
basque,0.7369505661748991,0.6721049935078544,0.8414680811409265,1.0,0.8512808649346406,0.7941905175588687,0.7490714145349568,0.8558929540643359,0.5625930748346629,0.867377511522331,0.8280558671180085,0.8614986655010232,0.7812819909906652,0.7853039578250378,0.9213131780399462,0.8356912055744078,0.6569438532435251,0.6340969330906663,0.7660095929787352,0.37583452871252515,0.6964895533649403,0.5613925653073675,0.6746671955252838,0.6717894173559852,0.8475105445552498,0.7781536393219375,0.6884788902175658,0.5843802675739901,0.7539058804164077,0.780570356079377,0.899666082361077,0.9234235296785788,0.8679702562452484,0,0.7345198835119519,0,0,0.6107884756509967,0.8450519693777412,0.728762310794882,0.8440284696684184,0.8431158477721766,0.3749807273800642,0.7700567410498036,0.8760376909956538,0.8340065814811358,0.8851600145546593,0.7111673446888799,0.8417896953913302,0.8682475969504466,0.8102128507878398,0.7403737236365938,0.864702173734584,0.644497973901425,0.8534212460278965,0.7085887293659037,0.8196887432591479,0.6828648739506731
belarusian,0.8859822402446066,0.8314243823515937,0.7857843335904108,0.8512808649346406,1.0,0.9599247362385567,0.8501956627755007,0.8047845322398833,0.5571854620057289,0.9332153903621444,0.9707500292648649,0.940417809893164,0.8809743245193841,0.9184327403588417,0.8843976815761853,0.7868152353251011,0.8432847493274475,0.7921286049759619,0.8967281118817337,0.41617498467455194,0.7726280858141089,0.6654941305273785,0.8254006841882635,0.608607933589446,0.8578075709452925,0.9190342785246316,0.8416177677161113,0.6242982375087265,0.7313617392654597,0.6566696904218902,0.9293617853624605,0.9579454788173777,0.8764066077310095,0,0.730282494136768,0,0,0.795193804881042,0.9435602479413979,0.8788609581835624,0.9248548393457048,0.9867886122733653,0.36200266061006475,0.8177750089833081,0.9207888337267651,0.9796298625444493,0.9112535829730024,0.8509132521314612,0.9252149107911403,0.8463804589222018,0.6932734004181723,0.791070578684344,0.9914914618984206,0.7846556384810845,0.8232978850418012,0.7688475543027333,0.9377449315283677,0.5906139486341087
bulgarian,0.9014395368651498,0.810370818895137,0.7477826508580869,0.7941905175588687,0.9599247362385567,1.0,0.8658301234053619,0.7511055470737318,0.5198083667284613,0.9242729057571097,0.950633950888787,0.930484155359174,0.8813051301806236,0.9259308354683965,0.7938976646672286,0.7037566269602642,0.8631328100611335,0.8076943102409132,0.886080704736578,0.35950020942419486,0.7458875135287925,0.6622314848492589,0.8638154058811373,0.5558554435429796,0.8502048399830456,0.9120369369260104,0.8573652775166837,0.7198495666992667,0.6545284927679842,0.60755523357001,0.8803158138948964,0.8979571265194054,0.8097366737398772,0,0.6421103591933909,0,0,0.8259653461235581,0.9415430157358544,0.8936800964547515,0.9417405579812406,0.953695972504207,0.3106921036097995,0.8225432256398383,0.9169377622499165,0.9544537028952254,0.9121765988178184,0.8713195309233774,0.9028800338645155,0.7673069641850729,0.6102273805836378,0.7307802696881643,0.9536791439721535,0.8402794885752872,0.7408903759759234,0.7512213686987771,0.9271158182557208,0.5241727747687981
catalan,0.9425116302803025,0.6692468801729392,0.736951174006158,0.7490714145349568,0.8501956627755007,0.8658301234053619,1.0,0.7120937652823329,0.5152953443780608,0.8490396143324535,0.8577523381790256,0.912048506718861,0.9509347011231923,0.9467753951320179,0.7063149083389261,0.6758882178647285,0.9535759400601878,0.9110752647660356,0.9578859741296559,0.2573604216806827,0.9403934022516811,0.6054885511422239,0.7606634585580947,0.673444346125452,0.8205579736661177,0.907693338510337,0.9476332444503351,0.6808491355977657,0.5740184249781656,0.6034918771220253,0.7788452274771761,0.8196390606938007,0.6675214086024563,0,0.6139595928134562,0,0,0.7382654365789187,0.8336973760310015,0.9172773669821763,0.9460808005043881,0.8358653316907948,0.28642931567061297,0.8191780793077432,0.8496032742104476,0.8465281622919453,0.854159100953878,0.9859416348311842,0.8696672775182048,0.6370780316116175,0.5558769655582947,0.7069578038358358,0.8357951291281619,0.7561032505417233,0.6300297994136701,0.7537280207050903,0.8741628363396914,0.43329868916223196
chinese,0.6603596987268175,0.6999934905529972,0.6779472972196701,0.8558929540643359,0.8047845322398833,0.7511055470737318,0.7120937652823329,1.0,0.5450391407811183,0.7365650360168826,0.7628556406325606,0.805448089404323,0.7579613222644491,0.7652410585794084,0.8207061629441702,0.7354053412038705,0.6910817141203172,0.6426071800027618,0.7410800936301065,0.3983449632128622,0.6600322851061216,0.5363139722824792,0.7066005680704335,0.6297521478476067,0.799323673624084,0.7930601817432954,0.6849763671057467,0.6021695203264802,0.6102004646703514,0.80022121671368,0.8297411072734276,0.861420251720296,0.8037605995068277,0,0.6080111736480003,0,0,0.6031598119227181,0.7832814975486729,0.7497881162809426,0.7916147673446494,0.8090658529966571,0.2820714001240619,0.6652261232173805,0.7519670114255554,0.7917743024047584,0.7593041307809988,0.7265902492674748,0.8080112962102143,0.8117051451510856,0.8042785175342297,0.6851130647778222,0.8281146941707936,0.6969948449695127,0.8050683486349897,0.8012095968125922,0.8090694205286532,0.6048464059886353
classical_chinese,0.49761940884773753,0.49382742368958604,0.4836425530124472,0.5625930748346629,0.5571854620057289,0.5198083667284613,0.5152953443780608,0.5450391407811183,1.0,0.5890241151713828,0.5282460668044028,0.5608817672714986,0.5678566778859145,0.5053993226200626,0.5646453299263062,0.6097331325246995,0.4552024027065823,0.3987251636449266,0.5178067662364114,0.23415953078851093,0.48528625349122556,0.35544624774719025,0.44073831719800743,0.4431252619432648,0.5576139784956523,0.49931618564031616,0.42205930071259296,0.280020424587788,0.3771040913021945,0.6130441394204017,0.5819794093496304,0.5537908592133112,0.47637738513059497,0,0.568664927652717,0,0,0.4577600552960042,0.5565002252495123,0.4698121206656084,0.5097672577257892,0.5221271638643552,0.7603993923319965,0.556699555802217,0.5905494533756358,0.5370722351830526,0.569738355613259,0.5086188310596103,0.6292081232119541,0.5643720052625413,0.5745345795067975,0.564891234875418,0.5217906725993221,0.4868525096641511,0.4523383552747531,0.5740007622679776,0.5614610481170849,0.3688241955707482
croatian,0.8852997978134893,0.7357769700363879,0.8830251751170111,0.867377511522331,0.9332153903621444,0.9242729057571097,0.8490396143324535,0.7365650360168826,0.5890241151713828,1.0,0.9382651382303946,0.9338831043861144,0.8697762818139113,0.8949840414829304,0.8523376126866663,0.8203812596292651,0.7671764621742196,0.7228921946081021,0.8561125669187323,0.3176410342579285,0.7263639478173537,0.6590505105117872,0.8050088365101535,0.5841173262255294,0.8687879706699165,0.8486489462457326,0.7978285722824865,0.6960095827942294,0.7446324073835104,0.6743306419236368,0.8959322561561843,0.9006147042597288,0.776352250171228,0,0.7813200200472988,0,0,0.7921594481348304,0.9189353693412173,0.7816756033047683,0.925369320479404,0.9230985482373814,0.3909645263570152,0.828051492811499,0.9897267052973215,0.9278274731938131,0.9761333467674953,0.823273401097831,0.9211870002959603,0.7702137922529269,0.6596395426322913,0.7807651675863776,0.9230999092937401,0.7813706720305187,0.7862008518605497,0.7491385395506036,0.8730556741856322,0.5146830917339337
czech,0.9047138010505995,0.7813330782666805,0.8133920969868977,0.8280558671180085,0.9707500292648649,0.950633950888787,0.8577523381790256,0.7628556406325606,0.5282460668044028,0.9382651382303946,1.0,0.9457084893628103,0.8960609809880902,0.934985245011733,0.8582787837684517,0.7917178050906702,0.8503838752462903,0.7867386618970805,0.9028768384780783,0.3417093925036459,0.7716185773510172,0.6760883272241671,0.8072216435958244,0.6060190566273477,0.8839876253029294,0.8992273268726451,0.8529848894291177,0.6304322833002168,0.7491417185373652,0.6381247287479481,0.9359280451021706,0.9283816240547567,0.8532269394473182,0,0.7391992123917254,0,0,0.8044805222530914,0.9620141252959709,0.8560794250355888,0.9290799062673899,0.9613265044024341,0.3410691953249334,0.8384019433625962,0.934070478013261,0.9871157044066138,0.9127896143863945,0.8605614376976397,0.9266446403304058,0.7917873871966156,0.6580023731292802,0.783660764678852,0.9641776948463475,0.7650187338663345,0.809975881515453,0.7634286314744159,0.9022852753256841,0.5380389787606348
danish,0.9210456080671083,0.7179591534435898,0.8665484568011919,0.8614986655010232,0.940417809893164,0.930484155359174,0.912048506718861,0.805448089404323,0.5608817672714986,0.9338831043861144,0.9457084893628103,1.0,0.9577255958586773,0.9670274985142594,0.8469333869413213,0.8494822754319664,0.8699406066727474,0.810770501606843,0.9355427256788558,0.2883476688390899,0.8222449611386238,0.6897607921073279,0.7990298764047385,0.6821312862183387,0.9226029488288524,0.9332454530956938,0.8879356667398972,0.6842338346053275,0.7683271139673297,0.6609989504593476,0.9053034052885783,0.9191431542883071,0.7821252293930087,0,0.7420702243382286,0,0,0.841768787532169,0.9368567906856665,0.861914040685929,0.9599961420339562,0.9303375559259546,0.37216397281478864,0.8695490652744299,0.943227132173088,0.9379351857407149,0.9378468245665513,0.9123092044922659,0.9726225669962619,0.7482988974920695,0.7291095553127076,0.7995341439725809,0.9380390889207628,0.773669062327755,0.7816227760758127,0.7954909876552332,0.9183477529957358,0.49870967911561076
dutch,0.9364461286423842,0.681085825629417,0.7967111271099667,0.7812819909906652,0.8809743245193841,0.8813051301806236,0.9509347011231923,0.7579613222644491,0.5678566778859145,0.8697762818139113,0.8960609809880902,0.9577255958586773,1.0,0.9701236208240259,0.7687398535212436,0.7914591397802236,0.9194218296908359,0.8584477475294515,0.966986592536519,0.28433053757105475,0.9015999491330751,0.6478533474063721,0.7631591425739271,0.6736264715568908,0.874560712952969,0.9410220072303672,0.9282032118974023,0.6461650304456142,0.6851547406425417,0.6155373096965003,0.833601400188237,0.8615197019406088,0.6890120805474748,0,0.679239174852197,0,0,0.8147798883819084,0.8726288093638284,0.8864626085022078,0.9537989167029809,0.8749428137815665,0.3810549232554423,0.8746718119066003,0.8810099641520901,0.8810153687039641,0.8710477755925583,0.957737839750743,0.949762993137138,0.6864298298669449,0.6241371091725161,0.7771909583302609,0.8721827031995878,0.7460129347793953,0.6733327229651006,0.7779356174301756,0.8963509954611383,0.45995017861311766
english,0.9457316189603723,0.6984425254485894,0.8274363198949708,0.7853039578250378,0.9184327403588417,0.9259308354683965,0.9467753951320179,0.7652410585794084,0.5053993226200626,0.8949840414829304,0.934985245011733,0.9670274985142594,0.9701236208240259,1.0,0.7755182391936678,0.7933270555767225,0.9246253868651662,0.8700424372485367,0.9596740081802908,0.2630892137502089,0.8657148169486535,0.6842002175365568,0.8176642128788937,0.6664489384210089,0.8866532973030711,0.9417417309947734,0.9325456049276647,0.702897421173293,0.7453453138306508,0.630581413009793,0.8770783894488698,0.8842947910495405,0.7314523932241976,0,0.6858981778172522,0,0,0.857988958909621,0.911740526432752,0.8955111323520736,0.9573948181913233,0.9123700655666483,0.3089551584548259,0.845573734818195,0.895428273579064,0.9233055098619318,0.8911880758602418,0.9524093532128491,0.9504587386894572,0.6863018890096272,0.6409358875089443,0.8045157715089294,0.9134463726190327,0.7903259011136748,0.7390627730645671,0.8023998410668731,0.9103798785044134,0.47403745698585004
estonian,0.7184548599657741,0.7427967131550844,0.8066475742557293,0.9213131780399462,0.8843976815761853,0.7938976646672286,0.7063149083389261,0.8207061629441702,0.5646453299263062,0.8523376126866663,0.8582787837684517,0.8469333869413213,0.7687398535212436,0.7755182391936678,1.0,0.8449667227878154,0.6405668791113833,0.6166579143617532,0.7659370399200711,0.4906737109644861,0.6903992431242477,0.5832929696755873,0.6892440705079278,0.6109260845096584,0.8386276974328122,0.8008512000408933,0.6861035423838754,0.4891859166426495,0.7467374126136176,0.725354042732788,0.9170860531417276,0.9347215885486325,0.9125392252125464,0,0.6760479938621138,0,0,0.6472472990410901,0.8514246057487636,0.7047575579596184,0.8104988131243742,0.8977725626715605,0.3646412845496704,0.8214929503453152,0.8676626838949847,0.8698216139518611,0.8457825443407587,0.6976347747926454,0.841661586418004,0.8909240146508131,0.7719705368417648,0.8049419506871776,0.8913018072128898,0.6239565717144654,0.8376694195135934,0.6964183364787203,0.8560757333312622,0.6624174186994926
finnish,0.6918921798156117,0.5519648414329527,0.921645211069586,0.8356912055744078,0.7868152353251011,0.7037566269602642,0.6758882178647285,0.7354053412038705,0.6097331325246995,0.8203812596292651,0.7917178050906702,0.8494822754319664,0.7914591397802236,0.7933270555767225,0.8449667227878154,1.0,0.5948880049293946,0.5478159400112844,0.7450157984635426,0.23932254335038167,0.6320871968792894,0.6368500741694468,0.5958017092209921,0.6437293790880544,0.807659585173822,0.7371322896720114,0.6555138788869477,0.4709592068198049,0.9000584276038939,0.6981974649049094,0.8571386008292715,0.8416704350188938,0.7001828059615675,0,0.7649404142047441,0,0,0.7676763078264633,0.799694404679497,0.5754353723044079,0.7560658102380761,0.7864150603833946,0.4679235913008003,0.727948161228988,0.8218410473318912,0.7794102586486235,0.8260162608665492,0.6688584601470713,0.9007461423055264,0.7027715428811167,0.7492170449615966,0.8743982060156958,0.7924738015824505,0.5583661693725518,0.7713028720799354,0.7054308624802171,0.7647715075184222,0.4595275524892945
french,0.9123388971703125,0.7230857326177733,0.6207865662624876,0.6569438532435251,0.8432847493274475,0.8631328100611335,0.9535759400601878,0.6910817141203172,0.4552024027065823,0.7671764621742196,0.8503838752462903,0.8699406066727474,0.9194218296908359,0.9246253868651662,0.6405668791113833,0.5948880049293946,1.0,0.931523965670738,0.9440336655881291,0.2750416046491742,0.9183026365299083,0.6372759025935942,0.7358439290088123,0.6317119531427039,0.7624396295741691,0.9098539269334479,0.9588182769333068,0.6158898987107162,0.5207445467142832,0.5155835607408669,0.7455215964828644,0.7930195910345371,0.6738510574737607,0,0.5547051702248564,0,0,0.7291597008786195,0.8134501438916201,0.9537724444053337,0.9034548635355529,0.8289994518120866,0.2691676953010119,0.7646506154608442,0.7648572897684248,0.8451003950686417,0.7701157126712941,0.9591654839831942,0.8321713350154882,0.6221944192312567,0.5093043634101584,0.648609729422968,0.8316117155474151,0.7265678717818692,0.5937636066464599,0.7175277612891574,0.867573754358233,0.43724259796681686
galician,0.9043323029213115,0.7423040803234852,0.5937230338717221,0.6340969330906663,0.7921286049759619,0.8076943102409132,0.9110752647660356,0.6426071800027618,0.3987251636449266,0.7228921946081021,0.7867386618970805,0.810770501606843,0.8584477475294515,0.8700424372485367,0.6166579143617532,0.5478159400112844,0.931523965670738,1.0,0.8940622433674982,0.3000015294547371,0.9070544692181206,0.670259181868987,0.7161106769550869,0.5800078112383942,0.6951006232902422,0.8679271928903033,0.9412943149214389,0.5911903876939772,0.49508143616410705,0.4984915818314892,0.6837072289608548,0.7556492153897427,0.6223013219050556,0,0.5009763882699947,0,0,0.6859821939110633,0.7492046192240706,0.9234970245349822,0.856430520987356,0.783077211705591,0.13111111258813446,0.7255886271357207,0.725903501410184,0.7983736593635539,0.7302621397036384,0.9187838158375641,0.7594115794950199,0.6426012427537062,0.48129803625832246,0.6409234977601528,0.7888332504169863,0.7003136139518371,0.5328412874902816,0.6659873715707194,0.8289406602102913,0.40528102313469
german,0.9582362679162577,0.6995337451514066,0.7440625596720459,0.7660095929787352,0.8967281118817337,0.886080704736578,0.9578859741296559,0.7410800936301065,0.5178067662364114,0.8561125669187323,0.9028768384780783,0.9355427256788558,0.966986592536519,0.9596740081802908,0.7659370399200711,0.7450157984635426,0.9440336655881291,0.8940622433674982,1.0,0.32641472964764734,0.9245240175223536,0.6326843567262732,0.7700420533036215,0.658917233836511,0.8327315592126284,0.9361936920490813,0.9515735432066139,0.6327348617401908,0.6379087303291155,0.6006707431160088,0.8279095316675577,0.879977493664251,0.7123971657443051,0,0.6487961407832132,0,0,0.7589589464104275,0.85826774609188,0.9101270221985671,0.95320774389126,0.9000485136600421,0.3227194479530248,0.8301497865474912,0.8594252950976252,0.8923466076446326,0.8695994691280223,0.9611230388044049,0.9121193018857763,0.7089943183850899,0.5838666917080728,0.7464966510816163,0.8938734180463107,0.7439954418573377,0.6769313768474851,0.7536152722572677,0.9065481021103997,0.4713869741622908
gothic,0.2924294074717911,0.5680673420431617,0.16918123763908063,0.37583452871252515,0.41617498467455194,0.35950020942419486,0.2573604216806827,0.3983449632128622,0.23415953078851093,0.3176410342579285,0.3417093925036459,0.2883476688390899,0.28433053757105475,0.2630892137502089,0.4906737109644861,0.23932254335038167,0.2750416046491742,0.3000015294547371,0.32641472964764734,1.0,0.31443620080813184,0.19935977365968216,0.41461713975589526,0.06957054602455488,0.19637009410913558,0.40017405420844004,0.28434539276521426,0.2228022056022482,0.13225608092426624,0.25331444064666603,0.3312849714595739,0.41938017613335077,0.5045654666392991,0,0.08918927673145528,0,0,0.2493707090650526,0.28874366341690294,0.3856062099310165,0.35059503873694997,0.456871998804622,0.06898893843041438,0.329134810530308,0.31931374037063354,0.4049268734886328,0.3272574851738525,0.2671884034551301,0.3038996062663577,0.6126437604522494,0.2086492742830059,0.36539291491821724,0.42599846986969336,0.3797216834384375,0.2791417184824847,0.23281915916889087,0.482028128126179,0.4651003505032996
greek,0.8803146822313597,0.651544909679862,0.6432671308665942,0.6964895533649403,0.7726280858141089,0.7458875135287925,0.9403934022516811,0.6600322851061216,0.48528625349122556,0.7263639478173537,0.7716185773510172,0.8222449611386238,0.9015999491330751,0.8657148169486535,0.6903992431242477,0.6320871968792894,0.9183026365299083,0.9070544692181206,0.9245240175223536,0.31443620080813184,1.0,0.56277023000281,0.6372491577541732,0.666588119726938,0.710918097427229,0.8522853603257464,0.9294502829993804,0.495549300041878,0.522513583650512,0.543818762590538,0.7159543875316969,0.7811794292231877,0.6414015253272809,0,0.5744427036220171,0,0,0.6249747834444506,0.715359656234889,0.885977010848049,0.8610768994760848,0.7616946532422924,0.3074661097586599,0.7594792079090523,0.73802470045373,0.7624456401138147,0.7351490810138653,0.9232464999048501,0.7905662976060032,0.6462896834373417,0.512003069989264,0.6781404454446069,0.7558879872155195,0.6136811614613682,0.5778128748210855,0.6680914944960198,0.8174039947035738,0.41672928733540254
hebrew,0.6272712292839949,0.730272480632596,0.6374725727970529,0.5613925653073675,0.6654941305273785,0.6622314848492589,0.6054885511422239,0.5363139722824792,0.35544624774719025,0.6590505105117872,0.6760883272241671,0.6897607921073279,0.6478533474063721,0.6842002175365568,0.5832929696755873,0.6368500741694468,0.6372759025935942,0.670259181868987,0.6326843567262732,0.19935977365968216,0.56277023000281,1.0,0.597550272563838,0.4381334951469444,0.6307160591517381,0.6606223544668515,0.7356648573044584,0.51260427910479,0.6192047092109209,0.43193533411189466,0.6382780555531059,0.6385295399190591,0.5372541307639185,0,0.4944250581298401,0,0,0.6921479005124983,0.6766600957099058,0.6514657982990402,0.6508737538102521,0.6738358835706856,0.2333648754358192,0.6038644771611794,0.6525795125629045,0.6736094489362202,0.6566369275367415,0.620279070752204,0.6979988666426443,0.5755893702855389,0.48473592548669087,0.6388661126646767,0.6729793282340626,0.569631196700265,0.5382499102867258,0.5469231857862089,0.6741014742489895,0.3424237941437843
hindi,0.7987345861764896,0.7648230342121866,0.6282156804614069,0.6746671955252838,0.8254006841882635,0.8638154058811373,0.7606634585580947,0.7066005680704335,0.44073831719800743,0.8050088365101535,0.8072216435958244,0.7990298764047385,0.7631591425739271,0.8176642128788937,0.6892440705079278,0.5958017092209921,0.7358439290088123,0.7161106769550869,0.7700420533036215,0.41461713975589526,0.6372491577541732,0.597550272563838,1.0,0.4045437657541187,0.7254499507917975,0.8321247494465354,0.7590156470242521,0.8983985096588947,0.5083269329471243,0.6384495506303045,0.7188183364223119,0.751192458330121,0.6868965269335153,0,0.4450240113661064,0,0,0.7508219814845648,0.7938736445717128,0.757762993362444,0.8250520413978101,0.842970275354879,0.21857981533823573,0.7231246971745935,0.793642256460731,0.8343747215602415,0.805138974081594,0.7720553586465295,0.7878974976424146,0.6859993421633362,0.5270706297996497,0.6913688049251029,0.824851373898545,0.9821303077044047,0.638038043027213,0.8082578756503837,0.8599668561532755,0.41765298837118225
hungarian,0.5851195446520739,0.3733031649695306,0.6224236780815785,0.6717894173559852,0.608607933589446,0.5558554435429796,0.673444346125452,0.6297521478476067,0.4431252619432648,0.5841173262255294,0.6060190566273477,0.6821312862183387,0.6736264715568908,0.6664489384210089,0.6109260845096584,0.6437293790880544,0.6317119531427039,0.5800078112383942,0.658917233836511,0.06957054602455488,0.666588119726938,0.4381334951469444,0.4045437657541187,1.0,0.6916175702802821,0.6264762565593965,0.6178175662455381,0.3397414320279035,0.5928569178778398,0.5512495726152543,0.6779550885070666,0.6831575275087373,0.5667064057678767,0,0.6079153884067341,0,0,0.4528272627085769,0.6422078289108508,0.5952484064847801,0.6348391622604401,0.5787641478617572,0.3508347207838309,0.6029917417158949,0.5946633894801822,0.5906932310569498,0.5914870188001592,0.6510267076403877,0.6616421141498131,0.47239764804631995,0.670705480706697,0.5340395195070573,0.6100801497097856,0.37850283661763173,0.6103281716472131,0.5692505232885318,0.5950586810316606,0.4267064615177383
indonesian,0.8023305742681568,0.6118521128810958,0.8287177702337963,0.8475105445552498,0.8578075709452925,0.8502048399830456,0.8205579736661177,0.799323673624084,0.5576139784956523,0.8687879706699165,0.8839876253029294,0.9226029488288524,0.874560712952969,0.8866532973030711,0.8386276974328122,0.807659585173822,0.7624396295741691,0.6951006232902422,0.8327315592126284,0.19637009410913558,0.710918097427229,0.6307160591517381,0.7254499507917975,0.6916175702802821,1.0,0.8305521083763088,0.7711045442211231,0.6423767945919532,0.7417723566547392,0.7460530733316678,0.8908046204406807,0.8650912929382633,0.7491399154316394,0,0.7020572149820052,0,0,0.734886926486689,0.9163633641748943,0.7627609317136476,0.860060398266294,0.8470420697471385,0.36803200550805754,0.894791789092,0.8926908165011317,0.8512507045827585,0.8454877533176816,0.8269906341503908,0.8892011404625627,0.6662935054790031,0.7721348787396647,0.755747912647409,0.8598200931211093,0.7027351299377281,0.8055290432494597,0.8109905078987647,0.8155573026053817,0.5291178872753479
irish,0.9019369924409594,0.7806050329443885,0.7287345701652251,0.7781536393219375,0.9190342785246316,0.9120369369260104,0.907693338510337,0.7930601817432954,0.49931618564031616,0.8486489462457326,0.8992273268726451,0.9332454530956938,0.9410220072303672,0.9417417309947734,0.8008512000408933,0.7371322896720114,0.9098539269334479,0.8679271928903033,0.9361936920490813,0.40017405420844004,0.8522853603257464,0.6606223544668515,0.8321247494465354,0.6264762565593965,0.8305521083763088,1.0,0.9142854173633547,0.6862118645875366,0.641922038189257,0.5905607277186812,0.8342212290909672,0.8880835381624206,0.772984791355554,0,0.586078601606635,0,0,0.8053634063012106,0.8863399353882931,0.904158233769513,0.9392714823830467,0.9270594049550642,0.28563273719447896,0.865394615257045,0.8507556501091802,0.9180815368092851,0.8582844364739146,0.9271491473231118,0.9207469980262669,0.7524770398253645,0.6319144739674871,0.7478216838548051,0.9223866219742574,0.8051790991257399,0.6695942467379145,0.774989839137634,0.954209316636506,0.5208451370069147
italian,0.9227172283789282,0.7473200851856896,0.6871322524850467,0.6884788902175658,0.8416177677161113,0.8573652775166837,0.9476332444503351,0.6849763671057467,0.42205930071259296,0.7978285722824865,0.8529848894291177,0.8879356667398972,0.9282032118974023,0.9325456049276647,0.6861035423838754,0.6555138788869477,0.9588182769333068,0.9412943149214389,0.9515735432066139,0.28434539276521426,0.9294502829993804,0.7356648573044584,0.7590156470242521,0.6178175662455381,0.7711045442211231,0.9142854173633547,1.0,0.6505894187631064,0.5721829899071583,0.5322878436331258,0.765850411868055,0.8066305504276483,0.6562979369154303,0,0.552157389972101,0,0,0.748927472500577,0.8147886615701563,0.9294164752076365,0.9204283480580363,0.8453602125259182,0.234648105525628,0.7813188343350562,0.8001176436940679,0.8451314050919353,0.8147733930315398,0.9571926339624401,0.8565622281503052,0.6529034401727941,0.5022568449943167,0.6875215808989429,0.8370015452018204,0.7363122394280897,0.5985203462156218,0.7180861913601769,0.8777864222171788,0.39238221172845017
japanese,0.6706809943172702,0.5503997415885533,0.5808419850215434,0.5843802675739901,0.6242982375087265,0.7198495666992667,0.6808491355977657,0.6021695203264802,0.280020424587788,0.6960095827942294,0.6304322833002168,0.6842338346053275,0.6461650304456142,0.702897421173293,0.4891859166426495,0.4709592068198049,0.6158898987107162,0.5911903876939772,0.6327348617401908,0.2228022056022482,0.495549300041878,0.51260427910479,0.8983985096588947,0.3397414320279035,0.6423767945919532,0.6862118645875366,0.6505894187631064,1.0,0.3971000297860411,0.5849504682563859,0.5520411754783886,0.5677769692570909,0.4880981568622108,0,0.31201052761833226,0,0,0.643675220454087,0.6573507280738217,0.6109965342620293,0.737086968832666,0.6517895573377261,0.10345835745435249,0.5913909623989757,0.6887831867616189,0.6493248746164612,0.7328447132210724,0.676888778577004,0.6567426604022453,0.47059127777884285,0.4364892407163736,0.5201730699866266,0.6370445194722301,0.9186677877951421,0.5054619991740941,0.7187328013985411,0.6975534374691779,0.28523321668848595
kazakh,0.633008999788027,0.45002880995827926,0.8956439927674769,0.7539058804164077,0.7313617392654597,0.6545284927679842,0.5740184249781656,0.6102004646703514,0.3771040913021945,0.7446324073835104,0.7491417185373652,0.7683271139673297,0.6851547406425417,0.7453453138306508,0.7467374126136176,0.9000584276038939,0.5207445467142832,0.49508143616410705,0.6379087303291155,0.13225608092426624,0.522513583650512,0.6192047092109209,0.5083269329471243,0.5928569178778398,0.7417723566547392,0.641922038189257,0.5721829899071583,0.3971000297860411,1.0,0.5737180775144438,0.80510914402747,0.7783106912062082,0.6595885630659643,0,0.7834301295114975,0,0,0.7489292929432542,0.7465836877611248,0.5130917602481535,0.661645857065189,0.7191852295389776,0.3542676340955815,0.648525927766828,0.7382008708677061,0.7290712069722015,0.7169908225919905,0.5547028156466651,0.7894641325330091,0.6014564091715293,0.7070842075356044,0.8281061207681385,0.7406157430220317,0.4404864567188693,0.8065094484531847,0.5549634250681987,0.6387475725220118,0.465663801966628
korean,0.5467389808838351,0.5183024138313735,0.6532968743363757,0.780570356079377,0.6566696904218902,0.60755523357001,0.6034918771220253,0.80022121671368,0.6130441394204017,0.6743306419236368,0.6381247287479481,0.6609989504593476,0.6155373096965003,0.630581413009793,0.725354042732788,0.6981974649049094,0.5155835607408669,0.4984915818314892,0.6006707431160088,0.25331444064666603,0.543818762590538,0.43193533411189466,0.6384495506303045,0.5512495726152543,0.7460530733316678,0.5905607277186812,0.5322878436331258,0.5849504682563859,0.5737180775144438,1.0,0.7474378402781281,0.724626915469584,0.6670125529730149,0,0.5715823915320905,0,0,0.4969487061778381,0.6817613120180008,0.5513220496720276,0.6506744878937188,0.6474386790810371,0.4199124912676517,0.5919880892132476,0.6764356982226081,0.6362933452158179,0.670212676053462,0.5939383065184451,0.6752101812363583,0.6611821069197419,0.7272392319807938,0.6715020349053502,0.6570905245873625,0.6375655636932335,0.7672244217800732,0.7663361301262238,0.6443423822801141,0.48859455485657516
latin,0.7911683975943828,0.7137880538421982,0.8417156886142837,0.899666082361077,0.9293617853624605,0.8803158138948964,0.7788452274771761,0.8297411072734276,0.5819794093496304,0.8959322561561843,0.9359280451021706,0.9053034052885783,0.833601400188237,0.8770783894488698,0.9170860531417276,0.8571386008292715,0.7455215964828644,0.6837072289608548,0.8279095316675577,0.3312849714595739,0.7159543875316969,0.6382780555531059,0.7188183364223119,0.6779550885070666,0.8908046204406807,0.8342212290909672,0.765850411868055,0.5520411754783886,0.80510914402747,0.7474378402781281,1.0,0.9532903198798455,0.8902108189625009,0,0.765356672036854,0,0,0.7253826369531554,0.9346556697157726,0.771285853064779,0.8732925988293958,0.9208104793176646,0.42067111136720603,0.7882080301016315,0.8948679393287791,0.9259854997723064,0.8838078510862908,0.7765627914102218,0.9124726634834489,0.8142254965828968,0.7786952991287599,0.7808788110833071,0.9281966879820598,0.6657114866056707,0.8802284468673471,0.7596330770559603,0.86180166312766,0.599219360479693
latvian,0.8365728402057899,0.7783632133075332,0.8186989079413546,0.9234235296785788,0.9579454788173777,0.8979571265194054,0.8196390606938007,0.861420251720296,0.5537908592133112,0.9006147042597288,0.9283816240547567,0.9191431542883071,0.8615197019406088,0.8842947910495405,0.9347215885486325,0.8416704350188938,0.7930195910345371,0.7556492153897427,0.879977493664251,0.41938017613335077,0.7811794292231877,0.6385295399190591,0.751192458330121,0.6831575275087373,0.8650912929382633,0.8880835381624206,0.8066305504276483,0.5677769692570909,0.7783106912062082,0.724626915469584,0.9532903198798455,1.0,0.9047631856353202,0,0.7634746115189491,0,0,0.7142587875173392,0.9192660419640888,0.8323758633059433,0.9059298433569746,0.9578502396590061,0.35958414512459963,0.8050655951051131,0.8998525602280292,0.9386735321189904,0.8950248341757705,0.8130955968477365,0.9091659370286327,0.8837425263608066,0.7785577730675833,0.8054615848444785,0.9680701756082368,0.6975131928586935,0.8652489887024232,0.7460726256308902,0.9084789396175907,0.6350851885809464
lithuanian,0.6707523426925147,0.8003045250805558,0.6801315044600407,0.8679702562452484,0.8764066077310095,0.8097366737398772,0.6675214086024563,0.8037605995068277,0.47637738513059497,0.776352250171228,0.8532269394473182,0.7821252293930087,0.6890120805474748,0.7314523932241976,0.9125392252125464,0.7001828059615675,0.6738510574737607,0.6223013219050556,0.7123971657443051,0.5045654666392991,0.6414015253272809,0.5372541307639185,0.6868965269335153,0.5667064057678767,0.7491399154316394,0.772984791355554,0.6562979369154303,0.4880981568622108,0.6595885630659643,0.6670125529730149,0.8902108189625009,0.9047631856353202,1.0,0,0.5845687598550213,0,0,0.6081936574099865,0.8402668805309566,0.7551680618911928,0.7788626029249818,0.8765164858579962,0.30419132684074185,0.7145526913601511,0.781187882068291,0.8755545186090301,0.7778690369220608,0.6575857786110628,0.7613510430826614,0.8980571508179911,0.7185509150182274,0.7175945105845422,0.8827588580641477,0.6283461571088049,0.8249712979112287,0.6344916725574855,0.8442966968564001,0.7007662513558026
maltese,0.0,0.0,0.0,0.0,0.0,0.0,0.0,0.0,0.0,0.0,0.0,0.0,0.0,0.0,0.0,0.0,0.0,0.0,0.0,0.0,0.0,0.0,0.0,0.0,0.0,0.0,0.0,0.0,0.0,0.0,0.0,0.0,0.0,0,0.0,0,0,0.0,0.0,0.0,0.0,0.0,0.0,0.0,0.0,0.0,0.0,0.0,0.0,0.0,0.0,0.0,0.0,0.0,0.0,0.0,0.0,0.0
marathi,0.6749529907796358,0.451964544497338,0.7585654227603872,0.7345198835119519,0.730282494136768,0.6421103591933909,0.6139595928134562,0.6080111736480003,0.568664927652717,0.7813200200472988,0.7391992123917254,0.7420702243382286,0.679239174852197,0.6858981778172522,0.6760479938621138,0.7649404142047441,0.5547051702248564,0.5009763882699947,0.6487961407832132,0.08918927673145528,0.5744427036220171,0.4944250581298401,0.4450240113661064,0.6079153884067341,0.7020572149820052,0.586078601606635,0.552157389972101,0.31201052761833226,0.7834301295114975,0.5715823915320905,0.765356672036854,0.7634746115189491,0.5845687598550213,0,1.0,0,0,0.5372635133657638,0.7023656346604268,0.5438778971343345,0.6583202689849904,0.6745166904078117,0.5352137372054196,0.5824581512301353,0.7706559632494294,0.7147952668071719,0.7161138349328419,0.5678428324009525,0.7410978603354849,0.6047323511662038,0.7297881366842996,0.629405365724524,0.7147448643688014,0.4124342108996089,0.7969846620600413,0.5668413385371733,0.5523695801902985,0.3982339869599832
north_sami,0.0,0.0,0.0,0.0,0.0,0.0,0.0,0.0,0.0,0.0,0.0,0.0,0.0,0.0,0.0,0.0,0.0,0.0,0.0,0.0,0.0,0.0,0.0,0.0,0.0,0.0,0.0,0.0,0.0,0.0,0.0,0.0,0.0,0,0.0,0,0,0.0,0.0,0.0,0.0,0.0,0.0,0.0,0.0,0.0,0.0,0.0,0.0,0.0,0.0,0.0,0.0,0.0,0.0,0.0,0.0,0.0
old_church_slavonic,0.0,0.0,0.0,0.0,0.0,0.0,0.0,0.0,0.0,0.0,0.0,0.0,0.0,0.0,0.0,0.0,0.0,0.0,0.0,0.0,0.0,0.0,0.0,0.0,0.0,0.0,0.0,0.0,0.0,0.0,0.0,0.0,0.0,0,0.0,0,0,0.0,0.0,0.0,0.0,0.0,0.0,0.0,0.0,0.0,0.0,0.0,0.0,0.0,0.0,0.0,0.0,0.0,0.0,0.0,0.0,0.0
persian,0.7725772944830455,0.6654271606378847,0.7943823982527837,0.6107884756509967,0.795193804881042,0.8259653461235581,0.7382654365789187,0.6031598119227181,0.4577600552960042,0.7921594481348304,0.8044805222530914,0.841768787532169,0.8147798883819084,0.857988958909621,0.6472472990410901,0.7676763078264633,0.7291597008786195,0.6859821939110633,0.7589589464104275,0.2493707090650526,0.6249747834444506,0.6921479005124983,0.7508219814845648,0.4528272627085769,0.734886926486689,0.8053634063012106,0.748927472500577,0.643675220454087,0.7489292929432542,0.4969487061778381,0.7253826369531554,0.7142587875173392,0.6081936574099865,0,0.5372635133657638,0,0,1.0,0.7917975768176627,0.713315994962657,0.7956453660479531,0.7949391704814507,0.3015243286055832,0.726609906892565,0.7906497450528506,0.8010849683957779,0.7782198998131209,0.759388813479495,0.8634661622704584,0.5716281146468076,0.49787246822520087,0.84679349500234,0.7838149875608245,0.7357497825806244,0.5985915391863712,0.6714623774885728,0.8220181430714056,0.3300266154991904
polish,0.8472647283672633,0.7468120896748199,0.82121838629155,0.8450519693777412,0.9435602479413979,0.9415430157358544,0.8336973760310015,0.7832814975486729,0.5565002252495123,0.9189353693412173,0.9620141252959709,0.9368567906856665,0.8726288093638284,0.911740526432752,0.8514246057487636,0.799694404679497,0.8134501438916201,0.7492046192240706,0.85826774609188,0.28874366341690294,0.715359656234889,0.6766600957099058,0.7938736445717128,0.6422078289108508,0.9163633641748943,0.8863399353882931,0.8147886615701563,0.6573507280738217,0.7465836877611248,0.6817613120180008,0.9346556697157726,0.9192660419640888,0.8402668805309566,0,0.7023656346604268,0,0,0.7917975768176627,1.0,0.824614758988463,0.907577207965754,0.9320857435247677,0.35218717608195216,0.8469107552285933,0.9142342636809232,0.9564305294516788,0.8992845112975019,0.8422328198400703,0.9194863288465375,0.7584304305736472,0.7078728379106991,0.7667023931144379,0.9424631302074559,0.7623767202198989,0.7886965541653099,0.7691662486756712,0.8922257251483005,0.558140639317785
portuguese,0.8889645963676902,0.8237395986502636,0.6108897890443853,0.728762310794882,0.8788609581835624,0.8936800964547515,0.9172773669821763,0.7497881162809426,0.4698121206656084,0.7816756033047683,0.8560794250355888,0.861914040685929,0.8864626085022078,0.8955111323520736,0.7047575579596184,0.5754353723044079,0.9537724444053337,0.9234970245349822,0.9101270221985671,0.3856062099310165,0.885977010848049,0.6514657982990402,0.757762993362444,0.5952484064847801,0.7627609317136476,0.904158233769513,0.9294164752076365,0.6109965342620293,0.5130917602481535,0.5513220496720276,0.771285853064779,0.8323758633059433,0.7551680618911928,0,0.5438778971343345,0,0,0.713315994962657,0.824614758988463,1.0,0.9073816008901294,0.8614157497486061,0.24893877540784773,0.7650361646809762,0.7843524871522596,0.8658171662531947,0.7838165107622919,0.9193377185869556,0.8150184468339148,0.7493380780124019,0.5391667347836513,0.6633994824614471,0.8713091020417523,0.7476803852701772,0.6473095360755768,0.6972269510378154,0.8912110402116675,0.562683000137936
