,afrikaans,arabic,armenian,basque,belarusian,bulgarian,catalan,chinese,classical_chinese,croatian,czech,danish,dutch,english,estonian,finnish,french,galician,german,gothic,greek,hebrew,hindi,hungarian,indonesian,irish,italian,japanese,kazakh,korean,latin,latvian,lithuanian,maltese,marathi,north_sami,old_church_slavonic,persian,polish,portuguese,romanian,russian,sanskrit,scottish_gaelic,serbian,slovak,slovenian,spanish,swedish,tamil,telugu,turkish,ukrainian,urdu,uyghur,vietnamese,welsh,wolof
afrikaans,1.0,0.7008193596464949,0.7321336390836767,0.7251732422543126,0.8401784833501782,0.8763766974011147,0.9484555838797993,0.6368962000108137,0,0.8554844918833333,0.8811017418752183,0.9137840052749463,0.9622397780665756,0.9570402868363772,0.7613140014066724,0.7236418432889589,0.9163707990925933,0.9098978890671183,0.9506087416147332,0,0.9023061722087041,0.6297852864192001,0.8087694539715906,0.6657456624398197,0.8158935404109532,0.8852562625033968,0.9263212796137531,0.694597626235951,0.6189608292910461,0.6058299196955748,0.825146740407153,0.8123337812594859,0.7274078432253687,0,0.7114583069752327,0,0,0.8123246438172924,0.8358313036949089,0.8642170241955242,0.9336588683721677,0.8340823723161135,0,0.8139208458497691,0.8705938985317433,0.8224949341051269,0.8619618813662324,0.9549143285689652,0.8791021465805906,0.6711413473291483,0,0.7204785440539994,0.8584259651467392,0.8242650619349389,0,0.7337129414181894,0.8154878990114933,0
arabic,0.7008193596464949,1.0,0.6334460144900397,0.7314128273000133,0.838818906142535,0.818182596177296,0.7020485014003423,0.7066119182810136,0,0.784349650859925,0.8289211412959323,0.7395726725375599,0.7284719716396442,0.7558329501879272,0.7671858889474664,0.5965118697930513,0.7364896171931534,0.7769813469553124,0.7199172739373615,0,0.6898866423843981,0.7708324845550572,0.8188966244729131,0.42919090867002974,0.6789879945984636,0.7771623080074133,0.7800661959954178,0.6522703613503774,0.5256014392345384,0.6347856948935923,0.8113378244574644,0.8338221814374285,0.8157384402036794,0,0.5328878193415639,0,0,0.7484641327511125,0.8255324794880086,0.8305873874972649,0.8082139166885693,0.8266941865352279,0,0.6424673656444457,0.8126187601220879,0.8271379483629837,0.7883894064721051,0.7502785561515876,0.7329779916279758,0.8915374178084102,0,0.6897156542093462,0.798985361199685,0.8045258316494485,0,0.648191797024022,0.7841684321427379,0
armenian,0.7321336390836767,0.6334460144900397,1.0,0.8862692482180519,0.8850031181384338,0.7345224725163517,0.716078400905891,0.7770698964584523,0,0.9098207464916451,0.8397771686117818,0.8671752409963,0.7082832595047593,0.7882678961539564,0.8689007143886989,0.9118699604362744,0.6234932211844292,0.6398283083460538,0.7079363063646514,0,0.77202110768015,0.686394782207642,0.6757559420081105,0.7371956890681072,0.8332654268727012,0.7570458577474175,0.6652357940876261,0.5290130988312031,0.8494352604108504,0.780708205211719,0.8802747902894573,0.8880570959422892,0.8732429232918631,0,0.9004573549389142,0,0,0.7637292903635357,0.8579986257678397,0.6335765733839767,0.787447063380516,0.8788314352524039,0,0.847398744993882,0.8740863407820827,0.8588032832943675,0.8863379201088474,0.7083913087203932,0.8412236811698645,0.6849764103103989,0,0.8835059171197004,0.8862253855606342,0.6069288631852283,0,0.762152622479617,0.8080719078747992,0
basque,0.7251732422543126,0.7314128273000133,0.8862692482180519,1.0,0.8976550083420719,0.769630538331512,0.7031443229321191,0.8256846105621874,0,0.8872685530533836,0.8505887877673325,0.7876292520997017,0.7062013711064814,0.7612372343488796,0.9411374998867852,0.8118819833778745,0.6351564408252192,0.6431430930942035,0.740836638291453,0,0.8012905331078783,0.59181738503886,0.7169244670835779,0.6580118068109345,0.7628089854111127,0.7172889551381573,0.6455062497649499,0.5894572779587046,0.7332917611164168,0.8507443489272987,0.8754048887395566,0.9164269793488361,0.9092487868152505,0,0.8129979250876717,0,0,0.6790539944785142,0.8447084555320556,0.7106559910783726,0.823244342949703,0.8870510393770201,0,0.7886353734316403,0.8838484517945525,0.8706693764429613,0.9188953944187997,0.7023007508524077,0.7542914586585712,0.8287572099751155,0,0.8101279645396666,0.8481699173731665,0.6735256716748622,0,0.7057844856518887,0.8712286817431166,0
belarusian,0.8401784833501782,0.838818906142535,0.8850031181384338,0.8976550083420719,1.0,0.9102892342810239,0.8170902492918002,0.8249979450024686,0,0.9568726919040317,0.9580016322582249,0.9142973488883446,0.8483579343180071,0.902991448159323,0.9273944317644185,0.8287411159991929,0.7960289027342184,0.7885411655206854,0.8491548751164706,0,0.8379068811304023,0.6982429227101142,0.8634323788396789,0.6878225435485472,0.8622488920796343,0.8823342712637514,0.7947816003040586,0.6728895460280899,0.7499384737208824,0.7788478397646023,0.9595612404299219,0.9769156581194377,0.9479964920039218,0,0.8136967388308998,0,0,0.8426746323664557,0.9667392369309749,0.8362790484567065,0.9218608318059928,0.9836044307059022,0,0.8772692187689686,0.9510981832500696,0.9684062766187548,0.936660410540658,0.8510303033995981,0.8832841498914652,0.8182654113072776,0,0.8441793223485998,0.9717528854455688,0.8134268651244331,0,0.8026160347442126,0.9322380338879575,0
bulgarian,0.8763766974011147,0.818182596177296,0.7345224725163517,0.769630538331512,0.9102892342810239,1.0,0.8282611738366054,0.6783865051982657,0,0.9111216954272171,0.9463585977188427,0.8712733133797601,0.8680540578975456,0.9053752937484025,0.8156151216278694,0.7160971063355661,0.8341722312469767,0.7899819126329146,0.8440782235343511,0,0.7624640577292419,0.6679024960073687,0.9083539158317346,0.5394358786679383,0.809526511945784,0.8582624116049786,0.8271923937714553,0.7431337508927467,0.6229956412842701,0.6460221904636857,0.8883389100504924,0.865718019661281,0.8060926800473432,0,0.6642455322260296,0,0,0.8717199283223618,0.9326441137091989,0.8450810649385267,0.9299067905978484,0.9036735620630033,0,0.7883597998766311,0.9200693313741095,0.90776507593924,0.9099786569065235,0.8747445304270067,0.8799729610704182,0.7367198560515503,0,0.7452546135397399,0.9149916230410428,0.8851384879884772,0,0.7426747475702015,0.8469208336472853,0
catalan,0.9484555838797993,0.7020485014003423,0.716078400905891,0.7031443229321191,0.8170902492918002,0.8282611738366054,1.0,0.6958092627015866,0,0.8221166791857781,0.8271070422577658,0.906559775880263,0.9606961319733673,0.9481481087658866,0.7223429418691379,0.6701176547708353,0.9363787350937779,0.923988668317077,0.9432418652513204,0,0.9165807286742069,0.6133071452227704,0.7809247239792777,0.6817725609849868,0.8499231020221953,0.9156526408475169,0.9399164992461437,0.708342833199657,0.5318198595313579,0.6481729141411501,0.8031381755979285,0.8039647532101617,0.72882651144968,0,0.6696367530460102,0,0,0.7820693307306633,0.8236923288123865,0.8863082604835076,0.9222930795748848,0.8073225024600265,0,0.8001870898807326,0.8236598398268687,0.7813240056715207,0.81987082068668,0.9880432972488344,0.8745280234505087,0.6377772363054487,0,0.6982289287981355,0.8356553037297977,0.8043489951257002,0,0.7583165615440755,0.8024652361490485,0
chinese,0.6368962000108137,0.7066119182810136,0.7770698964584523,0.8256846105621874,0.8249979450024686,0.6783865051982657,0.6958092627015866,1.0,0,0.8029039479523037,0.7530614745519255,0.7718331330589447,0.6695261797283396,0.7335650922274097,0.812878442929002,0.7076229196095241,0.6341013005604687,0.6549311205639431,0.6542809048696407,0,0.7177739478997504,0.5622059126304816,0.7055921303944196,0.5995356580874565,0.8172812382007895,0.7241865830777201,0.6230758148772783,0.6151018532699684,0.6128577285175669,0.8528657931654403,0.8073350578428432,0.8522101412754072,0.851176094160895,0,0.7385690671813275,0,0,0.6530758273949261,0.8003698441574942,0.6834086938914924,0.7712628212928778,0.8129611704919464,0,0.6785774366174199,0.7798454134354149,0.7589634068084925,0.7958513376110724,0.7020280795291403,0.7372900267522304,0.7668941206762225,0,0.7061893908735777,0.7840688211268599,0.6813362716681248,0,0.8147579257720161,0.7439296037993882,0
classical_chinese,0.0,0.0,0.0,0.0,0.0,0.0,0.0,0.0,0,0.0,0.0,0.0,0.0,0.0,0.0,0.0,0.0,0.0,0.0,0,0.0,0.0,0.0,0.0,0.0,0.0,0.0,0.0,0.0,0.0,0.0,0.0,0.0,0,0.0,0,0,0.0,0.0,0.0,0.0,0.0,0,0.0,0.0,0.0,0.0,0.0,0.0,0.0,0,0.0,0.0,0.0,0,0.0,0.0,0
croatian,0.8554844918833333,0.784349650859925,0.9098207464916451,0.8872685530533836,0.9568726919040317,0.9111216954272171,0.8221166791857781,0.8029039479523037,0,1.0,0.9514334221534758,0.9401532030839445,0.8284194722817074,0.8892206046471491,0.9062167798818829,0.8753187279441964,0.7453846038160572,0.7427402407196292,0.8135337398418507,0,0.7925136539030729,0.6998120877037788,0.858271343375074,0.6558321796569873,0.8954866636320999,0.8747350750164031,0.7772371585039451,0.6955095730744197,0.7763476431521726,0.7848009092448731,0.9540304426542764,0.9453952763650352,0.9023626569985342,0,0.8485991024553413,0,0,0.8482316556995582,0.9565250615822746,0.7502364504125463,0.9199469652516025,0.9543264677774532,0,0.861285469234042,0.9871826095804878,0.9506723648882779,0.9771436324409941,0.8425430659163115,0.9315752175720391,0.7932347579120593,0,0.8413649694565596,0.9719796394242722,0.8156357469407777,0,0.8230123716374532,0.8561905946098315,0
czech,0.8811017418752183,0.8289211412959323,0.8397771686117818,0.8505887877673325,0.9580016322582249,0.9463585977188427,0.8271070422577658,0.7530614745519255,0,0.9514334221534758,1.0,0.9104934158996103,0.8786858308263797,0.9152998876615097,0.9052197957742296,0.8286118267468311,0.8209376446051269,0.7804832495778972,0.8632734358238909,0,0.8250076258075191,0.6953739658441775,0.8762406584736349,0.639528298550151,0.8613277601363373,0.8743335674572779,0.8207227635826165,0.6596448923286314,0.7364401811552456,0.7185145741589531,0.9563471907566046,0.9284569206856484,0.9118910805117186,0,0.7977878872345365,0,0,0.8572242216875501,0.9622195721732126,0.8281005786253368,0.9355918825278928,0.9496491189881098,0,0.8491997654941709,0.9513306954438376,0.9642343265024399,0.9445364483866684,0.8647993829106897,0.9102754584778283,0.8111928888252178,0,0.8300676096011657,0.9567491495032306,0.8271158761451703,0,0.7773418350176295,0.8951592846375169,0
danish,0.9137840052749463,0.7395726725375599,0.8671752409963,0.7876292520997017,0.9142973488883446,0.8712733133797601,0.906559775880263,0.7718331330589447,0,0.9401532030839445,0.9104934158996103,1.0,0.9054283229972616,0.9415917101936783,0.83585078086301,0.8522010831009981,0.8263619009214247,0.8250183676663523,0.8676487650901882,0,0.8476947658264642,0.6985351714485041,0.836129970673567,0.6860487528724984,0.9072112517658482,0.9332081533684737,0.8600697077984982,0.713175595219626,0.7370537033274298,0.6962142530058556,0.90471601743393,0.898939818050492,0.8394428502063173,0,0.8107374326317278,0,0,0.8749604319065798,0.9157594609171253,0.790028201515861,0.9272471735476254,0.9084620735192755,0,0.8452784970120786,0.9325542354474872,0.8969457066459198,0.915256877022313,0.9119412783008926,0.9699110109279782,0.7217681646819799,0,0.808798916964901,0.9501921563396557,0.8327110577592162,0,0.822876684221111,0.821448815094324,0
dutch,0.9622397780665756,0.7284719716396442,0.7082832595047593,0.7062013711064814,0.8483579343180071,0.8680540578975456,0.9606961319733673,0.6695261797283396,0,0.8284194722817074,0.8786858308263797,0.9054283229972616,1.0,0.97761985657613,0.7616182441335501,0.7040035225173773,0.9556011189629423,0.9147179577382464,0.9750919507285689,0,0.9290728566180503,0.6361641282260236,0.8038633861296604,0.6728921888331855,0.8308943783350234,0.911360546695342,0.9541823746330614,0.6988956913691982,0.6058011973295964,0.5938352801688849,0.834723109398753,0.8213541483697471,0.7505875028452385,0,0.6650595162982336,0,0,0.8261435673789157,0.8407257723505319,0.9159652079416963,0.952766160335414,0.8494317947668918,0,0.8198688015571122,0.8475300230767753,0.817726557323537,0.8314059649519036,0.975209197117627,0.8863413939443037,0.6780798651757366,0,0.7235509974753217,0.8582997087852211,0.8162465004617551,0,0.7183231851101604,0.8565258559757354,0
english,0.9570402868363772,0.7558329501879272,0.7882678961539564,0.7612372343488796,0.902991448159323,0.9053752937484025,0.9481481087658866,0.7335650922274097,0,0.8892206046471491,0.9152998876615097,0.9415917101936783,0.97761985657613,1.0,0.792956060833794,0.7619214597267979,0.9322661502106945,0.9048714206040007,0.9527050561026428,0,0.9065176466351649,0.6863853340331012,0.8657044440503708,0.6894650090927456,0.8814378893417392,0.922637595638554,0.935647118696345,0.7680091918343345,0.6799061569087328,0.6683912510196914,0.8907670502436785,0.8658463577973369,0.8042519962025306,0,0.7112225120467626,0,0,0.8834992309299581,0.9003644699685738,0.9018874531993835,0.9599107066586718,0.9054447422084522,0,0.8624582732591255,0.8995933069791465,0.8784528944583782,0.8835522681046526,0.9718131013457514,0.9177377471782215,0.6883917512557187,0,0.7947048476886469,0.910678897903142,0.8663517057557667,0,0.7978019151539025,0.8874806310547542,0
estonian,0.7613140014066724,0.7671858889474664,0.8689007143886989,0.9411374998867852,0.9273944317644185,0.8156151216278694,0.7223429418691379,0.812878442929002,0,0.9062167798818829,0.9052197957742296,0.83585078086301,0.7616182441335501,0.792956060833794,1.0,0.868569485318921,0.6811963565933061,0.6769239071351028,0.7776644315067073,0,0.8135618665284612,0.6244300309117118,0.7576817506847485,0.649224430697374,0.7922926899408445,0.7847159900147185,0.6864245438723348,0.5503125752156012,0.744886803417899,0.7997843790199608,0.8987144018981397,0.9440720260008059,0.9286814892835169,0,0.8493800630883284,0,0,0.7352560009364293,0.8748107873773202,0.7424495205655374,0.862952968590618,0.919779093819866,0,0.7969678064345347,0.9025274697011803,0.9048857069099396,0.9185347168602858,0.7342101687753003,0.817229509737366,0.8658813781170673,0,0.8224891320648234,0.8952752116632635,0.7025411272628902,0,0.7234341432967109,0.8801528793168544,0
finnish,0.7236418432889589,0.5965118697930513,0.9118699604362744,0.8118819833778745,0.8287411159991929,0.7160971063355661,0.6701176547708353,0.7076229196095241,0,0.8753187279441964,0.8286118267468311,0.8522010831009981,0.7040035225173773,0.7619214597267979,0.868569485318921,1.0,0.571458816074785,0.5831521906262617,0.6858867159585549,0,0.70568657472966,0.6490488669477663,0.6813197669437895,0.6212905804520891,0.7903475325302052,0.7635839855912949,0.6317567385764706,0.4984849808356892,0.9282232472241335,0.7209371111794428,0.859417852798432,0.8461051419499966,0.8116388661166077,0,0.8717733006824684,0,0,0.7935588830991768,0.812142014569391,0.5551064492077166,0.7673325293163391,0.8366312910989919,0,0.7715168835511074,0.8476795398836041,0.840871798810969,0.845670604479321,0.67358309732866,0.8702988276317785,0.7270054085776918,0,0.9012349907963333,0.8667683974645355,0.6152270968752492,0,0.7259652685822078,0.7485144950778062,0
french,0.9163707990925933,0.7364896171931534,0.6234932211844292,0.6351564408252192,0.7960289027342184,0.8341722312469767,0.9363787350937779,0.6341013005604687,0,0.7453846038160572,0.8209376446051269,0.8263619009214247,0.9556011189629423,0.9322661502106945,0.6811963565933061,0.571458816074785,1.0,0.940010332971217,0.9473725842787503,0,0.9092781920564866,0.6412843308210131,0.7581698406915719,0.6554679242250876,0.7495295837895225,0.8478027811055016,0.955876349022815,0.6590666051982054,0.4672542822176082,0.5524000770356455,0.759993192067192,0.7556929323090149,0.7076173983883911,0,0.5825193404809302,0,0,0.7590108586506161,0.7931290542510374,0.9557958153475425,0.90487253485028,0.7852423185125382,0,0.7500588269932746,0.7573118946850783,0.7483656692515377,0.7529227388107531,0.9540180590603204,0.7897123744148413,0.6156420498442697,0,0.6416914847800007,0.7827877953608264,0.7739510137653723,0,0.6782453523386706,0.8320535050595084,0
galician,0.9098978890671183,0.7769813469553124,0.6398283083460538,0.6431430930942035,0.7885411655206854,0.7899819126329146,0.923988668317077,0.6549311205639431,0,0.7427402407196292,0.7804832495778972,0.8250183676663523,0.9147179577382464,0.9048714206040007,0.6769239071351028,0.5831521906262617,0.940010332971217,1.0,0.9070749326272013,0,0.894295729229932,0.6974302204654734,0.750830317529255,0.6335775286962083,0.7343905546543426,0.8502650942654121,0.9531399788191413,0.6704695709308031,0.4945191812820968,0.576523660078806,0.7453763222260513,0.7621622046016343,0.690720003210193,0,0.5818044539898002,0,0,0.7583854674994784,0.7700170083432856,0.9341246726907909,0.8719654241525578,0.7760709588690909,0,0.7413809809086797,0.7582146985420336,0.7436469074978762,0.7508004826648785,0.9346204052426386,0.7704349405776555,0.6755593899428646,0,0.6382024355195156,0.7662569026866572,0.7780520360431149,0,0.6921671945898116,0.7969303828076258,0
german,0.9506087416147332,0.7199172739373615,0.7079363063646514,0.740836638291453,0.8491548751164706,0.8440782235343511,0.9432418652513204,0.6542809048696407,0,0.8135337398418507,0.8632734358238909,0.8676487650901882,0.9750919507285689,0.9527050561026428,0.7776644315067073,0.6858867159585549,0.9473725842787503,0.9070749326272013,1.0,0,0.9499706975625856,0.6158481428629334,0.7734044964368361,0.7024399882112836,0.7933779861810318,0.87426725823911,0.9368454518545043,0.6511065869563205,0.5825130287053536,0.6172270211446775,0.8226914973904813,0.8295332927515547,0.7560992225340903,0,0.6671472622827281,0,0,0.7697033636468594,0.8179310999622876,0.9211832115196338,0.9341204928213015,0.8480026575115823,0,0.8147431773945948,0.8301578312987835,0.8144787614393426,0.8236446029899589,0.9534695502346523,0.8335946903612638,0.6798921518589663,0,0.7232770605107812,0.845746447406519,0.7765743816943681,0,0.6935634493363644,0.8924701188105846,0
gothic,0.0,0.0,0.0,0.0,0.0,0.0,0.0,0.0,0,0.0,0.0,0.0,0.0,0.0,0.0,0.0,0.0,0.0,0.0,0,0.0,0.0,0.0,0.0,0.0,0.0,0.0,0.0,0.0,0.0,0.0,0.0,0.0,0,0.0,0,0,0.0,0.0,0.0,0.0,0.0,0,0.0,0.0,0.0,0.0,0.0,0.0,0.0,0,0.0,0.0,0.0,0,0.0,0.0,0
greek,0.9023061722087041,0.6898866423843981,0.77202110768015,0.8012905331078783,0.8379068811304023,0.7624640577292419,0.9165807286742069,0.7177739478997504,0,0.7925136539030729,0.8250076258075191,0.8476947658264642,0.9290728566180503,0.9065176466351649,0.8135618665284612,0.70568657472966,0.9092781920564866,0.894295729229932,0.9499706975625856,0,1.0,0.6088753102720275,0.6652583696620882,0.7714398858556986,0.7745863078582047,0.8270387093486554,0.9035507573084552,0.5550721113626715,0.60480765972615,0.6712535668334093,0.8062410510990341,0.8443468007929055,0.7900706168223549,0,0.7318642705562238,0,0,0.6949919437444237,0.7791971074212626,0.8988071204690531,0.8979002689533755,0.8274597056050772,0,0.8003638106454852,0.7959761653704799,0.776286770681686,0.8114238997308496,0.9025391803360919,0.7918065270478929,0.7027838078476202,0,0.732946449431253,0.8130278317189308,0.671048297464075,0,0.6912358680414181,0.8815375599551543,0
hebrew,0.6297852864192001,0.7708324845550572,0.686394782207642,0.59181738503886,0.6982429227101142,0.6679024960073687,0.6133071452227704,0.5622059126304816,0,0.6998120877037788,0.6953739658441775,0.6985351714485041,0.6361641282260236,0.6863853340331012,0.6244300309117118,0.6490488669477663,0.6412843308210131,0.6974302204654734,0.6158481428629334,0,0.6088753102720275,1.0,0.6409155756295527,0.4664322609596254,0.6485777429300511,0.654227367969945,0.7401218105551205,0.551986237698052,0.6267094217358515,0.5080476184270446,0.6909792551986728,0.6658688490585809,0.6356376295628111,0,0.5623005124767279,0,0,0.7091180157647089,0.7033604171940457,0.6808196094960292,0.6777247636045459,0.7062100020363125,0,0.6471773013325687,0.6989478573338626,0.6936497667239233,0.683247448188039,0.6454102796575265,0.6955670536102456,0.6696964235911744,0,0.6808634055831024,0.7115310915950067,0.6167416451958329,0,0.5846833835767385,0.666162371434086,0
hindi,0.8087694539715906,0.8188966244729131,0.6757559420081105,0.7169244670835779,0.8634323788396789,0.9083539158317346,0.7809247239792777,0.7055921303944196,0,0.858271343375074,0.8762406584736349,0.836129970673567,0.8038633861296604,0.8657044440503708,0.7576817506847485,0.6813197669437895,0.7581698406915719,0.750830317529255,0.7734044964368361,0,0.6652583696620882,0.6409155756295527,1.0,0.473158562105119,0.8073413991641738,0.8600297733212116,0.7718884542040364,0.8559798513956091,0.5748321960181081,0.6952074556105716,0.8608497888690055,0.8271758309264146,0.7820960083874285,0,0.6116151931535345,0,0,0.8507015976424334,0.8891746417624999,0.7797359855496828,0.8666372612381414,0.8706241455007402,0,0.7349260117637783,0.8765076335725103,0.8832475888013612,0.8467835585714497,0.8294257310847293,0.8413843389936788,0.712095106534414,0,0.7176552988530571,0.8647554864833333,0.9535657312474526,0,0.7965261975294591,0.7659834837282268,0
hungarian,0.6657456624398197,0.42919090867002974,0.7371956890681072,0.6580118068109345,0.6878225435485472,0.5394358786679383,0.6817725609849868,0.5995356580874565,0,0.6558321796569873,0.639528298550151,0.6860487528724984,0.6728921888331855,0.6894650090927456,0.649224430697374,0.6212905804520891,0.6554679242250876,0.6335775286962083,0.7024399882112836,0,0.7714398858556986,0.4664322609596254,0.473158562105119,1.0,0.6539083220803263,0.6244502335677247,0.6304033344539899,0.35010061931563874,0.5566568738675041,0.5949825505737465,0.645956455023089,0.6846866386381882,0.6695206021503003,0,0.7387212759905605,0,0,0.5252652869603236,0.6315356734470466,0.6311426618568134,0.656876294814443,0.6671011857754134,0,0.7153751928048834,0.6234988697365489,0.6226549271885464,0.6370749605494466,0.659157346772486,0.6213384105300909,0.44093504399539324,0,0.6340064072443131,0.6620921608289556,0.43017352851533125,0,0.5743621034847747,0.6975576629018547,0
indonesian,0.8158935404109532,0.6789879945984636,0.8332654268727012,0.7628089854111127,0.8622488920796343,0.809526511945784,0.8499231020221953,0.8172812382007895,0,0.8954866636320999,0.8613277601363373,0.9072112517658482,0.8308943783350234,0.8814378893417392,0.7922926899408445,0.7903475325302052,0.7495295837895225,0.7343905546543426,0.7933779861810318,0,0.7745863078582047,0.6485777429300511,0.8073413991641738,0.6539083220803263,1.0,0.8704161415116204,0.7679007265227208,0.7048989990998166,0.6755566773602076,0.7683826747457195,0.8740472276614188,0.8543738790917285,0.8253762334887362,0,0.7801507905865953,0,0,0.8059754777659391,0.8805921225670961,0.7244589139837888,0.8655170043934217,0.8612076794987122,0,0.8530307420681803,0.8835481095188022,0.8383636717748919,0.8535427394034909,0.8519555422568906,0.8984798433366482,0.660219165635656,0,0.7948877264824351,0.8981702546665726,0.7818292394731285,0,0.8778061510433598,0.7643045967970024,0
irish,0.8852562625033968,0.7771623080074133,0.7570458577474175,0.7172889551381573,0.8823342712637514,0.8582624116049786,0.9156526408475169,0.7241865830777201,0,0.8747350750164031,0.8743335674572779,0.9332081533684737,0.911360546695342,0.922637595638554,0.7847159900147185,0.7635839855912949,0.8478027811055016,0.8502650942654121,0.87426725823911,0,0.8270387093486554,0.654227367969945,0.8600297733212116,0.6244502335677247,0.8704161415116204,1.0,0.8771949030200284,0.730168616900588,0.6466201676772476,0.6638181539497703,0.8666908232335069,0.8707688286374152,0.8092178268426269,0,0.7089104383992405,0,0,0.8613952574362297,0.8826429396894391,0.8262146973815164,0.9078017090216661,0.8778326368534526,0,0.82779561092769,0.8751936593472378,0.8719005322910873,0.8380390722691982,0.926265640167257,0.9328441060566793,0.7201202860496522,0,0.7534012394265712,0.9122259934369461,0.8618217753811795,0,0.8089760540615701,0.8014125968826902,0
italian,0.9263212796137531,0.7800661959954178,0.6652357940876261,0.6455062497649499,0.7947816003040586,0.8271923937714553,0.9399164992461437,0.6230758148772783,0,0.7772371585039451,0.8207227635826165,0.8600697077984982,0.9541823746330614,0.935647118696345,0.6864245438723348,0.6317567385764706,0.955876349022815,0.9531399788191413,0.9368454518545043,0,0.9035507573084552,0.7401218105551205,0.7718884542040364,0.6304033344539899,0.7679007265227208,0.8771949030200284,1.0,0.6931109246739333,0.547375087659579,0.5559840563535128,0.7881070279666232,0.7694161088529486,0.6915087231208145,0,0.5970622505039117,0,0,0.7796688766096275,0.7915581147329279,0.9255397916739697,0.9032638428413445,0.7975102163562932,0,0.7506918399458293,0.793047965836906,0.7668132677301627,0.776692019345217,0.9531828474735368,0.8358857674322617,0.6827137426133859,0,0.668115890590391,0.8115728328827596,0.7965688034109023,0,0.6900361874670038,0.806348546409097,0
japanese,0.694597626235951,0.6522703613503774,0.5290130988312031,0.5894572779587046,0.6728895460280899,0.7431337508927467,0.708342833199657,0.6151018532699684,0,0.6955095730744197,0.6596448923286314,0.713175595219626,0.6988956913691982,0.7680091918343345,0.5503125752156012,0.4984849808356892,0.6590666051982054,0.6704695709308031,0.6511065869563205,0,0.5550721113626715,0.551986237698052,0.8559798513956091,0.35010061931563874,0.7048989990998166,0.730168616900588,0.6931109246739333,1.0,0.44755434819399426,0.5857862119294797,0.6771132773957116,0.6237649406610745,0.5856367551521697,0,0.3949589168140128,0,0,0.7377172723847837,0.7167302258831268,0.6613157376155621,0.7534459789620374,0.7014720630832415,0,0.6169448229347448,0.7431801902142124,0.6797562247264536,0.7197477322161594,0.7446544927124129,0.7085055142857422,0.5348654043496744,0,0.5281397601337738,0.6882369509140235,0.922458421332667,0,0.7044843373313564,0.6084878943493524,0
kazakh,0.6189608292910461,0.5256014392345384,0.8494352604108504,0.7332917611164168,0.7499384737208824,0.6229956412842701,0.5318198595313579,0.6128577285175669,0,0.7763476431521726,0.7364401811552456,0.7370537033274298,0.6058011973295964,0.6799061569087328,0.744886803417899,0.9282232472241335,0.4672542822176082,0.4945191812820968,0.5825130287053536,0,0.60480765972615,0.6267094217358515,0.5748321960181081,0.5566568738675041,0.6755566773602076,0.6466201676772476,0.547375087659579,0.44755434819399426,1.0,0.6128992816093691,0.7924958734454447,0.7519123041269726,0.7283783706002428,0,0.7824721595689709,0,0,0.747165711025965,0.7278389415495824,0.4612452557883825,0.655809218469516,0.7676900673033485,0,0.7218991411157476,0.7610871217428572,0.7637401152559603,0.7386793987814332,0.5584838056277779,0.75782627710144,0.6626767823659411,0,0.8566384454684265,0.7769877516248263,0.5198610952099267,0,0.5879818596493397,0.6881994669816195,0
korean,0.6058299196955748,0.6347856948935923,0.780708205211719,0.8507443489272987,0.7788478397646023,0.6460221904636857,0.6481729141411501,0.8528657931654403,0,0.7848009092448731,0.7185145741589531,0.6962142530058556,0.5938352801688849,0.6683912510196914,0.7997843790199608,0.7209371111794428,0.5524000770356455,0.576523660078806,0.6172270211446775,0,0.6712535668334093,0.5080476184270446,0.6952074556105716,0.5949825505737465,0.7683826747457195,0.6638181539497703,0.5559840563535128,0.5857862119294797,0.6128992816093691,1.0,0.7853915019503913,0.8159334475928135,0.8122802917807813,0,0.7500937675817879,0,0,0.598928531168641,0.7520576502470098,0.5955556223682721,0.7124393570577322,0.7543250008610823,0,0.6710343679333443,0.7559330745826293,0.731075055720634,0.7764312679059329,0.6367801515894419,0.68614561814829,0.7065212102933567,0,0.7556272671588701,0.7501696146445027,0.6341155584399418,0,0.7860474445804662,0.7168242326552069,0
latin,0.825146740407153,0.8113378244574644,0.8802747902894573,0.8754048887395566,0.9595612404299219,0.8883389100504924,0.8031381755979285,0.8073350578428432,0,0.9540304426542764,0.9563471907566046,0.90471601743393,0.834723109398753,0.8907670502436785,0.8987144018981397,0.859417852798432,0.759993192067192,0.7453763222260513,0.8226914973904813,0,0.8062410510990341,0.6909792551986728,0.8608497888690055,0.645956455023089,0.8740472276614188,0.8666908232335069,0.7881070279666232,0.6771132773957116,0.7924958734454447,0.7853915019503913,1.0,0.9537414002683968,0.9335681767476465,0,0.8090317637954639,0,0,0.8268297357635994,0.9566998014407971,0.7686503242438765,0.9067952193055743,0.9619854914532151,0,0.8438098708311959,0.9459050755445475,0.9518483877002103,0.9321220290432969,0.8356780954535715,0.9025557580722148,0.820183889815249,0,0.8454035655840073,0.9599208921913908,0.7927662500122704,0,0.7931221113616043,0.8781273068612233,0
latvian,0.8123337812594859,0.8338221814374285,0.8880570959422892,0.9164269793488361,0.9769156581194377,0.865718019661281,0.8039647532101617,0.8522101412754072,0,0.9453952763650352,0.9284569206856484,0.898939818050492,0.8213541483697471,0.8658463577973369,0.9440720260008059,0.8461051419499966,0.7556929323090149,0.7621622046016343,0.8295332927515547,0,0.8443468007929055,0.6658688490585809,0.8271758309264146,0.6846866386381882,0.8543738790917285,0.8707688286374152,0.7694161088529486,0.6237649406610745,0.7519123041269726,0.8159334475928135,0.9537414002683968,1.0,0.9564936156974141,0,0.8318678140491954,0,0,0.7994474676096669,0.9362290642255106,0.7979881353403115,0.9095848567059863,0.9678459489853986,0,0.837146060101178,0.9355369637534359,0.9409612528892305,0.9254561002700717,0.823028977703478,0.8729056138997778,0.8568424024677717,0,0.8476947508181926,0.9560802248235605,0.7726393657436361,0,0.8050518388705427,0.9017861359209325,0
lithuanian,0.7274078432253687,0.8157384402036794,0.8732429232918631,0.9092487868152505,0.9479964920039218,0.8060926800473432,0.72882651144968,0.851176094160895,0,0.9023626569985342,0.9118910805117186,0.8394428502063173,0.7505875028452385,0.8042519962025306,0.9286814892835169,0.8116388661166077,0.7076173983883911,0.690720003210193,0.7560992225340903,0,0.7900706168223549,0.6356376295628111,0.7820960083874285,0.6695206021503003,0.8253762334887362,0.8092178268426269,0.6915087231208145,0.5856367551521697,0.7283783706002428,0.8122802917807813,0.9335681767476465,0.9564936156974141,1.0,0,0.8187065644077857,0,0,0.7563109650826503,0.9200651565923974,0.7533541364746817,0.8484876656447428,0.9307176405669276,0,0.8124774749280554,0.8928839033623389,0.9184171763605515,0.8893182219959779,0.7490250358879013,0.8142157565931458,0.828200139447477,0,0.8210266029703785,0.9072426048265692,0.7157014998667064,0,0.7610547500464754,0.8764066229332017,0
maltese,0.0,0.0,0.0,0.0,0.0,0.0,0.0,0.0,0,0.0,0.0,0.0,0.0,0.0,0.0,0.0,0.0,0.0,0.0,0,0.0,0.0,0.0,0.0,0.0,0.0,0.0,0.0,0.0,0.0,0.0,0.0,0.0,0,0.0,0,0,0.0,0.0,0.0,0.0,0.0,0,0.0,0.0,0.0,0.0,0.0,0.0,0.0,0,0.0,0.0,0.0,0,0.0,0.0,0
marathi,0.7114583069752327,0.5328878193415639,0.9004573549389142,0.8129979250876717,0.8136967388308998,0.6642455322260296,0.6696367530460102,0.7385690671813275,0,0.8485991024553413,0.7977878872345365,0.8107374326317278,0.6650595162982336,0.7112225120467626,0.8493800630883284,0.8717733006824684,0.5825193404809302,0.5818044539898002,0.6671472622827281,0,0.7318642705562238,0.5623005124767279,0.6116151931535345,0.7387212759905605,0.7801507905865953,0.7089104383992405,0.5970622505039117,0.3949589168140128,0.7824721595689709,0.7500937675817879,0.8090317637954639,0.8318678140491954,0.8187065644077857,0,1.0,0,0,0.6417133942298604,0.7844379371778013,0.563395424851302,0.7303238037235079,0.7898623219980168,0,0.7775144534439107,0.8014282863090976,0.7843481881054265,0.8123195208602186,0.6528736437387743,0.7813370685210022,0.6534760726251296,0,0.7765065365432886,0.8191674960786206,0.5359709166956049,0,0.7101020600999639,0.7096178174260499,0
north_sami,0.0,0.0,0.0,0.0,0.0,0.0,0.0,0.0,0,0.0,0.0,0.0,0.0,0.0,0.0,0.0,0.0,0.0,0.0,0,0.0,0.0,0.0,0.0,0.0,0.0,0.0,0.0,0.0,0.0,0.0,0.0,0.0,0,0.0,0,0,0.0,0.0,0.0,0.0,0.0,0,0.0,0.0,0.0,0.0,0.0,0.0,0.0,0,0.0,0.0,0.0,0,0.0,0.0,0
old_church_slavonic,0.0,0.0,0.0,0.0,0.0,0.0,0.0,0.0,0,0.0,0.0,0.0,0.0,0.0,0.0,0.0,0.0,0.0,0.0,0,0.0,0.0,0.0,0.0,0.0,0.0,0.0,0.0,0.0,0.0,0.0,0.0,0.0,0,0.0,0,0,0.0,0.0,0.0,0.0,0.0,0,0.0,0.0,0.0,0.0,0.0,0.0,0.0,0,0.0,0.0,0.0,0,0.0,0.0,0
persian,0.8123246438172924,0.7484641327511125,0.7637292903635357,0.6790539944785142,0.8426746323664557,0.8717199283223618,0.7820693307306633,0.6530758273949261,0,0.8482316556995582,0.8572242216875501,0.8749604319065798,0.8261435673789157,0.8834992309299581,0.7352560009364293,0.7935588830991768,0.7590108586506161,0.7583854674994784,0.7697033636468594,0,0.6949919437444237,0.7091180157647089,0.8507015976424334,0.5252652869603236,0.8059754777659391,0.8613952574362297,0.7796688766096275,0.7377172723847837,0.747165711025965,0.598928531168641,0.8268297357635994,0.7994474676096669,0.7563109650826503,0,0.6417133942298604,0,0,1.0,0.8625531766582909,0.7563736348707323,0.855267934230717,0.8469601322620995,0,0.7761155234037928,0.8624272391952045,0.8477971474542534,0.8337554068232362,0.8240007888831433,0.905202471242721,0.6560272209380629,0,0.8404691967812677,0.8650010585501674,0.8405055711193962,0,0.7306615393597844,0.7874214710975631,0
polish,0.8358313036949089,0.8255324794880086,0.8579986257678397,0.8447084555320556,0.9667392369309749,0.9326441137091989,0.8236923288123865,0.8003698441574942,0,0.9565250615822746,0.9622195721732126,0.9157594609171253,0.8407257723505319,0.9003644699685738,0.8748107873773202,0.812142014569391,0.7931290542510374,0.7700170083432856,0.8179310999622876,0,0.7791971074212626,0.7033604171940457,0.8891746417624999,0.6315356734470466,0.8805921225670961,0.8826429396894391,0.7915581147329279,0.7167302258831268,0.7278389415495824,0.7520576502470098,0.9566998014407971,0.9362290642255106,0.9200651565923974,0,0.7844379371778013,0,0,0.8625531766582909,1.0,0.8059746006044,0.9179876871054442,0.9560061899183253,0,0.8618903223664609,0.9465633538875067,0.9596287492435647,0.9326870372557315,0.8604769885852037,0.9026292879204306,0.7790405332335594,0,0.8179434878612764,0.960245420063231,0.8384512998368251,0,0.8038171133906469,0.8771901707065343,0
portuguese,0.8642170241955242,0.8305873874972649,0.6335765733839767,0.7106559910783726,0.8362790484567065,0.8450810649385267,0.8863082604835076,0.6834086938914924,0,0.7502364504125463,0.8281005786253368,0.790028201515861,0.9159652079416963,0.9018874531993835,0.7424495205655374,0.5551064492077166,0.9557958153475425,0.9341246726907909,0.9211832115196338,0,0.8988071204690531,0.6808196094960292,0.7797359855496828,0.6311426618568134,0.7244589139837888,0.8262146973815164,0.9255397916739697,0.6613157376155621,0.4612452557883825,0.5955556223682721,0.7686503242438765,0.7979881353403115,0.7533541364746817,0,0.563395424851302,0,0,0.7563736348707323,0.8059746006044,1.0,0.8971373798790914,0.8208665979723723,0,0.7483181370438884,0.770936955102663,0.7835815897771661,0.7728065294994668,0.913733614259161,0.7478105892025579,0.7119534305912552,0,0.6623905544038772,0.7825815554084968,0.786571515804312,0,0.6497213201199966,0.8868555339040278,0
romanian,0.9336588683721677,0.8082139166885693,0.787447063380516,0.823244342949703,0.9218608318059928,0.9299067905978484,0.9222930795748848,0.7712628212928778,0,0.9199469652516025,0.9355918825278928,0.9272471735476254,0.952766160335414,0.9599107066586718,0.862952968590618,0.7673325293163391,0.90487253485028,0.8719654241525578,0.9341204928213015,0,0.8979002689533755,0.6777247636045459,0.8666372612381414,0.656876294814443,0.8655170043934217,0.9078017090216661,0.9032638428413445,0.7534459789620374,0.655809218469516,0.7124393570577322,0.9067952193055743,0.9095848567059863,0.8484876656447428,0,0.7303238037235079,0,0,0.855267934230717,0.9179876871054442,0.8971373798790914,1.0,0.9280953373141185,0,0.8393007955683174,0.9378747196092156,0.8949239725691576,0.9333297188185649,0.9462095508770966,0.914025256041051,0.7810878768412627,0,0.7711443675425675,0.9243891915305225,0.8579352752709178,0,0.7710267417503646,0.8907903156856309,0
russian,0.8340823723161135,0.8266941865352279,0.8788314352524039,0.8870510393770201,0.9836044307059022,0.9036735620630033,0.8073225024600265,0.8129611704919464,0,0.9543264677774532,0.9496491189881098,0.9084620735192755,0.8494317947668918,0.9054447422084522,0.919779093819866,0.8366312910989919,0.7852423185125382,0.7760709588690909,0.8480026575115823,0,0.8274597056050772,0.7062100020363125,0.8706241455007402,0.6671011857754134,0.8612076794987122,0.8778326368534526,0.7975102163562932,0.7014720630832415,0.7676900673033485,0.7543250008610823,0.9619854914532151,0.9678459489853986,0.9307176405669276,0,0.7898623219980168,0,0,0.8469601322620995,0.9560061899183253,0.8208665979723723,0.9280953373141185,1.0,0,0.8804968803929698,0.9548626158724156,0.9738063224517262,0.939124025518798,0.848230592321562,0.8851451238964266,0.8135330425652725,0,0.8334161067998317,0.9671391380455263,0.8186094179823442,0,0.7892417346976573,0.9259930410289703,0
sanskrit,0.0,0.0,0.0,0.0,0.0,0.0,0.0,0.0,0,0.0,0.0,0.0,0.0,0.0,0.0,0.0,0.0,0.0,0.0,0,0.0,0.0,0.0,0.0,0.0,0.0,0.0,0.0,0.0,0.0,0.0,0.0,0.0,0,0.0,0,0,0.0,0.0,0.0,0.0,0.0,0,0.0,0.0,0.0,0.0,0.0,0.0,0.0,0,0.0,0.0,0.0,0,0.0,0.0,0
scottish_gaelic,0.8139208458497691,0.6424673656444457,0.847398744993882,0.7886353734316403,0.8772692187689686,0.7883597998766311,0.8001870898807326,0.6785774366174199,0,0.861285469234042,0.8491997654941709,0.8452784970120786,0.8198688015571122,0.8624582732591255,0.7969678064345347,0.7715168835511074,0.7500588269932746,0.7413809809086797,0.8147431773945948,0,0.8003638106454852,0.6471773013325687,0.7349260117637783,0.7153751928048834,0.8530307420681803,0.82779561092769,0.7506918399458293,0.6169448229347448,0.7218991411157476,0.6710343679333443,0.8438098708311959,0.837146060101178,0.8124774749280554,0,0.7775144534439107,0,0,0.7761155234037928,0.8618903223664609,0.7483181370438884,0.8393007955683174,0.8804968803929698,0,1.0,0.8577865440096208,0.863110787470723,0.8354058548651265,0.8181248468295672,0.8042711384322812,0.6120711999036653,0,0.7867167221744458,0.8649108932515118,0.6902058113702024,0,0.711709892446878,0.8530771098833948,0
serbian,0.8705938985317433,0.8126187601220879,0.8740863407820827,0.8838484517945525,0.9510981832500696,0.9200693313741095,0.8236598398268687,0.7798454134354149,0,0.9871826095804878,0.9513306954438376,0.9325542354474872,0.8475300230767753,0.8995933069791465,0.9025274697011803,0.8476795398836041,0.7573118946850783,0.7582146985420336,0.8301578312987835,0,0.7959761653704799,0.6989478573338626,0.8765076335725103,0.6234988697365489,0.8835481095188022,0.8751936593472378,0.793047965836906,0.7431801902142124,0.7610871217428572,0.7559330745826293,0.9459050755445475,0.9355369637534359,0.8928839033623389,0,0.8014282863090976,0,0,0.8624272391952045,0.9465633538875067,0.770936955102663,0.9378747196092156,0.9548626158724156,0,0.8577865440096208,1.0,0.9456308721107566,0.9814761051126439,0.850135168018417,0.9215795920934939,0.8131365540674387,0,0.8254310361245696,0.960638225633318,0.8504844646077063,0,0.7886699245009956,0.8591261722394546,0
slovak,0.8224949341051269,0.8271379483629837,0.8588032832943675,0.8706693764429613,0.9684062766187548,0.90776507593924,0.7813240056715207,0.7589634068084925,0,0.9506723648882779,0.9642343265024399,0.8969457066459198,0.817726557323537,0.8784528944583782,0.9048857069099396,0.840871798810969,0.7483656692515377,0.7436469074978762,0.8144787614393426,0,0.776286770681686,0.6936497667239233,0.8832475888013612,0.6226549271885464,0.8383636717748919,0.8719005322910873,0.7668132677301627,0.6797562247264536,0.7637401152559603,0.731075055720634,0.9518483877002103,0.9409612528892305,0.9184171763605515,0,0.7843481881054265,0,0,0.8477971474542534,0.9596287492435647,0.7835815897771661,0.8949239725691576,0.9738063224517262,0,0.863110787470723,0.9456308721107566,1.0,0.9304928995541801,0.8239247368070357,0.8839887206013773,0.8119752201502736,0,0.8311505878301906,0.9620313524069607,0.8282027532380025,0,0.7776749401881038,0.8986870817628898,0
