,afrikaans,arabic,armenian,basque,belarusian,bulgarian,catalan,chinese,classical_chinese,croatian,czech,danish,dutch,english,estonian,finnish,french,galician,german,gothic,greek,hebrew,hindi,hungarian,indonesian,irish,italian,japanese,kazakh,korean,latin,latvian,lithuanian,maltese,marathi,north_sami,old_church_slavonic,persian,polish,portuguese,romanian,russian,sanskrit,scottish_gaelic,serbian,slovak,slovenian,spanish,swedish,tamil,telugu,turkish,ukrainian,urdu,uyghur,vietnamese,welsh,wolof
afrikaans,1.0,0.720941057324516,0.7949069682170641,0.8194072494202818,0.8701212162030971,0.8995945169975542,0.9445192636056563,0.7045123043295121,0.5530192020554271,0.8810152616785039,0.8953270186923119,0.9535864040720744,0.9719560141838988,0.9633782375417249,0.7783305652369967,0.7498799710732529,0.9213133701012465,0.8794214984322303,0.972210138907688,0,0.954925625841299,0.623286479142116,0.8039533936364552,0.6120180931209961,0.8029110910142294,0.9175852279146192,0.9390047447421094,0.5812638614007368,0.6399884573311879,0.6170936099073794,0.30563546567079725,0.8040078411328321,0.7686698741579615,0.8669781518392439,0.715567087714075,0,0,0.8351704236244819,0.8626848685602565,0.8894619693194208,0.9554730532469488,0.8712039217063092,0,0.9107456383806182,0.8832317340604918,0.885689546318864,0.8881057971798537,0.9536466501023791,0.941683690915545,0.6986514290004963,0.7002295913504271,0.8003518350508592,0.8774279527721477,0.8081604930029663,0.4263678111298505,0.7783203516626649,0.938355711938174,0
arabic,0.720941057324516,1.0,0.5861629824448148,0.7437384839735183,0.826198135596805,0.8376159936614593,0.6965619225621373,0.7814642811884461,0.5417743414415909,0.789402464767413,0.8248628696808451,0.7689420153581497,0.7195662495290955,0.6912327169663629,0.7536236856121081,0.5475652022875268,0.7224041078206335,0.7740996431130996,0.6871179932811136,0,0.7118791958672138,0.7271472347041839,0.7721622408822241,0.3343350781213881,0.6596570508632964,0.8000696480212498,0.7523519763410944,0.5603758957691566,0.4991784512674501,0.5846582908747974,0.27531107143192735,0.8257728969574042,0.8128147378161868,0.5963852462498156,0.5253321030563538,0,0,0.7203523176425174,0.781152938364002,0.8138548491084469,0.7922410813949137,0.8218420562503485,0,0.656081136235873,0.8153157075346898,0.8366462166430753,0.7926409171690019,0.7105863704729315,0.7560859132836127,0.9123560984124449,0.5975023656720116,0.6958492491341337,0.8393223640515769,0.7346995660014142,0.4683895004942607,0.6019771277495722,0.807510523061477,0
armenian,0.7949069682170641,0.5861629824448148,1.0,0.8753398557999376,0.8516386959473088,0.7836961646051853,0.7724631616508777,0.6753634899118808,0.4971018587618758,0.8899002930583092,0.8569774783697292,0.8502902371551465,0.8016796664108685,0.8509780531670504,0.8436520331731117,0.9332063274460899,0.6342137196692027,0.5408838754359032,0.7857690030621017,0,0.7264631131246954,0.6213896632609794,0.6806767097940105,0.5514422519720767,0.7939322563169349,0.7177254115643594,0.6851520642834855,0.5107052315291544,0.893432132637923,0.6861107413381052,0.3729255286142267,0.7768454386502482,0.7701847278292957,0.8246767066607537,0.8052169459541892,0,0,0.8663522850195968,0.8371689269095284,0.5769684391951082,0.8393929397062939,0.8522629705839261,0,0.7365205458900121,0.8794814489269316,0.8228808064455126,0.8874314534690422,0.7189559284136366,0.8947633470855225,0.6068973892295932,0.7835149217647126,0.9031259851006662,0.8424983576230395,0.7095932998996864,0.5728822108892001,0.6833171956858959,0.7727704181858276,0
basque,0.8194072494202818,0.7437384839735183,0.8753398557999376,1.0,0.9081794399979267,0.8195443651754382,0.8248357261934385,0.8351895849288505,0.564933821877156,0.9046134402233753,0.8945249699669618,0.8678377172422609,0.8316992819529262,0.8443379065935447,0.9419419606274775,0.8586520234725087,0.6822883038408305,0.6290417095852693,0.8358420028027348,0,0.7928855515253503,0.5796487696440581,0.7283331175051074,0.5786029685545108,0.7921681405274167,0.8003085288359438,0.7248530287139752,0.5378555485005924,0.7344455369208004,0.7919188719578076,0.3575354135331049,0.8838533929362626,0.8486902672606034,0.7762247596987609,0.770507157453682,0,0,0.748225663022596,0.8445731094446557,0.6893768540120248,0.8854320226543514,0.8983842001579079,0,0.7556225313739825,0.9132241685589595,0.9038251097216226,0.9170319174157158,0.7725826151417838,0.875043015234323,0.8200629554476735,0.8213831195734047,0.8000435793421331,0.9011557059740437,0.7307501512789114,0.4801555141668886,0.7035448942074599,0.8595825467023899,0
belarusian,0.8701212162030971,0.826198135596805,0.8516386959473088,0.9081794399979267,1.0,0.9440642183041346,0.8435417534579474,0.805127865300215,0.5262809222264403,0.9725432391817648,0.9683804190469343,0.9127598197965449,0.8661025333190518,0.8769710838717414,0.9074100582202382,0.8076274376390465,0.7597969105033816,0.7000920014519716,0.8526970603361508,0,0.8214354144789643,0.6436494897489068,0.8183252310636141,0.5171711558152494,0.8262233287831858,0.8485971748263134,0.7885670536654444,0.5452354125598046,0.7523056619229043,0.7225188886873765,0.35300364136308987,0.9285078266582529,0.914264659849968,0.7872313201853638,0.7487256757314719,0,0,0.8371579706825081,0.9487958820948734,0.7622616792796738,0.9279171876024257,0.9792484916856635,0,0.7920124424291609,0.957374673847348,0.9584624642656734,0.9707479867166992,0.8107104886645117,0.9294193804056606,0.8167723756884488,0.7403450935732564,0.8250180942760245,0.9916471077767642,0.7924851189568825,0.5012689596267349,0.7133970670025273,0.8858303064105889,0
bulgarian,0.8995945169975542,0.8376159936614593,0.7836961646051853,0.8195443651754382,0.9440642183041346,1.0,0.8646616671275803,0.7481152131297772,0.5323850970544315,0.9416104893266359,0.9492475971918534,0.9311540247784508,0.890402892364397,0.892298597019958,0.8190327460189132,0.7202255017766116,0.8301397769407454,0.7819794960424284,0.8579161503107593,0,0.8310763623501524,0.6518359780440176,0.89383915383303,0.4596155203500845,0.8387035857469273,0.880268797155691,0.8558828052759477,0.6714699200544989,0.6565630298913264,0.6443640277792841,0.35553272739188074,0.8643418690040396,0.859005206865425,0.7568935284952604,0.6481063520444126,0,0,0.8929443550803008,0.946641545844908,0.829890039000418,0.9497838654700661,0.9484558641936401,0,0.8276257323527798,0.9447747609948417,0.9229041775175703,0.947475782716163,0.8638713539218673,0.9344967890069387,0.7673346412399884,0.6567967559421931,0.7872349593980636,0.9568822072971477,0.894514520374878,0.46075979581160387,0.7380043752203457,0.9019641269298342,0
catalan,0.9445192636056563,0.6965619225621373,0.7724631616508777,0.8248357261934385,0.8435417534579474,0.8646616671275803,1.0,0.7450144894495219,0.5480142966597564,0.8485416013965981,0.8515723548083939,0.92934856468811,0.9625823230221315,0.9482654471389259,0.7775432872597953,0.7315355158286645,0.9232755690620983,0.8597825574879179,0.9553665007230556,0,0.9251213612150359,0.614963174635619,0.7973837119414854,0.6657430959559243,0.8289368528226458,0.8974452888272715,0.9187882558653465,0.6224850043346778,0.5888423888254354,0.6850098786199192,0.2815219395583076,0.7490568721835875,0.7247724627738978,0.8619835743241663,0.6615801700197975,0,0,0.7998946930736444,0.8483393244186995,0.8943813900092886,0.9395855208386162,0.8396309399650322,0,0.8956338495352126,0.8547122066868611,0.8666338989340927,0.86187788234171,0.9733674244123407,0.919045420000786,0.6637531877050433,0.6932033338828963,0.787319948172416,0.8587096186891313,0.7862819375868247,0.4577134885934077,0.7834369190176917,0.9330509584143383,0
chinese,0.7045123043295121,0.7814642811884461,0.6753634899118808,0.8351895849288505,0.805127865300215,0.7481152131297772,0.7450144894495219,1.0,0.5620941982277717,0.785793791014131,0.7848574706853426,0.7917873137875325,0.7511015062580874,0.7707633007981255,0.828306312748856,0.700459382990282,0.6616605647379386,0.6124798251492717,0.7330441914466835,0,0.6781400302690611,0.5222879027004323,0.7574673516900031,0.48944416358079923,0.8138699601181684,0.7542720434300044,0.6507272118070251,0.6068374848866761,0.4992922107591451,0.812790127939944,0.34555954092185437,0.7962205938289791,0.7805402483250364,0.6725159392570251,0.5917864828963885,0,0,0.6711775578781612,0.7396066539171069,0.6999128677647036,0.806998979267879,0.7986814474823112,0,0.6117301301639817,0.8107795994579773,0.8419466861282009,0.8120436764787299,0.7152367338390172,0.780029914405317,0.8113748794059026,0.7468377730661162,0.6912986818254784,0.8121295528722294,0.6646865321306988,0.4258065721594203,0.7581030335024842,0.7865477666708584,0
classical_chinese,0.5530192020554271,0.5417743414415909,0.4971018587618758,0.564933821877156,0.5262809222264403,0.5323850970544315,0.5480142966597564,0.5620941982277717,1.0,0.5906975537970702,0.5752955960092028,0.5945814700620433,0.5299119686769277,0.5231476303799623,0.6754768271732798,0.6007248187278965,0.44996885388280133,0.40095251832007583,0.5391857577404673,0,0.43722455422934375,0.380375624437727,0.4983290926687688,0.38233822574221793,0.539968328250758,0.5164633375946838,0.4375511564765695,0.32293318732179,0.3073239180740428,0.6149309606046853,0.5297450976454117,0.5600549020587676,0.5297839371838554,0.4583741378888654,0.6165201861749695,0,0,0.4996329555597748,0.5359325517866826,0.4776088944039801,0.5686021036703877,0.4857098819346957,0,0.4857369940897058,0.585631546318651,0.5917456532799735,0.5701578653150149,0.5376090113513545,0.5847398778762117,0.6107445979970777,0.6260708989416226,0.5922822733228713,0.49955532766783844,0.4738874515244573,0.40663697101238233,0.5770879321946467,0.5760754787105532,0
croatian,0.8810152616785039,0.789402464767413,0.8899002930583092,0.9046134402233753,0.9725432391817648,0.9416104893266359,0.8485416013965981,0.785793791014131,0.5906975537970702,1.0,0.9747681592441837,0.9241942259512433,0.8703526692521196,0.8941024325425562,0.9098852372026532,0.8515140727291814,0.7538164388575784,0.674059417914596,0.8536318096944382,0,0.8100574509846408,0.6530583257269796,0.8086074045812105,0.5220518963747096,0.85509722394217,0.8264537970856314,0.7825961099872488,0.5561677142610835,0.7543646711474148,0.7295847046222362,0.43114676130598667,0.9141735984846555,0.910932862846991,0.7957309208764365,0.8006204132907933,0,0,0.8658049076484937,0.9472714038816704,0.7405122395788869,0.9349671336026142,0.9601557488502255,0,0.7965495789718808,0.9802511643536447,0.947827877870145,0.9847217860649472,0.8151551579093859,0.9511298655853307,0.7809149019643443,0.7513500586933249,0.84273253036945,0.968730563651214,0.7995613263774622,0.5078600218887674,0.7514594364632506,0.8747711354683495,0
czech,0.8953270186923119,0.8248628696808451,0.8569774783697292,0.8945249699669618,0.9683804190469343,0.9492475971918534,0.8515723548083939,0.7848574706853426,0.5752955960092028,0.9747681592441837,1.0,0.9248049911397458,0.870860940738231,0.8859226631167392,0.8952183920318668,0.8124672653518786,0.7677100089371123,0.7139555432024889,0.8542809268846495,0,0.8305014487197693,0.6521965418747026,0.826375913563646,0.48853801929049173,0.8355046259390828,0.8524199821126907,0.7993291630636844,0.5573213346147189,0.7379630188046737,0.6967956351378698,0.37218863296532884,0.921880108259825,0.9245552663852984,0.7846411192873086,0.7569277508211103,0,0,0.8666903288462042,0.9581354562715386,0.7663730900401696,0.9339797051718445,0.9601436740056768,0,0.7993713958028545,0.9617963927065425,0.9654455256986434,0.9663597667447527,0.8228124872286828,0.9393799031434954,0.8247311220320227,0.7337531176451407,0.8333285774089911,0.9703000387329879,0.8048884773312794,0.507384819993779,0.7261207868952618,0.8862286777813557,0
danish,0.9535864040720744,0.7689420153581497,0.8502902371551465,0.8678377172422609,0.9127598197965449,0.9311540247784508,0.92934856468811,0.7917873137875325,0.5945814700620433,0.9241942259512433,0.9248049911397458,1.0,0.9700862493706749,0.969023597336367,0.8448789844464721,0.8218822885907405,0.889466923490432,0.8192596616827091,0.9507393880361338,0,0.9023168941511163,0.6637603939945612,0.8371682662875846,0.5909111808619228,0.854451392923663,0.9177622853993247,0.9038633741256107,0.6529167986379261,0.6827022030455848,0.6661121051774245,0.3578187241957812,0.8122000143870979,0.7938059348791829,0.8569453501397771,0.7461168084253578,0,0,0.8840829748275015,0.8985964766869017,0.8566361766836699,0.9688090934661441,0.9124799884302962,0,0.8821938662960203,0.9474456023132231,0.9165574960669661,0.9413615220155902,0.9386341600058519,0.9732196366168638,0.7380859932540728,0.7719924326344558,0.8245988372918966,0.9233968646104342,0.8619802476612126,0.43252846089937796,0.799964186094883,0.9301273363321383,0
dutch,0.9719560141838988,0.7195662495290955,0.8016796664108685,0.8316992819529262,0.8661025333190518,0.890402892364397,0.9625823230221315,0.7511015062580874,0.5299119686769277,0.8703526692521196,0.870860940738231,0.9700862493706749,1.0,0.981042266206765,0.7940561862049046,0.7663703503818162,0.9404319791210914,0.8675858326935633,0.983713607472974,0,0.9534254256320124,0.6281603077999537,0.8041729162499841,0.6544419742599368,0.8220875363650525,0.9330388703184653,0.9485001764805652,0.6174161455233448,0.6368054593669714,0.637229104789328,0.32887354512555167,0.7759712559867664,0.7475780580189724,0.8862296470310741,0.7004686384529892,0,0,0.8397343224907675,0.8544162321974443,0.9021535825641314,0.9666205481798807,0.8757741317983186,0,0.9273904629140373,0.8899726068898614,0.8763174570138235,0.8870869149246741,0.9709681658982171,0.9545607665764817,0.6744485920286583,0.7215980094978911,0.7937584161661919,0.8792698489963972,0.8133697571141306,0.4171168509026896,0.7893902679349522,0.9384927067572587,0
english,0.9633782375417249,0.6912327169663629,0.8509780531670504,0.8443379065935447,0.8769710838717414,0.892298597019958,0.9482654471389259,0.7707633007981255,0.5231476303799623,0.8941024325425562,0.8859226631167392,0.969023597336367,0.981042266206765,1.0,0.803121547172762,0.8113524505280593,0.906004940909792,0.8185917669240085,0.9664867675440993,0,0.9268855025598992,0.640429820232768,0.8405734216535655,0.6336365218465181,0.8919652158462771,0.8983072152033356,0.9208670400667825,0.6677878074345522,0.6812657948047708,0.7000051570615655,0.3339816075696605,0.7861366307461746,0.7600821951272887,0.8894151028667054,0.73785321408248,0,0,0.8557842676971766,0.8725268049470764,0.8535437857543711,0.9636073724470235,0.8863806938823475,0,0.8932258208358048,0.9067379554544346,0.878887446042357,0.9079584907284242,0.9466778349475178,0.9626103618821119,0.6605329947940137,0.7441447068259588,0.8254637679738724,0.8862155948632009,0.8321726582705117,0.4164991377769475,0.8486355807955417,0.9172660356913636,0
estonian,0.7783305652369967,0.7536236856121081,0.8436520331731117,0.9419419606274775,0.9074100582202382,0.8190327460189132,0.7775432872597953,0.828306312748856,0.6754768271732798,0.9098852372026532,0.8952183920318668,0.8448789844464721,0.7940561862049046,0.803121547172762,1.0,0.8943850718133385,0.640754893959001,0.5584878345977881,0.8023730209994457,0,0.7299298667368604,0.5800629231889386,0.7163657407901387,0.5434131405135219,0.7976032686060861,0.7757851384319969,0.6711248872247999,0.4584052739081124,0.7122646487939017,0.8083620132042594,0.4684544115596706,0.9103878554004343,0.8737160792994924,0.7336616364740073,0.7389698113684033,0,0,0.7451535454844536,0.8538669457546705,0.6504368096013092,0.8630959546214777,0.9021442045987849,0,0.7292325934764282,0.8994619631458656,0.9148613210456817,0.9232397573289247,0.7197192935104586,0.875006551782899,0.8150529520794728,0.8003912199989593,0.8055516033023712,0.8970641308655446,0.6897356874393943,0.5305592959542467,0.7089960374294884,0.8295217486558654,0
finnish,0.7498799710732529,0.5475652022875268,0.9332063274460899,0.8586520234725087,0.8076274376390465,0.7202255017766116,0.7315355158286645,0.700459382990282,0.6007248187278965,0.8515140727291814,0.8124672653518786,0.8218822885907405,0.7663703503818162,0.8113524505280593,0.8943850718133385,1.0,0.5913710501309398,0.4720890234240629,0.7777834451459144,0,0.6781155435653518,0.5888556394320225,0.6114498568542269,0.549654024623834,0.7791185206523081,0.6918219469846277,0.6262725997308672,0.4002810443869384,0.8331950551174733,0.7332981597844946,0.4299292429019377,0.7717328284904391,0.7425790751707344,0.7902358242689879,0.7980983726425128,0,0,0.7883651103279206,0.7858828143795059,0.5349455116913313,0.8037192900454272,0.8050328526822305,0,0.6777577679437868,0.8302659051829764,0.8191248391756797,0.861657707202918,0.6786524486099759,0.8738102873389065,0.626680146484308,0.8100840309099522,0.8537028277986936,0.7956851446656151,0.6106808266361787,0.5686705645936388,0.6929494900111868,0.7300996641977313,0
french,0.9213133701012465,0.7224041078206335,0.6342137196692027,0.6822883038408305,0.7597969105033816,0.8301397769407454,0.9232755690620983,0.6616605647379386,0.44996885388280133,0.7538164388575784,0.7677100089371123,0.889466923490432,0.9404319791210914,0.906004940909792,0.640754893959001,0.5913710501309398,1.0,0.9366972296140552,0.9320953298654422,0,0.9400987092065228,0.6455409414220977,0.7439225004364626,0.5947327736173957,0.7229317267916321,0.9054752545674835,0.9699456769578145,0.5873086936328654,0.4546716766698042,0.5170365253438218,0.26091083196406795,0.6726700299488863,0.6664476884019972,0.809697673629371,0.5388414055171632,0,0,0.7535513364160874,0.7645707027534036,0.9646820548466724,0.8935947133595394,0.7684858707144041,0,0.8758845772713374,0.7770249991224445,0.7801433065664707,0.7764617810611428,0.9620214376254359,0.8625593321981828,0.6181167174474522,0.5458580353833539,0.6902665081176408,0.7785347412272188,0.7583411712583286,0.3399314855387727,0.735318878643594,0.9031716336241963,0
galician,0.8794214984322303,0.7740996431130996,0.5408838754359032,0.6290417095852693,0.7000920014519716,0.7819794960424284,0.8597825574879179,0.6124798251492717,0.40095251832007583,0.674059417914596,0.7139555432024889,0.8192596616827091,0.8675858326935633,0.8185917669240085,0.5584878345977881,0.4720890234240629,0.9366972296140552,1.0,0.8542624611744143,0,0.9007625351447516,0.6699224717295206,0.7324962013203072,0.5172452195466977,0.6311473330376934,0.8741111432775583,0.9529644237963892,0.5851413871780228,0.4183429732748568,0.441269192597341,0.12241122123459373,0.6175779904197298,0.5827884490314144,0.7338727794330238,0.4651012564232434,0,0,0.706169625333977,0.690576601453011,0.9536109172888788,0.8203508899488975,0.7065669061399374,0,0.835163328845901,0.7099632939581036,0.7284286504735847,0.6903808515832502,0.9085288758152879,0.7680119244439882,0.6546853606979777,0.5295066250434178,0.653241741220583,0.7269016858172526,0.7411454884102444,0.3184528052671692,0.6687137706218638,0.870241165502806,0
german,0.972210138907688,0.6871179932811136,0.7857690030621017,0.8358420028027348,0.8526970603361508,0.8579161503107593,0.9553665007230556,0.7330441914466835,0.5391857577404673,0.8536318096944382,0.8542809268846495,0.9507393880361338,0.983713607472974,0.9664867675440993,0.8023730209994457,0.7777834451459144,0.9320953298654422,0.8542624611744143,1.0,0,0.9617927109176605,0.607521925771037,0.7611550508612611,0.6601452231996897,0.8038752217962716,0.9225556201139833,0.9370663536606728,0.5589526462219223,0.6256131091497694,0.6448605147583196,0.3045750541673351,0.783669955494905,0.7382908371341701,0.8786495928015488,0.6970558526940354,0,0,0.7917065278771364,0.8287606802388978,0.8908626542379435,0.9495147383764854,0.8600144295892695,0,0.9109291766859544,0.8650854525641459,0.8735736517222435,0.875173623732586,0.9588747318330947,0.9390743918488191,0.6822328628500987,0.7249729837567291,0.7837650875301205,0.8602906980477896,0.7689749443553744,0.42005219336078864,0.780953283390128,0.9343292201913755,0
gothic,0.0,0.0,0.0,0.0,0.0,0.0,0.0,0.0,0.0,0.0,0.0,0.0,0.0,0.0,0.0,0.0,0.0,0.0,0.0,0,0.0,0.0,0.0,0.0,0.0,0.0,0.0,0.0,0.0,0.0,0.0,0.0,0.0,0.0,0.0,0,0,0.0,0.0,0.0,0.0,0.0,0,0.0,0.0,0.0,0.0,0.0,0.0,0.0,0.0,0.0,0.0,0.0,0.0,0.0,0.0,0
greek,0.954925625841299,0.7118791958672138,0.7264631131246954,0.7928855515253503,0.8214354144789643,0.8310763623501524,0.9251213612150359,0.6781400302690611,0.43722455422934375,0.8100574509846408,0.8305014487197693,0.9023168941511163,0.9534254256320124,0.9268855025598992,0.7299298667368604,0.6781155435653518,0.9400987092065228,0.9007625351447516,0.9617927109176605,0,1.0,0.6097801342501408,0.7161388558781017,0.6289625060997948,0.7212492453122734,0.9175598967925008,0.9560155602569008,0.499191794577505,0.5893440069604895,0.5660521317365936,0.26457392439534744,0.7752184061977807,0.7348261467653495,0.8657656534606964,0.6398222790389614,0,0,0.748150783217081,0.7931194356642817,0.9264922763204291,0.9070046729501237,0.8267372851316123,0,0.9020644970569852,0.8167114145091496,0.8376768580452003,0.8201403869527907,0.9421215169266499,0.8951824423091375,0.6947992411174888,0.6024713659858172,0.7481565541355037,0.8339822703435508,0.7271000069497175,0.4049166826470889,0.708492461054233,0.9309277902447878,0
hebrew,0.623286479142116,0.7271472347041839,0.6213896632609794,0.5796487696440581,0.6436494897489068,0.6518359780440176,0.614963174635619,0.5222879027004323,0.380375624437727,0.6530583257269796,0.6521965418747026,0.6637603939945612,0.6281603077999537,0.640429820232768,0.5800629231889386,0.5888556394320225,0.6455409414220977,0.6699224717295206,0.607521925771037,0,0.6097801342501408,1.0,0.5927427870230032,0.3441174559285127,0.6013660210128403,0.6061114452100548,0.7089673842964748,0.4642329765914914,0.5643035605155968,0.45825454458251613,0.2052330644226311,0.5668452976983701,0.5579054061636294,0.5698502895798943,0.5268033868348577,0,0,0.6594162824036932,0.6442953629437116,0.6619661657931323,0.6562618665245291,0.6474679070528404,0,0.5725345366380916,0.6558664004862296,0.6396125646692784,0.6579793677687005,0.6033366734945141,0.671351357124439,0.582436272584579,0.5466951138778591,0.6684626368333212,0.6532728002363696,0.5964704634328242,0.39148480644861555,0.5228393734013007,0.6061748743939432,0
hindi,0.8039533936364552,0.7721622408822241,0.6806767097940105,0.7283331175051074,0.8183252310636141,0.89383915383303,0.7973837119414854,0.7574673516900031,0.4983290926687688,0.8086074045812105,0.826375913563646,0.8371682662875846,0.8041729162499841,0.8405734216535655,0.7163657407901387,0.6114498568542269,0.7439225004364626,0.7324962013203072,0.7611550508612611,0,0.7161388558781017,0.5927427870230032,1.0,0.3953764134193997,0.901473049513277,0.7975010102636212,0.7886493828086119,0.8746485247553969,0.575437834422226,0.7248494644316974,0.29834212661865284,0.7290697963827937,0.7098625205754971,0.6591597961605034,0.5262158694648315,0,0,0.8168455675572706,0.8266668839687066,0.7455471580312097,0.8552883741697286,0.8432846282779258,0,0.7712821064159916,0.8341861971662394,0.8037786700234802,0.826469252958124,0.796659113605084,0.815452708727766,0.6823971585651394,0.6613264306096184,0.7449242949585083,0.8448782011073768,0.9389846997473364,0.38717708316124627,0.8227234528135512,0.8144760015730134,0
hungarian,0.6120180931209961,0.3343350781213881,0.5514422519720767,0.5786029685545108,0.5171711558152494,0.4596155203500845,0.6657430959559243,0.48944416358079923,0.38233822574221793,0.5220518963747096,0.48853801929049173,0.5909111808619228,0.6544419742599368,0.6336365218465181,0.5434131405135219,0.549654024623834,0.5947327736173957,0.5172452195466977,0.6601452231996897,0,0.6289625060997948,0.3441174559285127,0.3953764134193997,1.0,0.5173232347677115,0.5413763065138886,0.581664856047808,0.26035377147286143,0.38803682135155315,0.49796325112198886,0.2948178472637919,0.43710389993657717,0.4474556519240885,0.632383655506716,0.5047912675162742,0,0,0.4456760551557896,0.4833852355027526,0.5566060997604215,0.5914464144979906,0.49863660953358396,0,0.6298363814557792,0.5097711123193812,0.5192529210676731,0.524754703581464,0.6256422398174148,0.5904779033246883,0.3239276760716092,0.5102893441567686,0.5280804241520936,0.5048547356581158,0.38017578988987766,0.2369043944580415,0.5233794136674399,0.5867797535241756,0
indonesian,0.8029110910142294,0.6596570508632964,0.7939322563169349,0.7921681405274167,0.8262233287831858,0.8387035857469273,0.8289368528226458,0.8138699601181684,0.539968328250758,0.85509722394217,0.8355046259390828,0.854451392923663,0.8220875363650525,0.8919652158462771,0.7976032686060861,0.7791185206523081,0.7229317267916321,0.6311473330376934,0.8038752217962716,0,0.7212492453122734,0.6013660210128403,0.901473049513277,0.5173232347677115,1.0,0.7452483515536786,0.7435561948535439,0.7732648739247098,0.6299125558794999,0.8346273314509365,0.370218448940966,0.7360333076236106,0.7431950378603264,0.7263967521737517,0.6589168335463091,0,0,0.7962417621951329,0.8341716849268727,0.6813249175963554,0.866475178468442,0.8460087749544888,0,0.7412444939556717,0.854886481950559,0.825486096873486,0.8659229040650502,0.78718760714054,0.8687436204165918,0.6194069806791256,0.7576959861294043,0.7875715195883715,0.8377635226521103,0.8249915029802942,0.3906259465619625,0.8999373441725962,0.7804150308963431,0
irish,0.9175852279146192,0.8000696480212498,0.7177254115643594,0.8003085288359438,0.8485971748263134,0.880268797155691,0.8974452888272715,0.7542720434300044,0.5164633375946838,0.8264537970856314,0.8524199821126907,0.9177622853993247,0.9330388703184653,0.8983072152033356,0.7757851384319969,0.6918219469846277,0.9054752545674835,0.8741111432775583,0.9225556201139833,0,0.9175598967925008,0.6061114452100548,0.7975010102636212,0.5413763065138886,0.7452483515536786,1.0,0.9099833690801593,0.6029149135967815,0.609912971169705,0.5970483888019937,0.2547054372000894,0.8053949466476124,0.7559717558127274,0.8243844077320958,0.6088900989832959,0,0,0.825452142435735,0.8198109467476855,0.9026733552382545,0.9308808688594923,0.861576577893896,0,0.9069508603908536,0.8537953410828424,0.8746236267459223,0.8500941085795979,0.9273407792408256,0.9034021653189174,0.7723582573553011,0.6680641726109607,0.77891616864282,0.8679357327514569,0.7939038062401934,0.4966112477369285,0.7303198102691625,0.9398610543662185,0
italian,0.9390047447421094,0.7523519763410944,0.6851520642834855,0.7248530287139752,0.7885670536654444,0.8558828052759477,0.9187882558653465,0.6507272118070251,0.4375511564765695,0.7825961099872488,0.7993291630636844,0.9038633741256107,0.9485001764805652,0.9208670400667825,0.6711248872247999,0.6262725997308672,0.9699456769578145,0.9529644237963892,0.9370663536606728,0,0.9560155602569008,0.7089673842964748,0.7886493828086119,0.581664856047808,0.7435561948535439,0.9099833690801593,1.0,0.6236930443783318,0.5513857186461154,0.5288944356563069,0.2716601063921977,0.6974738865339911,0.6655111748584907,0.8205955226803104,0.5682869956790889,0,0,0.7863971542460395,0.7867298498571216,0.951164003103381,0.9078729256760681,0.8127308529343127,0,0.9139552415926298,0.8082468886595485,0.7923262468418036,0.8020448585454764,0.9547738428431725,0.8782698718098053,0.649698619766841,0.6032508734546398,0.7362446142155078,0.8109121903908849,0.8096994581843963,0.3405286340328482,0.7332118212965913,0.9082364535954248,0
japanese,0.5812638614007368,0.5603758957691566,0.5107052315291544,0.5378555485005924,0.5452354125598046,0.6714699200544989,0.6224850043346778,0.6068374848866761,0.32293318732179,0.5561677142610835,0.5573213346147189,0.6529167986379261,0.6174161455233448,0.6677878074345522,0.4584052739081124,0.4002810443869384,0.5873086936328654,0.5851413871780228,0.5589526462219223,0,0.499191794577505,0.4642329765914914,0.8746485247553969,0.26035377147286143,0.7732648739247098,0.6029149135967815,0.6236930443783318,1.0,0.37188505205280253,0.5803655202997842,0.1414968898439161,0.4199821809298517,0.41774212224866236,0.4585595295946511,0.3426589692517736,0,0,0.6455204374574819,0.5837399480748745,0.5597017434913051,0.6580673866546524,0.5932298380578741,0,0.5836197060906023,0.6410818397356512,0.52949344629915,0.6001039513522728,0.6422213367687889,0.5938051518084215,0.4385495574722889,0.5387499132036188,0.5384255765789908,0.5855293117795822,0.8834315597611117,0.19388285137906835,0.7035491349561894,0.6076734965166147,0
kazakh,0.6399884573311879,0.4991784512674501,0.893432132637923,0.7344455369208004,0.7523056619229043,0.6565630298913264,0.5888423888254354,0.4992922107591451,0.3073239180740428,0.7543646711474148,0.7379630188046737,0.6827022030455848,0.6368054593669714,0.6812657948047708,0.7122646487939017,0.8331950551174733,0.4546716766698042,0.4183429732748568,0.6256131091497694,0,0.5893440069604895,0.5643035605155968,0.575437834422226,0.38803682135155315,0.6299125558794999,0.609912971169705,0.5513857186461154,0.37188505205280253,1.0,0.5443417792234841,0.2289115991601177,0.6685961396145946,0.6515871517770556,0.7202586523764734,0.7097751425772132,0,0,0.7897608689288108,0.7136062426813107,0.40516528792547785,0.6698871295466113,0.7603715593598767,0,0.626028913419185,0.7249217245462481,0.6930157931022186,0.73575785385926,0.5339289552947771,0.7466962714165921,0.5316392753132205,0.7129457634632141,0.8628365091762015,0.7477382675775062,0.5741471847775774,0.6337795928741241,0.48999075215249455,0.6107285611728429,0
korean,0.6170936099073794,0.5846582908747974,0.6861107413381052,0.7919188719578076,0.7225188886873765,0.6443640277792841,0.6850098786199192,0.812790127939944,0.6149309606046853,0.7295847046222362,0.6967956351378698,0.6661121051774245,0.637229104789328,0.7000051570615655,0.8083620132042594,0.7332981597844946,0.5170365253438218,0.441269192597341,0.6448605147583196,0,0.5660521317365936,0.45825454458251613,0.7248494644316974,0.49796325112198886,0.8346273314509365,0.5970483888019937,0.5288944356563069,0.5803655202997842,0.5443417792234841,1.0,0.4261600552391021,0.7137222228565796,0.7049568714111287,0.6139229664599635,0.6217350715226466,0,0,0.5821774721919195,0.6910701494365518,0.5274184648866651,0.7069112113953103,0.6987458097119182,0,0.5540211329021343,0.7096945181488039,0.7354907113424117,0.7366432165974716,0.5987397006704755,0.6994397730472064,0.6503614489451608,0.7087948937122244,0.7139818243896602,0.7087259068700499,0.6057629830598887,0.47465816230903163,0.7540993905020821,0.6777152285990914,0
latin,0.30563546567079725,0.27531107143192735,0.3729255286142267,0.3575354135331049,0.35300364136308987,0.35553272739188074,0.2815219395583076,0.34555954092185437,0.5297450976454117,0.43114676130598667,0.37218863296532884,0.3578187241957812,0.32887354512555167,0.3339816075696605,0.4684544115596706,0.4299292429019377,0.26091083196406795,0.12241122123459373,0.3045750541673351,0,0.26457392439534744,0.2052330644226311,0.29834212661865284,0.2948178472637919,0.370218448940966,0.2547054372000894,0.2716601063921977,0.1414968898439161,0.2289115991601177,0.4261600552391021,1.0,0.36264606446587005,0.4404217395294531,0.30649350999192143,0.2300997139928678,0,0,0.3547590364998382,0.3491187760405009,0.26413726494816236,0.3656009641271874,0.3787212445028388,0,0.3854736402759976,0.3914993142079092,0.29263190865665356,0.42165010219210464,0.2918829927174793,0.40238777397513736,0.23406993398403597,0.23590042542226625,0.3460979851071924,0.33143913496023575,0.3295616078608945,0.10388253928448819,0.3452743000183228,0.32475472035977704,0
latvian,0.8040078411328321,0.8257728969574042,0.7768454386502482,0.8838533929362626,0.9285078266582529,0.8643418690040396,0.7490568721835875,0.7962205938289791,0.5600549020587676,0.9141735984846555,0.921880108259825,0.8122000143870979,0.7759712559867664,0.7861366307461746,0.9103878554004343,0.7717328284904391,0.6726700299488863,0.6175779904197298,0.783669955494905,0,0.7752184061977807,0.5668452976983701,0.7290697963827937,0.43710389993657717,0.7360333076236106,0.8053949466476124,0.6974738865339911,0.4199821809298517,0.6685961396145946,0.7137222228565796,0.36264606446587005,1.0,0.9361628440264522,0.7230043009856304,0.6883153144939042,0,0,0.7451512989201923,0.8750525879533555,0.7178475618162289,0.8682864751405198,0.9190898968205918,0,0.6866617156669614,0.8887319503126092,0.9409982018310501,0.9152503040011418,0.7118656991398843,0.8656175112467701,0.887958871590788,0.6418721384345506,0.7705169116367195,0.9207770488785525,0.6743228256464006,0.5936050945677018,0.6420141104178032,0.8490551080748229,0
lithuanian,0.7686698741579615,0.8128147378161868,0.7701847278292957,0.8486902672606034,0.914264659849968,0.859005206865425,0.7247724627738978,0.7805402483250364,0.5297839371838554,0.910932862846991,0.9245552663852984,0.7938059348791829,0.7475780580189724,0.7600821951272887,0.8737160792994924,0.7425790751707344,0.6664476884019972,0.5827884490314144,0.7382908371341701,0,0.7348261467653495,0.5579054061636294,0.7098625205754971,0.4474556519240885,0.7431950378603264,0.7559717558127274,0.6655111748584907,0.41774212224866236,0.6515871517770556,0.7049568714111287,0.4404217395294531,0.9361628440264522,1.0,0.6989933140003531,0.6770706022519933,0,0,0.7530191976993725,0.8847904749607434,0.6876093405906161,0.8419011322296659,0.8960985453820416,0,0.668546029875577,0.8745231824340114,0.913094110846325,0.9018420324078608,0.6813831996440135,0.8479265152968698,0.8250941753542872,0.6182883529014143,0.7607853943691816,0.9051696220948903,0.6582942959334536,0.5393712367425586,0.6216259578120086,0.8075685973399062,0
maltese,0.8669781518392439,0.5963852462498156,0.8246767066607537,0.7762247596987609,0.7872313201853638,0.7568935284952604,0.8619835743241663,0.6725159392570251,0.4583741378888654,0.7957309208764365,0.7846411192873086,0.8569453501397771,0.8862296470310741,0.8894151028667054,0.7336616364740073,0.7902358242689879,0.809697673629371,0.7338727794330238,0.8786495928015488,0,0.8657656534606964,0.5698502895798943,0.6591597961605034,0.632383655506716,0.7263967521737517,0.8243844077320958,0.8205955226803104,0.4585595295946511,0.7202586523764734,0.6139229664599635,0.30649350999192143,0.7230043009856304,0.6989933140003531,1.0,0.6979826334262506,0,0,0.7946359300733853,0.7701330495226365,0.7673254571781648,0.851344922706239,0.7797067917702966,0,0.8093940103715385,0.7909611468497566,0.7895615661364432,0.8000675312913378,0.8496122820952303,0.8793263371933682,0.6025558939221932,0.6606642215982457,0.83628671457406,0.789438853568387,0.6456850546167857,0.5301324084061245,0.6942936688225458,0.8442392255343544,0
marathi,0.715567087714075,0.5253321030563538,0.8052169459541892,0.770507157453682,0.7487256757314719,0.6481063520444126,0.6615801700197975,0.5917864828963885,0.6165201861749695,0.8006204132907933,0.7569277508211103,0.7461168084253578,0.7004686384529892,0.73785321408248,0.7389698113684033,0.7980983726425128,0.5388414055171632,0.4651012564232434,0.6970558526940354,0,0.6398222790389614,0.5268033868348577,0.5262158694648315,0.5047912675162742,0.6589168335463091,0.6088900989832959,0.5682869956790889,0.3426589692517736,0.7097751425772132,0.6217350715226466,0.2300997139928678,0.6883153144939042,0.6770706022519933,0.6979826334262506,1.0,0,0,0.6540485516272129,0.7169744401603892,0.49349446373145806,0.7138526598190548,0.689699256933255,0,0.5943376822850693,0.7768262313576183,0.7411345760767487,0.7500759410134907,0.6203878890057731,0.7602752812007779,0.6098778773186185,0.7863936956342117,0.7425179493921356,0.7161402693332257,0.510414532035813,0.4343479971521123,0.5908249936688009,0.6329755067101361,0
north_sami,0.0,0.0,0.0,0.0,0.0,0.0,0.0,0.0,0.0,0.0,0.0,0.0,0.0,0.0,0.0,0.0,0.0,0.0,0.0,0,0.0,0.0,0.0,0.0,0.0,0.0,0.0,0.0,0.0,0.0,0.0,0.0,0.0,0.0,0.0,0,0,0.0,0.0,0.0,0.0,0.0,0,0.0,0.0,0.0,0.0,0.0,0.0,0.0,0.0,0.0,0.0,0.0,0.0,0.0,0.0,0
old_church_slavonic,0.0,0.0,0.0,0.0,0.0,0.0,0.0,0.0,0.0,0.0,0.0,0.0,0.0,0.0,0.0,0.0,0.0,0.0,0.0,0,0.0,0.0,0.0,0.0,0.0,0.0,0.0,0.0,0.0,0.0,0.0,0.0,0.0,0.0,0.0,0,0,0.0,0.0,0.0,0.0,0.0,0,0.0,0.0,0.0,0.0,0.0,0.0,0.0,0.0,0.0,0.0,0.0,0.0,0.0,0.0,0
persian,0.8351704236244819,0.7203523176425174,0.8663522850195968,0.748225663022596,0.8371579706825081,0.8929443550803008,0.7998946930736444,0.6711775578781612,0.4996329555597748,0.8658049076484937,0.8666903288462042,0.8840829748275015,0.8397343224907675,0.8557842676971766,0.7451535454844536,0.7883651103279206,0.7535513364160874,0.706169625333977,0.7917065278771364,0,0.748150783217081,0.6594162824036932,0.8168455675572706,0.4456760551557896,0.7962417621951329,0.825452142435735,0.7863971542460395,0.6455204374574819,0.7897608689288108,0.5821774721919195,0.3547590364998382,0.7451512989201923,0.7530191976993725,0.7946359300733853,0.6540485516272129,0,0,1.0,0.8522492146117409,0.7276795442496744,0.8769103778274628,0.8544638898657261,0,0.7881343470282951,0.8716239042305293,0.8279400485581899,0.8685716228908187,0.7962563045620469,0.9068071806354585,0.6374793687480201,0.683470925997897,0.8891367233556255,0.8541480148308046,0.8294021505095119,0.607137428308447,0.7088864433317229,0.8256882214080693,0
polish,0.8626848685602565,0.781152938364002,0.8371689269095284,0.8445731094446557,0.9487958820948734,0.946641545844908,0.8483393244186995,0.7396066539171069,0.5359325517866826,0.9472714038816704,0.9581354562715386,0.8985964766869017,0.8544162321974443,0.8725268049470764,0.8538669457546705,0.7858828143795059,0.7645707027534036,0.690576601453011,0.8287606802388978,0,0.7931194356642817,0.6442953629437116,0.8266668839687066,0.4833852355027526,0.8341716849268727,0.8198109467476855,0.7867298498571216,0.5837399480748745,0.7136062426813107,0.6910701494365518,0.3491187760405009,0.8750525879533555,0.8847904749607434,0.7701330495226365,0.7169744401603892,0,0,0.8522492146117409,1.0,0.7447707801959418,0.922695282467759,0.93906828189772,0,0.7792487708956725,0.9344289738948945,0.9288073435941985,0.9458898548043112,0.8160226858764207,0.9242371081997561,0.7507612930778989,0.6847288395714499,0.8134317496258837,0.9497540061901297,0.8086559961030085,0.4929468773506162,0.7077496261823669,0.8602904928422337,0
portuguese,0.8894619693194208,0.8138548491084469,0.5769684391951082,0.6893768540120248,0.7622616792796738,0.829890039000418,0.8943813900092886,0.6999128677647036,0.4776088944039801,0.7405122395788869,0.7663730900401696,0.8566361766836699,0.9021535825641314,0.8535437857543711,0.6504368096013092,0.5349455116913313,0.9646820548466724,0.9536109172888788,0.8908626542379435,0,0.9264922763204291,0.6619661657931323,0.7455471580312097,0.5566060997604215,0.6813249175963554,0.9026733552382545,0.951164003103381,0.5597017434913051,0.40516528792547785,0.5274184648866651,0.26413726494816236,0.7178475618162289,0.6876093405906161,0.7673254571781648,0.49349446373145806,0,0,0.7276795442496744,0.7447707801959418,1.0,0.8696182780682397,0.7600414213457032,0,0.8318907003871557,0.7616607479125406,0.79687915401881,0.7593422273630636,0.9265901578545261,0.8293127478929271,0.7163299253395703,0.5034257088964008,0.6764640211473779,0.7824382291296235,0.7380189272199611,0.3992400783976684,0.6881807023756733,0.9085129866360309,0
romanian,0.9554730532469488,0.7922410813949137,0.8393929397062939,0.8854320226543514,0.9279171876024257,0.9497838654700661,0.9395855208386162,0.806998979267879,0.5686021036703877,0.9349671336026142,0.9339797051718445,0.9688090934661441,0.9666205481798807,0.9636073724470235,0.8630959546214777,0.8037192900454272,0.8935947133595394,0.8203508899488975,0.9495147383764854,0,0.9070046729501237,0.6562618665245291,0.8552883741697286,0.5914464144979906,0.866475178468442,0.9308808688594923,0.9078729256760681,0.6580673866546524,0.6698871295466113,0.7069112113953103,0.3656009641271874,0.8682864751405198,0.8419011322296659,0.851344922706239,0.7138526598190548,0,0,0.8769103778274628,0.922695282467759,0.8696182780682397,1.0,0.9415938972559841,0,0.8897839565143906,0.9468881658628129,0.9371382687680199,0.953866898055627,0.9349191796660368,0.9744161891036521,0.7597177483969764,0.7505624746062858,0.8235234301386046,0.9375359795449465,0.8519055577150562,0.4723498534550018,0.7963442738826566,0.9465826492612616,0
