,afrikaans,arabic,armenian,basque,belarusian,bulgarian,catalan,chinese,classical_chinese,croatian,czech,danish,dutch,english,estonian,finnish,french,galician,german,gothic,greek,hebrew,hindi,hungarian,indonesian,irish,italian,japanese,kazakh,korean,latin,latvian,lithuanian,maltese,marathi,north_sami,old_church_slavonic,persian,polish,portuguese,romanian,russian,sanskrit,scottish_gaelic,serbian,slovak,slovenian,spanish,swedish,tamil,telugu,turkish,ukrainian,urdu,uyghur,vietnamese,welsh,wolof
afrikaans,1.0,0.7288427360126931,0.6938824915499596,0.7339281094097597,0.8515145715120499,0.8930285640706177,0.8931259481106025,0.5792882363956345,0,0.8872849978900306,0.8902861268091536,0.9326196805279043,0.9264192324038963,0.9184937144591602,0.7474642594894182,0.6740683335697586,0.8502036532734226,0.8606745585632056,0.9107617001450596,0,0.8716936568271333,0.6079425997986958,0.6572216422189797,0.4869671310084138,0.7777101264875232,0.8646599461699545,0.873721104850206,0.643238318593572,0,0.43220571649895845,0.5817895105307334,0.7949054410202951,0.6597551898439935,0.7429003588104897,0.6361661024679685,0,0,0.8187431125273302,0.8412151816529153,0.8293715620901967,0.8888271149680264,0.8483404135060169,0,0.7679115370426387,0.8668692066587609,0.8753659845198394,0.8384344257297468,0.9070791647475049,0.894547126978147,0.6751816949073882,0,0.748534418955923,0.8286806316678454,0.5329889875461559,0,0.6557445151908601,0.8105412810567483,0
arabic,0.7288427360126931,1.0,0.5077707137982093,0.7157105827591728,0.8736584239591101,0.8518327419092152,0.6341755266775395,0.702323835074687,0,0.7683225386763824,0.8203944241789521,0.7858967485826768,0.6835901355547656,0.7068852173996348,0.6935951001909222,0.5222055269563923,0.7246784249332866,0.8147951693321953,0.7219268695218783,0,0.6779266086168385,0.7151234254538194,0.5596643431534052,0.2949582489175934,0.6138869945753457,0.6934727411287658,0.7626818370682663,0.5653464143654084,0,0.40801438780779076,0.6015489213956684,0.8045222569737052,0.7649811057482666,0.5424947245781803,0.3970188755389008,0,0,0.6625413653395712,0.7525879996308511,0.8379742956288114,0.8085454358161664,0.8323801902750986,0,0.5236994176763393,0.7371625432248055,0.8491927477164827,0.7210116336854483,0.679029891449747,0.7512177154967199,0.844072696211217,0,0.6168564910736394,0.8250265051080837,0.5104798596915662,0,0.5704512308531878,0.8105120680036626,0
armenian,0.6938824915499596,0.5077707137982093,1.0,0.7881919545872899,0.704337024661851,0.6348340456083785,0.6296696877786924,0.5817996035579792,0,0.8237822481363344,0.7802685068586945,0.7631512719419259,0.7108225653316222,0.7761646492110632,0.8006285273935938,0.9054034518878502,0.5418018889526991,0.5073165995247244,0.6674041896538015,0,0.6379688622410679,0.5941534121421621,0.492512681716455,0.5322630773893342,0.729620404766165,0.6365281224707615,0.5840452324639138,0.49283800342927714,0,0.5081912179776114,0.635988553763827,0.7572937116216945,0.6946668444614212,0.7985988751377027,0.6406839471498572,0,0,0.8404529762226689,0.787486482111503,0.5008583776530868,0.716565160868008,0.765900402813654,0,0.7074165354795083,0.8283714581334999,0.7467892349959863,0.801106502828055,0.6447039136006879,0.8035995570204739,0.6753278362994222,0,0.9192667031581219,0.7442510024392345,0.4996577355405285,0,0.6082493952697862,0.690952785032863,0
basque,0.7339281094097597,0.7157105827591728,0.7881919545872899,1.0,0.8500977507463336,0.7518962348654468,0.7062933060587885,0.7932938699822998,0,0.8994585178142639,0.854257483375156,0.8330681249373785,0.7473435822957067,0.7727832152481025,0.8802582972119083,0.8007417173603626,0.6454918613869277,0.6368166127284114,0.7638026952623611,0,0.7408271027228902,0.5264082168638206,0.5318335693071387,0.5357797684427686,0.7284826978107577,0.7325794819117205,0.6653233699011475,0.5434705457433141,0,0.637647101261708,0.6773257289742931,0.9154400189486135,0.84347043457209,0.7001834914518916,0.6719911083820392,0,0,0.6559445383049834,0.826713430550491,0.666986947377962,0.8338215425767928,0.8419162508630027,0,0.6727667783213257,0.8962236426197777,0.8415860051926106,0.8662679815742967,0.7110304465871993,0.7939184166197474,0.9043394473498659,0,0.7988248772898753,0.8684008439829514,0.603731991671955,0,0.6650059091346113,0.8162549603242948,0
belarusian,0.8515145715120499,0.8736584239591101,0.704337024661851,0.8500977507463336,1.0,0.9449183312945101,0.7198833162189888,0.7340450037896034,0,0.9231857710746686,0.9477875029182821,0.8976802821263274,0.8049416130681264,0.8365179560344315,0.846248601604991,0.7198398116446382,0.7611803445697668,0.7891728843889092,0.8500138830289287,0,0.7715429639520925,0.6100681784036127,0.6433777943578946,0.4415632996831494,0.7190247904787646,0.7863984033882822,0.7695622443753094,0.5952868807594898,0,0.5036899290144278,0.6843886046756189,0.9400084020540146,0.8571510457130642,0.6843701820971433,0.5770626388775223,0,0,0.7617295848623344,0.9103558241981097,0.8048044268513447,0.9038732292225087,0.9530357282331254,0,0.6591217549744658,0.888115885305578,0.9636967081746748,0.8594811208145493,0.7766178782903188,0.8788671920780061,0.8808545897055617,0,0.7694357911467289,0.9743734047565883,0.6130713564845263,0,0.6523691270057759,0.9212940774453139,0
bulgarian,0.8930285640706177,0.8518327419092152,0.6348340456083785,0.7518962348654468,0.9449183312945101,1.0,0.754669371890617,0.6317726637193033,0,0.8988990566811619,0.9198363573593775,0.8880959647437722,0.8184827415448724,0.8373874434198717,0.7517654522079285,0.6032541471532733,0.7712098597013954,0.7997147748753527,0.8174172101415792,0,0.7531304220640985,0.5832447798360276,0.6513166220833884,0.3635824359761008,0.7521545761566836,0.8145419656508269,0.7795356701493514,0.6196851277258486,0,0.42588852804899097,0.618447463849245,0.8467671159687848,0.7623897696735423,0.6267158203002794,0.5152094172808821,0,0,0.7895093249297382,0.8859238019475136,0.8368834236264775,0.8936116066022667,0.9063149391680856,0,0.685666872302312,0.8597242101887745,0.9247595185209471,0.8049132156821323,0.8001901260642649,0.8404242013987552,0.756566770214449,0,0.7263636302025562,0.9045637367005978,0.5625413637271732,0,0.6035665711625244,0.8577056299663118,0
catalan,0.8931259481106025,0.6341755266775395,0.6296696877786924,0.7062933060587885,0.7198833162189888,0.754669371890617,1.0,0.6017910433364525,0,0.7963825093413384,0.7893607259448036,0.8932568265675044,0.9619446029583583,0.9408573224742138,0.6376716940407037,0.5980689010445682,0.9186335917829499,0.8753784772874779,0.9252938928227535,0,0.9243772215784595,0.5552169478797814,0.6301350249740523,0.5735835995170697,0.7744549631225169,0.9010248056699532,0.9238338253452975,0.6806198806594904,0,0.4723724511351014,0.5442893956336554,0.7149776845838987,0.580649810132874,0.7845941856482759,0.5699195441623411,0,0,0.7502259790889688,0.7617206043770712,0.8664079691676814,0.8666081326505303,0.7509373338920533,0,0.7949773231184294,0.8019676768954085,0.7522963134739136,0.7564501117893746,0.9879075920353916,0.8548814061814,0.5881340567032206,0,0.7090309193275347,0.7042373329195102,0.5085674820468393,0,0.6960597011196004,0.7590027172336915,0
chinese,0.5792882363956345,0.702323835074687,0.5817996035579792,0.7932938699822998,0.7340450037896034,0.6317726637193033,0.6017910433364525,1.0,0,0.7230702065050012,0.7586106018798705,0.7213720189893853,0.6333945325229628,0.7088720427383167,0.7163590636039302,0.6440259792067649,0.6214316858894116,0.6064803732497972,0.669288678723505,0,0.6007786803709035,0.46595191424697396,0.6815145811496597,0.4686674890217079,0.6999435006036976,0.6360438423799637,0.5804287917136892,0.6170441678383207,0,0.7486209808715922,0.5807642967097784,0.8190681059842099,0.7935414359438063,0.6212600420779832,0.5735712070113687,0,0,0.5724949374876896,0.6906932397462227,0.6511190958404356,0.7681823139308045,0.7853817032974779,0,0.514966027434661,0.6882764344755693,0.7756790664582294,0.7277744162971197,0.6299423665003673,0.7177487427011008,0.8332179676823789,0,0.6713210268374733,0.7728680494403861,0.7483917414615874,0,0.7893001657730263,0.7479798532759717,0
classical_chinese,0.0,0.0,0.0,0.0,0.0,0.0,0.0,0.0,0,0.0,0.0,0.0,0.0,0.0,0.0,0.0,0.0,0.0,0.0,0,0.0,0.0,0.0,0.0,0.0,0.0,0.0,0.0,0,0.0,0.0,0.0,0.0,0.0,0.0,0,0,0.0,0.0,0.0,0.0,0.0,0,0.0,0.0,0.0,0.0,0.0,0.0,0.0,0,0.0,0.0,0.0,0,0.0,0.0,0
croatian,0.8872849978900306,0.7683225386763824,0.8237822481363344,0.8994585178142639,0.9231857710746686,0.8988990566811619,0.7963825093413384,0.7230702065050012,0,1.0,0.9539002671233764,0.9269253091665,0.8530453345487025,0.8923000745740388,0.8681775388564728,0.8156228930267981,0.7512719806313167,0.7280413045105817,0.8511658174037665,0,0.7818382774222907,0.6373979268793291,0.6454960182239858,0.5275365332764188,0.813445260754702,0.7938666571990536,0.7689706135523174,0.6408528311511599,0,0.581710371997683,0.7330930714680018,0.9240288093878348,0.8134516256144355,0.7706836566424966,0.707067705758576,0,0,0.8121657212094059,0.9383901404962111,0.7523655949410871,0.9045536164515356,0.9331066566932362,0,0.729157377291367,0.9605909620914747,0.9382450592986782,0.9242615191736802,0.8252787744311987,0.9068024725035362,0.8213364547168376,0,0.8316214121024347,0.9322267344681111,0.6100778967219534,0,0.7169812208971864,0.8570829934972181,0
czech,0.8902861268091536,0.8203944241789521,0.7802685068586945,0.854257483375156,0.9477875029182821,0.9198363573593775,0.7893607259448036,0.7586106018798705,0,0.9539002671233764,1.0,0.9396150350205557,0.8711215770893346,0.9094703091963803,0.8570122981545771,0.7803159387098743,0.8104064114529105,0.7844625278505234,0.8792806365926695,0,0.8090853172880353,0.647660977161929,0.6628415705850544,0.5336729925643433,0.8261715506923416,0.8235760993790356,0.8039681493819484,0.6156992857495134,0,0.5328996796914897,0.7295741885171243,0.9318057858230803,0.8910888494819009,0.7632214079579567,0.6818249688071841,0,0,0.827858656644546,0.9511322537250178,0.8124249711530163,0.9439226386207439,0.9730037062479836,0,0.7402280414829284,0.9199294710373443,0.9871261422482389,0.9051008499829519,0.8394163807772371,0.9294005539221589,0.8457781505046574,0,0.8194299827849745,0.94943734198247,0.6138634904630379,0,0.7259912676799107,0.8908313372418093,0
danish,0.9326196805279043,0.7858967485826768,0.7631512719419259,0.8330681249373785,0.8976802821263274,0.8880959647437722,0.8932568265675044,0.7213720189893853,0,0.9269253091665,0.9396150350205557,1.0,0.9529980557649023,0.9552872350691739,0.8425725441297404,0.764133584821498,0.8443467273883901,0.8337593801504297,0.9214984287406939,0,0.8665845531476716,0.6537736123500592,0.6732847682476039,0.5276031406532176,0.8456913535758053,0.9150185569315202,0.8648361722787811,0.6955665671304697,0,0.4864435953542574,0.6644518191425163,0.8744112684213452,0.7673844370415883,0.7949340160583462,0.656434464359245,0,0,0.8690553122682959,0.9010445931714574,0.8374359393449432,0.935250234408907,0.9186951877352051,0,0.8189463547950037,0.9350705152367367,0.9273794581961854,0.9016314407675663,0.9125165264116422,0.9525382563790008,0.7888269706972096,0,0.8142939278437596,0.8878981547217908,0.592867107354528,0,0.7160039165878238,0.881008955753736,0
dutch,0.9264192324038963,0.6835901355547656,0.7108225653316222,0.7473435822957067,0.8049416130681264,0.8184827415448724,0.9619446029583583,0.6333945325229628,0,0.8530453345487025,0.8711215770893346,0.9529980557649023,1.0,0.9721298619316547,0.7334160555949476,0.7005874741074289,0.9159529786383693,0.865598519603839,0.9546315971638204,0,0.9323568266087099,0.6108315441165156,0.6382780807651146,0.5820646187318956,0.8093002807310958,0.9307001508108748,0.9198361345347535,0.6387456015634135,0,0.4496832570274473,0.6087520071911118,0.7955947187711915,0.6698353124543089,0.8251732870268734,0.639474688121685,0,0,0.8317765981779769,0.8410843167147761,0.8673679519579547,0.9061536011325606,0.8344478319322622,0,0.8442862653641204,0.8531549784335675,0.8356854594110288,0.8030127718818619,0.9720472796771891,0.9259988721657217,0.6630493853898954,0,0.7801045078114134,0.7926860362197722,0.5291329397039669,0,0.6993609095582829,0.8208538043905713,0
english,0.9184937144591602,0.7068852173996348,0.7761646492110632,0.7727832152481025,0.8365179560344315,0.8373874434198717,0.9408573224742138,0.7088720427383167,0,0.8923000745740388,0.9094703091963803,0.9552872350691739,0.9721298619316547,1.0,0.7490012089032219,0.7441637536880419,0.9042487866566367,0.858381728702842,0.9430899925314147,0,0.8974092766260837,0.6484035375874163,0.7364157428020452,0.6012179311381584,0.8512759477109598,0.9048835310078479,0.9055555427341908,0.725734379638602,0,0.5510763448814638,0.6586944338785554,0.833417905179732,0.726388463719336,0.8536325045827275,0.6485228247744308,0,0,0.8740663994067339,0.8877680108465913,0.8591379953393724,0.9277139925337291,0.8845922078958208,0,0.814979581658105,0.8849646006882679,0.8790779309209066,0.8451748708006678,0.9632972596310023,0.9479535108205702,0.694262015588687,0,0.8305229741986306,0.8351985170993773,0.6311828205467405,0,0.7903070841983467,0.8501546965186227,0
estonian,0.7474642594894182,0.6935951001909222,0.8006285273935938,0.8802582972119083,0.846248601604991,0.7517654522079285,0.6376716940407037,0.7163590636039302,0,0.8681775388564728,0.8570122981545771,0.8425725441297404,0.7334160555949476,0.7490012089032219,1.0,0.8198579710947741,0.5546922711635398,0.5764079881980105,0.7224322752828183,0,0.7025844098032057,0.5563309431923511,0.5417568966241335,0.4633977093326568,0.8051409018902582,0.7320239461839212,0.6071219577956073,0.4645905113135058,0,0.5560655343068841,0.671449535633074,0.8676908049551724,0.8031678345266464,0.669577173851777,0.6448514749511792,0,0,0.7024273556716151,0.8139748182783453,0.5616714427992604,0.7811978426471926,0.8607067504093749,0,0.759348975920934,0.8776807807833753,0.854252310212173,0.8516867039630144,0.6630625107412111,0.7948874787065128,0.8539219788379556,0,0.8456074598524578,0.8577121358940671,0.5613754942328176,0,0.6256717693398445,0.7821712976999434,0
finnish,0.6740683335697586,0.5222055269563923,0.9054034518878502,0.8007417173603626,0.7198398116446382,0.6032541471532733,0.5980689010445682,0.6440259792067649,0,0.8156228930267981,0.7803159387098743,0.764133584821498,0.7005874741074289,0.7441637536880419,0.8198579710947741,1.0,0.5447677818370888,0.48856057004668374,0.7180288396907687,0,0.6239440910824983,0.6039831523584872,0.49161744840176763,0.5584860121145326,0.6680909929197454,0.6114643718601694,0.5775136234880546,0.42819885900425586,0,0.5703638935647074,0.6401013858380206,0.8133998949424295,0.6841186198840445,0.8144144250355424,0.7616128512868344,0,0,0.7791120070104297,0.7678740279574248,0.47166579443986734,0.6798207807502725,0.7534066181992264,0,0.6203973603359936,0.7948014962146946,0.751862428436796,0.8051921282177291,0.6261889782513723,0.8373036618928714,0.7271489388785307,0,0.8686264761188571,0.782756063262539,0.5134344675586124,0,0.639366409489988,0.7279492736855948,0
french,0.8502036532734226,0.7246784249332866,0.5418018889526991,0.6454918613869277,0.7611803445697668,0.7712098597013954,0.9186335917829499,0.6214316858894116,0,0.7512719806313167,0.8104064114529105,0.8443467273883901,0.9159529786383693,0.9042487866566367,0.5546922711635398,0.5447677818370888,1.0,0.9393707322149863,0.9424768765856929,0,0.9281716053995283,0.5999749702664625,0.5907265442203188,0.5814751088481505,0.6577864004984461,0.8380692322146336,0.9611420391349264,0.5815676792042359,0,0.3886976608400188,0.5406654455875992,0.7516767803529588,0.6678884160049667,0.7624038473878563,0.5547337022356672,0,0,0.7025840694418185,0.7562808735993128,0.9518017569882828,0.8850427745599075,0.778838519781945,0,0.6672164669119341,0.7149187349428395,0.792287391364941,0.7026996161075757,0.9435734164965457,0.8479468119106994,0.6301610588341487,0,0.6306813766460716,0.7465132160756226,0.4818544350948798,0,0.6462555434646826,0.8002808237775545,0
galician,0.8606745585632056,0.8147951693321953,0.5073165995247244,0.6368166127284114,0.7891728843889092,0.7997147748753527,0.8753784772874779,0.6064803732497972,0,0.7280413045105817,0.7844625278505234,0.8337593801504297,0.865598519603839,0.858381728702842,0.5764079881980105,0.48856057004668374,0.9393707322149863,1.0,0.893083289028775,0,0.8997656663422358,0.6682089214516457,0.5967194359909471,0.48018638042891865,0.6355870799836785,0.8358207327859867,0.9557409161869864,0.6083575150139491,0,0.3628549022373711,0.45251721094368264,0.7379205727961337,0.6372897760656012,0.6793584069790108,0.4622780755236995,0,0,0.6961584691993008,0.7270240839873157,0.9585000268839207,0.8616293171143016,0.7712697449340218,0,0.6513934585953792,0.7141736291845633,0.7911971765850798,0.6953934996122308,0.8987406597751294,0.798747677236094,0.6852568624115907,0,0.6207186627283331,0.7508189252942634,0.48914695332836133,0,0.6134530562440803,0.8012065790404923,0
german,0.9107617001450596,0.7219268695218783,0.6674041896538015,0.7638026952623611,0.8500138830289287,0.8174172101415792,0.9252938928227535,0.669288678723505,0,0.8511658174037665,0.8792806365926695,0.9214984287406939,0.9546315971638204,0.9430899925314147,0.7224322752828183,0.7180288396907687,0.9424768765856929,0.893083289028775,1.0,0,0.944303431393427,0.6003475871816191,0.6320198294847852,0.6141109617168983,0.7253613105250977,0.8731700936125762,0.9395540630632515,0.5989512821075466,0,0.468891692647271,0.6256823376701541,0.8539702461958151,0.7131206317711465,0.8254988768291366,0.6432753820650217,0,0,0.7641402506652674,0.8290036394510861,0.8847969658029399,0.9113422602038199,0.855564575610418,0,0.7319065898020493,0.8278556776358607,0.8595274428594106,0.8171432530275411,0.949594935666663,0.9332090765699104,0.7172258079910899,0,0.7355320811346759,0.8482918364593708,0.5355375122324514,0,0.6957489300557989,0.8874320048981773,0
gothic,0.0,0.0,0.0,0.0,0.0,0.0,0.0,0.0,0,0.0,0.0,0.0,0.0,0.0,0.0,0.0,0.0,0.0,0.0,0,0.0,0.0,0.0,0.0,0.0,0.0,0.0,0.0,0,0.0,0.0,0.0,0.0,0.0,0.0,0,0,0.0,0.0,0.0,0.0,0.0,0,0.0,0.0,0.0,0.0,0.0,0.0,0.0,0,0.0,0.0,0.0,0,0.0,0.0,0
greek,0.8716936568271333,0.6779266086168385,0.6379688622410679,0.7408271027228902,0.7715429639520925,0.7531304220640985,0.9243772215784595,0.6007786803709035,0,0.7818382774222907,0.8090853172880353,0.8665845531476716,0.9323568266087099,0.8974092766260837,0.7025844098032057,0.6239440910824983,0.9281716053995283,0.8997656663422358,0.944303431393427,0,1.0,0.5738515708171488,0.5561461421974244,0.605485220573065,0.6837157900847263,0.8568997827268963,0.9457638642766286,0.49988005803784674,0,0.4243389876354812,0.5600175124876517,0.7807790754285465,0.6705334274299639,0.78258576544602,0.6089312136150832,0,0,0.685651060800517,0.7457228997627656,0.883482463840421,0.8674790692091258,0.7689726680662756,0,0.757121149362072,0.7667799320358147,0.7848455102121742,0.7384133850947413,0.9299103842508794,0.8341080167256426,0.6877726447025838,0,0.7235508296925196,0.7635937432288369,0.48771503621003826,0,0.6146915152763878,0.7817115306417453,0
hebrew,0.6079425997986958,0.7151234254538194,0.5941534121421621,0.5264082168638206,0.6100681784036127,0.5832447798360276,0.5552169478797814,0.46595191424697396,0,0.6373979268793291,0.647660977161929,0.6537736123500592,0.6108315441165156,0.6484035375874163,0.5563309431923511,0.6039831523584872,0.5999749702664625,0.6682089214516457,0.6003475871816191,0,0.5738515708171488,1.0,0.47510824527662826,0.3678066500311496,0.5734831424744848,0.5680318318160787,0.7097262604404233,0.4898522118431678,0,0.3403779236053945,0.4723780498728079,0.5943663119143596,0.5151069752386386,0.5745597854936606,0.4527137456595425,0,0,0.6635676177007909,0.6514656788625448,0.6404184007006514,0.604427590273542,0.6434746869385365,0,0.5280463868699723,0.6359263140870732,0.6339951632366239,0.6172005165812502,0.5891034284868275,0.6761007561308492,0.6132503743989924,0,0.6341914764551457,0.615986019594317,0.4056862073555059,0,0.5157146007549965,0.61050691096404,0
hindi,0.6572216422189797,0.5596643431534052,0.492512681716455,0.5318335693071387,0.6433777943578946,0.6513166220833884,0.6301350249740523,0.6815145811496597,0,0.6454960182239858,0.6628415705850544,0.6732847682476039,0.6382780807651146,0.7364157428020452,0.5417568966241335,0.49161744840176763,0.5907265442203188,0.5967194359909471,0.6320198294847852,0,0.5561461421974244,0.47510824527662826,1.0,0.3257428206032293,0.6986568361531762,0.6186286654923627,0.6071589846626071,0.8557594245321909,0,0.7458693470001861,0.4385431329824346,0.5961960821229,0.5337604078085562,0.5297325802616725,0.42898281807747185,0,0,0.6194332141392009,0.6490850117661633,0.5888173708558297,0.6588436899964064,0.6620763103686643,0,0.5423166289698927,0.6453016366003909,0.6628602323776316,0.6240279957546677,0.6509067192556569,0.6558380026896308,0.5060689188926963,0,0.6374534755924163,0.6342675498083867,0.893256419556694,0,0.8265661112730613,0.6270721927064757,0
hungarian,0.4869671310084138,0.2949582489175934,0.5322630773893342,0.5357797684427686,0.4415632996831494,0.3635824359761008,0.5735835995170697,0.4686674890217079,0,0.5275365332764188,0.5336729925643433,0.5276031406532176,0.5820646187318956,0.6012179311381584,0.4633977093326568,0.5584860121145326,0.5814751088481505,0.48018638042891865,0.6141109617168983,0,0.605485220573065,0.3678066500311496,0.3257428206032293,1.0,0.4833203673015275,0.5197128540389273,0.5493520661582778,0.27472536368481304,0,0.3779051408011307,0.4430694567258467,0.5639476771139437,0.4994341992156605,0.6254633971364014,0.5850905450512764,0,0,0.43539070897557614,0.5304061252024387,0.4782550958908619,0.5483446207325542,0.5060031428261351,0,0.4938545668194979,0.5024855309630608,0.5003176270687287,0.494845170394087,0.5889855553248441,0.5726876064865349,0.43359095166720424,0,0.5385308467000229,0.504110043574742,0.3791923912995648,0,0.4805928386476799,0.5190172633992628,0
indonesian,0.7777101264875232,0.6138869945753457,0.729620404766165,0.7284826978107577,0.7190247904787646,0.7521545761566836,0.7744549631225169,0.6999435006036976,0,0.813445260754702,0.8261715506923416,0.8456913535758053,0.8093002807310958,0.8512759477109598,0.8051409018902582,0.6680909929197454,0.6577864004984461,0.6355870799836785,0.7253613105250977,0,0.6837157900847263,0.5734831424744848,0.6986568361531762,0.4833203673015275,1.0,0.8380987061236803,0.6739210169570187,0.691248504277812,0,0.5913527399045699,0.5683241809019285,0.722114773784645,0.7075399019793953,0.6550336731347306,0.5551173331126998,0,0,0.7831014092076093,0.8189780441814754,0.6621606908175176,0.8279364204918072,0.8343211356376402,0,0.8640556544270663,0.8553936002101016,0.7895299331469267,0.7907491718974821,0.7888739536143592,0.7929035628424344,0.6357064186799826,0,0.8282102759192312,0.7249732995352105,0.6305580479269379,0,0.7491998077485943,0.7346205198766619,0
irish,0.8646599461699545,0.6934727411287658,0.6365281224707615,0.7325794819117205,0.7863984033882822,0.8145419656508269,0.9010248056699532,0.6360438423799637,0,0.7938666571990536,0.8235760993790356,0.9150185569315202,0.9307001508108748,0.9048835310078479,0.7320239461839212,0.6114643718601694,0.8380692322146336,0.8358207327859867,0.8731700936125762,0,0.8568997827268963,0.5680318318160787,0.6186286654923627,0.5197128540389273,0.8380987061236803,1.0,0.8464917163379811,0.6373191479839111,0,0.43037327514411944,0.5388450001948701,0.757218650756967,0.6708273081355443,0.7189535943183303,0.5555188233954073,0,0,0.7863887300308208,0.8079347900793573,0.8348274381005523,0.8661496991376605,0.8043686091885973,0,0.8966089116459675,0.8310989751965459,0.7990646551363539,0.7401729990599385,0.909046101902479,0.8438711356746202,0.658808585371142,0,0.7623324397555787,0.7651051737169314,0.5471646809940456,0,0.6558707318756147,0.8257025255907612,0
italian,0.873721104850206,0.7626818370682663,0.5840452324639138,0.6653233699011475,0.7695622443753094,0.7795356701493514,0.9238338253452975,0.5804287917136892,0,0.7689706135523174,0.8039681493819484,0.8648361722787811,0.9198361345347535,0.9055555427341908,0.6071219577956073,0.5775136234880546,0.9611420391349264,0.9557409161869864,0.9395540630632515,0,0.9457638642766286,0.7097262604404233,0.6071589846626071,0.5493520661582778,0.6739210169570187,0.8464917163379811,1.0,0.6151884835405337,0,0.3894603740590788,0.5519171380678263,0.7441985454441901,0.6285388865049178,0.7583289474949687,0.5239664825459133,0,0,0.7260441226311108,0.7574896077071521,0.9420435215295382,0.8714368616899592,0.7783515555236925,0,0.7044003947286916,0.761022870277134,0.7839328143440586,0.7414355742032397,0.937592445094946,0.8559292455996292,0.6575286860972307,0,0.6677288585854063,0.7492413108794591,0.47531477875715733,0,0.6334489038919865,0.8055116381629078,0
japanese,0.643238318593572,0.5653464143654084,0.49283800342927714,0.5434705457433141,0.5952868807594898,0.6196851277258486,0.6806198806594904,0.6170441678383207,0,0.6408528311511599,0.6156992857495134,0.6955665671304697,0.6387456015634135,0.725734379638602,0.4645905113135058,0.42819885900425586,0.5815676792042359,0.6083575150139491,0.5989512821075466,0,0.49988005803784674,0.4898522118431678,0.8557594245321909,0.27472536368481304,0.691248504277812,0.6373191479839111,0.6151884835405337,1.0,0,0.610408181849004,0.38967321493213697,0.52248575665906,0.48055417234322045,0.49374926783222906,0.2578676217333735,0,0,0.6441192278322704,0.6311274124859658,0.6018438583976854,0.6823618554431591,0.6438440234784318,0,0.5499041275045428,0.709470852893947,0.6197603533044961,0.69228711054815,0.6666976641428602,0.6635071188324311,0.47320233149368135,0,0.5435607790051133,0.5633116764198587,0.7444349508386885,0,0.7444298064376483,0.6405087850856344,0
kazakh,0.0,0.0,0.0,0.0,0.0,0.0,0.0,0.0,0,0.0,0.0,0.0,0.0,0.0,0.0,0.0,0.0,0.0,0.0,0,0.0,0.0,0.0,0.0,0.0,0.0,0.0,0.0,0,0.0,0.0,0.0,0.0,0.0,0.0,0,0,0.0,0.0,0.0,0.0,0.0,0,0.0,0.0,0.0,0.0,0.0,0.0,0.0,0,0.0,0.0,0.0,0,0.0,0.0,0
korean,0.43220571649895845,0.40801438780779076,0.5081912179776114,0.637647101261708,0.5036899290144278,0.42588852804899097,0.4723724511351014,0.7486209808715922,0,0.581710371997683,0.5328996796914897,0.4864435953542574,0.4496832570274473,0.5510763448814638,0.5560655343068841,0.5703638935647074,0.3886976608400188,0.3628549022373711,0.468891692647271,0,0.4243389876354812,0.3403779236053945,0.7458693470001861,0.3779051408011307,0.5913527399045699,0.43037327514411944,0.3894603740590788,0.610408181849004,0,1.0,0.5098986133094122,0.5897284257556954,0.526883072250602,0.5034258216640445,0.498653680444842,0,0,0.4128748894215607,0.5282882513414574,0.3687764785477146,0.4991207403062097,0.5198337284722968,0,0.3940383645269798,0.5436554392201064,0.5131117771971849,0.5402332839981044,0.47619846682728945,0.5058069977004868,0.5681273102010116,0,0.6380262021243802,0.5446539916544755,0.8155781034276077,0,0.7758812151174046,0.48186993648219206,0
latin,0.5817895105307334,0.6015489213956684,0.635988553763827,0.6773257289742931,0.6843886046756189,0.618447463849245,0.5442893956336554,0.5807642967097784,0,0.7330930714680018,0.7295741885171243,0.6644518191425163,0.6087520071911118,0.6586944338785554,0.671449535633074,0.6401013858380206,0.5406654455875992,0.45251721094368264,0.6256823376701541,0,0.5600175124876517,0.4723780498728079,0.4385431329824346,0.4430694567258467,0.5683241809019285,0.5388450001948701,0.5519171380678263,0.38967321493213697,0,0.5098986133094122,1.0,0.7143167382269211,0.6843867315458366,0.6586501993476711,0.5151494910067009,0,0,0.6173171990810746,0.7115581200199232,0.5173996093967855,0.6684741961851138,0.7155414784974723,0,0.5073448783601848,0.6921225890023416,0.7108530262137598,0.6810100819702892,0.5885651469009022,0.7243513372939967,0.6286240602789365,0,0.6261765631143799,0.6866250850942595,0.396914239089941,0,0.5589624833322379,0.6564501855057459,0
latvian,0.7949054410202951,0.8045222569737052,0.7572937116216945,0.9154400189486135,0.9400084020540146,0.8467671159687848,0.7149776845838987,0.8190681059842099,0,0.9240288093878348,0.9318057858230803,0.8744112684213452,0.7955947187711915,0.833417905179732,0.8676908049551724,0.8133998949424295,0.7516767803529588,0.7379205727961337,0.8539702461958151,0,0.7807790754285465,0.5943663119143596,0.5961960821229,0.5639476771139437,0.722114773784645,0.757218650756967,0.7441985454441901,0.52248575665906,0,0.5897284257556954,0.7143167382269211,1.0,0.8885708778256834,0.7603067243113627,0.7066895308318243,0,0,0.7155316319491324,0.8959918666530503,0.7552155602929069,0.8865165143653185,0.9301001979670214,0,0.6476424553162843,0.8738257598764614,0.9337857991476669,0.8564717489190459,0.7646780692468632,0.8752982198944749,0.9125814784136009,0,0.7985321122902825,0.9621518971649536,0.6166766107414681,0,0.6928358411332366,0.8916420472990934,0
lithuanian,0.6597551898439935,0.7649811057482666,0.6946668444614212,0.84347043457209,0.8571510457130642,0.7623897696735423,0.580649810132874,0.7935414359438063,0,0.8134516256144355,0.8910888494819009,0.7673844370415883,0.6698353124543089,0.726388463719336,0.8031678345266464,0.6841186198840445,0.6678884160049667,0.6372897760656012,0.7131206317711465,0,0.6705334274299639,0.5151069752386386,0.5337604078085562,0.4994341992156605,0.7075399019793953,0.6708273081355443,0.6285388865049178,0.48055417234322045,0,0.526883072250602,0.6843867315458366,0.8885708778256834,1.0,0.6298095370797128,0.5672624476756069,0,0,0.6380577189286871,0.830977646663884,0.6935151229757087,0.8531564029980468,0.8896838760565354,0,0.603930191177392,0.8006977045165972,0.8966143382594737,0.803720999901755,0.6352534913798006,0.758774750094533,0.8769282927709247,0,0.7320505194992816,0.869957046610549,0.5873371684309143,0,0.6094935542873974,0.8239154499308539,0
maltese,0.7429003588104897,0.5424947245781803,0.7985988751377027,0.7001834914518916,0.6843701820971433,0.6267158203002794,0.7845941856482759,0.6212600420779832,0,0.7706836566424966,0.7632214079579567,0.7949340160583462,0.8251732870268734,0.8536325045827275,0.669577173851777,0.8144144250355424,0.7624038473878563,0.6793584069790108,0.8254988768291366,0,0.78258576544602,0.5745597854936606,0.5297325802616725,0.6254633971364014,0.6550336731347306,0.7189535943183303,0.7583289474949687,0.49374926783222906,0,0.5034258216640445,0.6586501993476711,0.7603067243113627,0.6298095370797128,1.0,0.6848321587543165,0,0,0.7927575157680639,0.7417511230732978,0.6651599419483565,0.7533990969125243,0.7252215840138537,0,0.6590246711455586,0.7357626833986676,0.7353729059638817,0.7301836227476985,0.8064806545801927,0.8624039313896542,0.6173055760537769,0,0.7997261419102476,0.71999027528542,0.4875313706112164,0,0.6743873228553199,0.7295773057034398,0
marathi,0.6361661024679685,0.3970188755389008,0.6406839471498572,0.6719911083820392,0.5770626388775223,0.5152094172808821,0.5699195441623411,0.5735712070113687,0,0.707067705758576,0.6818249688071841,0.656434464359245,0.639474688121685,0.6485228247744308,0.6448514749511792,0.7616128512868344,0.5547337022356672,0.4622780755236995,0.6432753820650217,0,0.6089312136150832,0.4527137456595425,0.42898281807747185,0.5850905450512764,0.5551173331126998,0.5555188233954073,0.5239664825459133,0.2578676217333735,0,0.498653680444842,0.5151494910067009,0.7066895308318243,0.5672624476756069,0.6848321587543165,1.0,0,0,0.5676456757147899,0.6438297419602419,0.4612081650617104,0.5899121721866973,0.6013703521430682,0,0.5267994560777056,0.6113186735416045,0.6593219341430027,0.6267846879999175,0.5962086955348269,0.6692963000818822,0.5936101913865376,0,0.6643330436152464,0.6614054948463057,0.48490414738065246,0,0.5535475127916221,0.5142189871025449,0
north_sami,0.0,0.0,0.0,0.0,0.0,0.0,0.0,0.0,0,0.0,0.0,0.0,0.0,0.0,0.0,0.0,0.0,0.0,0.0,0,0.0,0.0,0.0,0.0,0.0,0.0,0.0,0.0,0,0.0,0.0,0.0,0.0,0.0,0.0,0,0,0.0,0.0,0.0,0.0,0.0,0,0.0,0.0,0.0,0.0,0.0,0.0,0.0,0,0.0,0.0,0.0,0,0.0,0.0,0
old_church_slavonic,0.0,0.0,0.0,0.0,0.0,0.0,0.0,0.0,0,0.0,0.0,0.0,0.0,0.0,0.0,0.0,0.0,0.0,0.0,0,0.0,0.0,0.0,0.0,0.0,0.0,0.0,0.0,0,0.0,0.0,0.0,0.0,0.0,0.0,0,0,0.0,0.0,0.0,0.0,0.0,0,0.0,0.0,0.0,0.0,0.0,0.0,0.0,0,0.0,0.0,0.0,0,0.0,0.0,0
persian,0.8187431125273302,0.6625413653395712,0.8404529762226689,0.6559445383049834,0.7617295848623344,0.7895093249297382,0.7502259790889688,0.5724949374876896,0,0.8121657212094059,0.827858656644546,0.8690553122682959,0.8317765981779769,0.8740663994067339,0.7024273556716151,0.7791120070104297,0.7025840694418185,0.6961584691993008,0.7641402506652674,0,0.685651060800517,0.6635676177007909,0.6194332141392009,0.43539070897557614,0.7831014092076093,0.7863887300308208,0.7260441226311108,0.6441192278322704,0,0.4128748894215607,0.6173171990810746,0.7155316319491324,0.6380577189286871,0.7927575157680639,0.5676456757147899,0,0,1.0,0.8154269922081495,0.6936727341574589,0.8044545371503796,0.8136562226354632,0,0.7492380032773133,0.8232343487456611,0.8141201478037267,0.7893659260270247,0.7823866377862595,0.8967589134560414,0.6080295438414621,0,0.8546595650325843,0.7498773113521151,0.5121473027852858,0,0.6504696257723644,0.779016960058275,0
polish,0.8412151816529153,0.7525879996308511,0.787486482111503,0.826713430550491,0.9103558241981097,0.8859238019475136,0.7617206043770712,0.6906932397462227,0,0.9383901404962111,0.9511322537250178,0.9010445931714574,0.8410843167147761,0.8877680108465913,0.8139748182783453,0.7678740279574248,0.7562808735993128,0.7270240839873157,0.8290036394510861,0,0.7457228997627656,0.6514656788625448,0.6490850117661633,0.5304061252024387,0.8189780441814754,0.8079347900793573,0.7574896077071521,0.6311274124859658,0,0.5282882513414574,0.7115581200199232,0.8959918666530503,0.830977646663884,0.7417511230732978,0.6438297419602419,0,0,0.8154269922081495,1.0,0.7557437914561272,0.8882974240022041,0.9308024399874825,0,0.7460792153929744,0.9171131550904315,0.9282385046683519,0.8546758236962896,0.8138960156082945,0.8911157234575304,0.7770308667262753,0,0.8162643462869648,0.9123997958364415,0.6024373038071542,0,0.6979539302822179,0.8587035391396066,0
portuguese,0.8293715620901967,0.8379742956288114,0.5008583776530868,0.666986947377962,0.8048044268513447,0.8368834236264775,0.8664079691676814,0.6511190958404356,0,0.7523655949410871,0.8124249711530163,0.8374359393449432,0.8673679519579547,0.8591379953393724,0.5616714427992604,0.47166579443986734,0.9518017569882828,0.9585000268839207,0.8847969658029399,0,0.883482463840421,0.6404184007006514,0.5888173708558297,0.4782550958908619,0.6621606908175176,0.8348274381005523,0.9420435215295382,0.6018438583976854,0,0.3687764785477146,0.5173996093967855,0.7552155602929069,0.6935151229757087,0.6651599419483565,0.4612081650617104,0,0,0.6936727341574589,0.7557437914561272,1.0,0.9009210405661607,0.8024050499959448,0,0.6419848494405449,0.7248092228176893,0.8118032889506337,0.6998340710668657,0.8927857191147979,0.8044720183889448,0.7014831990686151,0,0.6172545218871575,0.7685040245781805,0.4958251314160579,0,0.6008573617916778,0.8165982420174678,0
romanian,0.8888271149680264,0.8085454358161664,0.716565160868008,0.8338215425767928,0.9038732292225087,0.8936116066022667,0.8666081326505303,0.7681823139308045,0,0.9045536164515356,0.9439226386207439,0.935250234408907,0.9061536011325606,0.9277139925337291,0.7811978426471926,0.6798207807502725,0.8850427745599075,0.8616293171143016,0.9113422602038199,0,0.8674790692091258,0.604427590273542,0.6588436899964064,0.5483446207325542,0.8279364204918072,0.8661496991376605,0.8714368616899592,0.6823618554431591,0,0.4991207403062097,0.6684741961851138,0.8865165143653185,0.8531564029980468,0.7533990969125243,0.5899121721866973,0,0,0.8044545371503796,0.8882974240022041,0.9009210405661607,1.0,0.9529516317542286,0,0.7673804650810001,0.9024797688420861,0.943726737177642,0.9028490050694485,0.8962956734164934,0.9155202127251387,0.8098857534987568,0,0.7654552719731574,0.8878447880111404,0.5889603791383371,0,0.7066240345115234,0.9071216833890472,0
russian,0.8483404135060169,0.8323801902750986,0.765900402813654,0.8419162508630027,0.9530357282331254,0.9063149391680856,0.7509373338920533,0.7853817032974779,0,0.9331066566932362,0.9730037062479836,0.9186951877352051,0.8344478319322622,0.8845922078958208,0.8607067504093749,0.7534066181992264,0.778838519781945,0.7712697449340218,0.855564575610418,0,0.7689726680662756,0.6434746869385365,0.6620763103686643,0.5060031428261351,0.8343211356376402,0.8043686091885973,0.7783515555236925,0.6438440234784318,0,0.5198337284722968,0.7155414784974723,0.9301001979670214,0.8896838760565354,0.7252215840138537,0.6013703521430682,0,0,0.8136562226354632,0.9308024399874825,0.8024050499959448,0.9529516317542286,1.0,0,0.7311193872317893,0.9167889080974655,0.9768396127955857,0.9125125477516979,0.8066039842530489,0.9170281062072473,0.8541561560362599,0,0.7953129505750103,0.9485926201609757,0.6066452113621282,0,0.7134381933179759,0.9223873463655304,0
sanskrit,0.0,0.0,0.0,0.0,0.0,0.0,0.0,0.0,0,0.0,0.0,0.0,0.0,0.0,0.0,0.0,0.0,0.0,0.0,0,0.0,0.0,0.0,0.0,0.0,0.0,0.0,0.0,0,0.0,0.0,0.0,0.0,0.0,0.0,0,0,0.0,0.0,0.0,0.0,0.0,0,0.0,0.0,0.0,0.0,0.0,0.0,0.0,0,0.0,0.0,0.0,0,0.0,0.0,0
scottish_gaelic,0.7679115370426387,0.5236994176763393,0.7074165354795083,0.6727667783213257,0.6591217549744658,0.685666872302312,0.7949773231184294,0.514966027434661,0,0.729157377291367,0.7402280414829284,0.8189463547950037,0.8442862653641204,0.814979581658105,0.759348975920934,0.6203973603359936,0.6672164669119341,0.6513934585953792,0.7319065898020493,0,0.757121149362072,0.5280463868699723,0.5423166289698927,0.4938545668194979,0.8640556544270663,0.8966089116459675,0.7044003947286916,0.5499041275045428,0,0.3940383645269798,0.5073448783601848,0.6476424553162843,0.603930191177392,0.6590246711455586,0.5267994560777056,0,0,0.7492380032773133,0.7460792153929744,0.6419848494405449,0.7673804650810001,0.7311193872317893,0,1.0,0.7933836334579241,0.6995680965429261,0.6938902418839886,0.7923840412061753,0.7537268314925568,0.549867366840013,0,0.7832165173317877,0.6523017733869855,0.47648831307960876,0,0.581991189412906,0.6909359587680033,0
serbian,0.8668692066587609,0.7371625432248055,0.8283714581334999,0.8962236426197777,0.888115885305578,0.8597242101887745,0.8019676768954085,0.6882764344755693,0,0.9605909620914747,0.9199294710373443,0.9350705152367367,0.8531549784335675,0.8849646006882679,0.8776807807833753,0.7948014962146946,0.7149187349428395,0.7141736291845633,0.8278556776358607,0,0.7667799320358147,0.6359263140870732,0.6453016366003909,0.5024855309630608,0.8553936002101016,0.8310989751965459,0.761022870277134,0.709470852893947,0,0.5436554392201064,0.6921225890023416,0.8738257598764614,0.8006977045165972,0.7357626833986676,0.6113186735416045,0,0,0.8232343487456611,0.9171131550904315,0.7248092228176893,0.9024797688420861,0.9167889080974655,0,0.7933836334579241,1.0,0.9028537144018188,0.9476219884725703,0.815113272587025,0.8918491751580834,0.7981659722590339,0,0.8318095123846415,0.8828067434452218,0.5928515391692316,0,0.6902619437594231,0.8666538011369617,0
slovak,0.8753659845198394,0.8491927477164827,0.7467892349959863,0.8415860051926106,0.9636967081746748,0.9247595185209471,0.7522963134739136,0.7756790664582294,0,0.9382450592986782,0.9871261422482389,0.9273794581961854,0.8356854594110288,0.8790779309209066,0.854252310212173,0.751862428436796,0.792287391364941,0.7911971765850798,0.8595274428594106,0,0.7848455102121742,0.6339951632366239,0.6628602323776316,0.5003176270687287,0.7895299331469267,0.7990646551363539,0.7839328143440586,0.6197603533044961,0,0.5131117771971849,0.7108530262137598,0.9337857991476669,0.8966143382594737,0.7353729059638817,0.6593219341430027,0,0,0.8141201478037267,0.9282385046683519,0.8118032889506337,0.943726737177642,0.9768396127955857,0,0.6995680965429261,0.9028537144018188,1.0,0.9088353374632056,0.807906267133887,0.9162462163091134,0.8693064547750731,0,0.789448725975103,0.9591789618807931,0.6252703870031465,0,0.6991827968320856,0.9065510357543655,0
