,afrikaans,arabic,armenian,basque,belarusian,bulgarian,catalan,chinese,classical_chinese,croatian,czech,danish,dutch,english,estonian,finnish,french,galician,german,gothic,greek,hebrew,hindi,hungarian,indonesian,irish,italian,japanese,kazakh,korean,latin,latvian,lithuanian,maltese,marathi,north_sami,old_church_slavonic,persian,polish,portuguese,romanian,russian,sanskrit,scottish_gaelic,serbian,slovak,slovenian,spanish,swedish,tamil,telugu,turkish,ukrainian,urdu,uyghur,vietnamese,welsh,wolof
afrikaans,1.0,0.6094400681103412,0.745208947750491,0.7035847991295728,0.7727439914372082,0.8245413771900006,0.8537718651257676,0.5473271225811666,0,0.8058313484905288,0.8518234712702225,0.8415868719860196,0.8914500537449164,0.875739821237561,0.683773017746579,0.6381938668863467,0.7708446057296671,0.7503197380157486,0.8047280040617839,0,0.8298936202391219,0.5153210021724991,0,0.5370333084545895,0.8608228437342794,0.879654245218712,0.7847972060926084,0.5036141231305571,0,0.41062789858088133,0.3382052497172842,0.7093194704243755,0.6619371232886726,0.7088060155678025,0.6537079991860665,0,0,0.7713341368542125,0.8259821037959687,0.7824212206060672,0.8214850197081683,0.7809629923039648,0,0.8639001197527103,0.8362568251553837,0.7936275900388908,0.739991615991378,0.8637844072213624,0.7862585410155503,0.5653174243017802,0,0.7746273502982802,0.7686892760112829,0.44001048098193046,0,0.5931624543816464,0.7182741664276359,0
arabic,0.6094400681103412,1.0,0.4574235027408254,0.7502400524438286,0.7620010793761826,0.8512389061806782,0.66084359790423,0.6788542118507098,0,0.7941144163605853,0.8204976078104761,0.738968717795708,0.678600801021279,0.720955290378721,0.728147423875931,0.5407778163169465,0.7336780700994752,0.7794117544966207,0.7342971370007202,0,0.715948762673105,0.7145663905091165,0,0.32653065955958543,0.6109741399594835,0.7565113821749865,0.7763051682556749,0.5825174242378555,0,0.40347025984428797,0.3929607590013531,0.7833846699209515,0.7841909209377331,0.5517140997137766,0.38953530240926326,0,0,0.6731483494066116,0.7833247377313611,0.8221328439552343,0.7986069875903425,0.8497554466853048,0,0.468468025870263,0.7714665491802052,0.8520842960973032,0.7678635793588131,0.696728644963135,0.7536145136852133,0.8840797479776075,0,0.6022840618579985,0.8489525685217381,0.42915799406546623,0,0.5756361436615758,0.8067738542053098,0
armenian,0.745208947750491,0.4574235027408254,1.0,0.7486495683532687,0.8427838042451419,0.654223587699468,0.5996115176585595,0.597332535045118,0,0.785694050013052,0.7794758427059248,0.7255101545185488,0.6856397533521927,0.7131645206990724,0.7432512114139077,0.8194859259286986,0.511675796694116,0.4393248559427938,0.5868663763801113,0,0.6045980932167835,0.4875048673232802,0,0.5880711075505354,0.8097577145177759,0.7321500012421408,0.5272817747604884,0.3728834172935262,0,0.4999326083154283,0.5069110073066205,0.7404146859962359,0.7583583309660176,0.7112041212167269,0.7752317969035478,0,0,0.7245852118213666,0.7903628718663216,0.5054523298187997,0.659081071176746,0.7426968500599418,0,0.7566376526815818,0.7912050017297135,0.737105365444858,0.7008163169682786,0.6184329020219868,0.7142528014991578,0.5082539452628148,0,0.8501442589476567,0.714267572263765,0.4293141909084665,0,0.5756765527952389,0.5984441321663854,0
basque,0.7035847991295728,0.7502400524438286,0.7486495683532687,1.0,0.8383374505626012,0.7997040945712633,0.7330162561558636,0.7839401363774021,0,0.9101530077626201,0.8468597147693963,0.8258478929479036,0.7555334415028998,0.7684418095772884,0.8407244054893045,0.8041107617117207,0.6446723900326882,0.6511139741109995,0.7478475810653783,0,0.7536458773654644,0.48989984271373826,0,0.5215333796040156,0.7545122329524326,0.7958069273866345,0.6749859640949424,0.5597072726819843,0,0.6041285928867989,0.41741276472579275,0.8705090971039698,0.859164550886106,0.7174927949423557,0.7075396103784533,0,0,0.6714144648930539,0.826537202896624,0.6826627829121781,0.8244614876220784,0.8623210865101575,0,0.647321599348107,0.9206174306466214,0.8567153203169589,0.8708589508855218,0.7143966384299805,0.7890033851647367,0.8621792970153312,0,0.7924037375837331,0.8610958746012208,0.510169985834806,0,0.6548021938574553,0.7897423349544471,0
belarusian,0.7727439914372082,0.7620010793761826,0.8427838042451419,0.8383374505626012,1.0,0.8995421375703464,0.7171225830396467,0.7478102723911143,0,0.932025677160808,0.9371716958893576,0.8506985849123274,0.7834939297158015,0.8298895559257292,0.8273025734716026,0.7927284352256748,0.7378317438064057,0.6825301973007023,0.8072232695788107,0,0.7487462136455733,0.5910152496977373,0,0.5748879227626611,0.7772865481693622,0.8657374784463331,0.7280382065294849,0.5245227533202819,0,0.5226435365636078,0.5210872733556977,0.920138625641866,0.8811504148878682,0.7367739733651404,0.7607022779007684,0,0,0.7512638757357872,0.9342625333786828,0.7534473757364708,0.8315624892866715,0.9382873860000543,0,0.6303030667420401,0.8660432912687146,0.945772207904301,0.8565874440075784,0.7612327399864434,0.8701385359096666,0.7613493445574906,0,0.7661821207341502,0.9524662250681744,0.5226194692314832,0,0.6762109532768729,0.8348959744535968,0
bulgarian,0.8245413771900006,0.8512389061806782,0.654223587699468,0.7997040945712633,0.8995421375703464,1.0,0.8052248510935526,0.6827441534818588,0,0.936507376073226,0.9477545642293498,0.8784003524474392,0.8394999382653973,0.8764129905595386,0.7845792866123941,0.6729051917139788,0.8045243322944615,0.778025945909593,0.8468280785777159,0,0.7796088402312275,0.5949692465583962,0,0.45394240180114875,0.7804054660054758,0.8844190884947544,0.8020787055191245,0.6383411979977125,0,0.4569037427413945,0.4209669847433938,0.8380699014358884,0.7841559640607451,0.6920561034475603,0.6264237042300034,0,0,0.82178292955295,0.9251140665432513,0.8456446850179654,0.9032777428544613,0.9340141465658094,0,0.6291081900357133,0.8861777685294383,0.9440155415932572,0.8865840793121654,0.8369175712187501,0.8871046205015268,0.7765896020992342,0,0.7127299908520406,0.9349714931204617,0.5020247044637599,0,0.6719776954955725,0.8689870292827901,0
catalan,0.8537718651257676,0.66084359790423,0.5996115176585595,0.7330162561558636,0.7171225830396467,0.8052248510935526,1.0,0.6159881103856042,0,0.8120540378589638,0.8091898920924319,0.899065479384008,0.9628582279547885,0.9526421704231611,0.57629608951892,0.6202457986647029,0.9229550943743478,0.8968424126846914,0.9094999335460848,0,0.8944987830240237,0.5208382292867985,0,0.5991237224529395,0.7996455352963147,0.9105811875460117,0.9213012216544116,0.6514724730367304,0,0.45703935296727105,0.3279997589756859,0.6759236726600365,0.6154873206183196,0.8086645622046472,0.6126892067280308,0,0,0.7327109522297428,0.7957367007746643,0.8988464987020459,0.9097280672454432,0.7694638491844671,0,0.7560793445176619,0.8251724681948389,0.7830040792646448,0.7889011435353304,0.9850640626073678,0.8182170391231297,0.5786022448724859,0,0.688837283428172,0.7617944104834061,0.43589029379002725,0,0.6899322765367302,0.7811641161357902,0
chinese,0.5473271225811666,0.6788542118507098,0.597332535045118,0.7839401363774021,0.7478102723911143,0.6827441534818588,0.6159881103856042,1.0,0,0.7138371040164981,0.7309069545205754,0.7127633982881024,0.649558971026166,0.7195820458335086,0.6999462859223265,0.6850463192187195,0.6388113162074531,0.605956551673445,0.6729559331155521,0,0.6223710374547464,0.4433196434794772,0,0.5142913941503255,0.7290391689406628,0.709939681499583,0.5982707166030738,0.6186432924387648,0,0.7353096101741023,0.3485165231222135,0.8158283482293027,0.8057947921541998,0.6642255881936869,0.6166385526587549,0,0,0.587705347892138,0.7038791635521346,0.6588420645149695,0.7331841534102529,0.7850577910756024,0,0.5088782578906316,0.7163522083269397,0.7913772672771855,0.742939958158439,0.633347851148724,0.7348451245088139,0.7632105871499598,0,0.6864299856230194,0.7643680478276051,0.6756489781148308,0,0.8061367993694,0.7878262666508277,0
classical_chinese,0.0,0.0,0.0,0.0,0.0,0.0,0.0,0.0,0,0.0,0.0,0.0,0.0,0.0,0.0,0.0,0.0,0.0,0.0,0,0.0,0.0,0,0.0,0.0,0.0,0.0,0.0,0,0.0,0.0,0.0,0.0,0.0,0.0,0,0,0.0,0.0,0.0,0.0,0.0,0,0.0,0.0,0.0,0.0,0.0,0.0,0.0,0,0.0,0.0,0.0,0,0.0,0.0,0
croatian,0.8058313484905288,0.7941144163605853,0.785694050013052,0.9101530077626201,0.932025677160808,0.936507376073226,0.8120540378589638,0.7138371040164981,0,1.0,0.9511333658536901,0.9185743678400415,0.8433361755444451,0.8776298548338729,0.8359026430700469,0.8164273125504672,0.747517532860166,0.7223678194593179,0.8341756446081582,0,0.772370200626449,0.6017013056916556,0,0.5286519101123429,0.8119127124958151,0.8817322560181349,0.7715715300891017,0.6427635057860132,0,0.5518558492598065,0.49168366879699094,0.8757849438969789,0.8194339453731752,0.7711487090888827,0.7339859168104479,0,0,0.807819184479764,0.9359377210543396,0.762684339263172,0.8882267850074724,0.9388018867847658,0,0.663673789664825,0.9545527442605225,0.9386197371050582,0.9390943863225388,0.8226373480497328,0.8978010491347592,0.7818531361522473,0,0.7917165491268994,0.9399453753391803,0.5192150601080737,0,0.711294075697554,0.8374239037285058,0
czech,0.8518234712702225,0.8204976078104761,0.7794758427059248,0.8468597147693963,0.9371716958893576,0.9477545642293498,0.8091898920924319,0.7309069545205754,0,0.9511333658536901,1.0,0.9188937661559655,0.8623389291888144,0.9020182740657103,0.8572848560343711,0.7809249989986644,0.7920267713779056,0.7557961484995712,0.8510340039371572,0,0.8111515087346487,0.6182854223057477,0,0.5277028205525098,0.8495684779210082,0.9073560049015632,0.8013343232457537,0.6028272795448507,0,0.49941175997717224,0.464690973640197,0.8796109530324611,0.869452614683434,0.7578851255495915,0.6814360512664852,0,0,0.8320498814807417,0.957428500029177,0.8051501248543591,0.9070620173921994,0.9655763755406193,0,0.7134517389310847,0.9192580126192423,0.9807299369495037,0.9114489684314357,0.8463236671290402,0.9165829776512547,0.7906263030086563,0,0.8022918263111398,0.9509884340484677,0.49921361629528277,0,0.7140741553653663,0.8573984139918891,0
danish,0.8415868719860196,0.738968717795708,0.7255101545185488,0.8258478929479036,0.8506985849123274,0.8784003524474392,0.899065479384008,0.7127633982881024,0,0.9185743678400415,0.9188937661559655,1.0,0.9484248141764472,0.9530704580014184,0.7312798434233267,0.8276960140988874,0.8415188894796589,0.8104804105322436,0.9015068518577816,0,0.8261667263382869,0.6174501877808346,0,0.6006083581838415,0.8464377115837998,0.9458707559059149,0.8558834877157413,0.64624067225831,0,0.4760953216514709,0.4061558916361559,0.8252436614167318,0.7461909547283773,0.8515618743031776,0.7230728892241516,0,0,0.842553708678317,0.8961013674642857,0.8140159901090115,0.9020185237987076,0.9027068496316477,0,0.7397719816333302,0.9221350463700809,0.9072402388404299,0.9000017240100231,0.9111684334969469,0.9390967908401932,0.6959828796709036,0,0.8017181036105134,0.8843604590513217,0.46465440266935476,0,0.74485350717648,0.8356429169585127,0
dutch,0.8914500537449164,0.678600801021279,0.6856397533521927,0.7555334415028998,0.7834939297158015,0.8394999382653973,0.9628582279547885,0.649558971026166,0,0.8433361755444451,0.8623389291888144,0.9484248141764472,1.0,0.9733440254218981,0.6506686621179169,0.7322728776593388,0.9122572172694355,0.8707103950653687,0.9335945500600769,0,0.9046325331755287,0.5652212541856831,0,0.6250939753350022,0.8405608630868685,0.9571556695100466,0.9113244741721689,0.5996586775710173,0,0.4518327480803424,0.3819026626974902,0.7521238320837257,0.6796531760501121,0.8562741214702219,0.6893318188000039,0,0,0.81375867487964,0.8456139472529546,0.8805732216337205,0.9106718924257834,0.8331020396905818,0,0.8055444487563699,0.8620720699574753,0.8382977144642985,0.817535496496114,0.9685802195689934,0.8919487893170515,0.6209689555156147,0,0.779756365264476,0.8140589665757489,0.44309302701785463,0,0.7052016702653888,0.8155360347884675,0
english,0.875739821237561,0.720955290378721,0.7131645206990724,0.7684418095772884,0.8298895559257292,0.8764129905595386,0.9526421704231611,0.7195820458335086,0,0.8776298548338729,0.9020182740657103,0.9530704580014184,0.9733440254218981,1.0,0.678891864296838,0.7428977238697911,0.9076203364465673,0.8656415248377773,0.9211376793645979,0,0.8753344324662294,0.5953174788532064,0,0.6162173750817108,0.8742359553721227,0.9579787456978435,0.9071809866108643,0.7124222736156269,0,0.5510691753183375,0.40383105939897385,0.776035241632863,0.724876731901319,0.8613306686458817,0.6710700684807439,0,0,0.8485600946780134,0.8844078634256517,0.8830791314282092,0.9304471651424242,0.8732497381189659,0,0.7633192585951785,0.8757787474097745,0.8822339009835799,0.8515906488018933,0.9731622149849175,0.9119991315361897,0.6394105819311598,0,0.803175593996671,0.8547404763251087,0.560149398496478,0,0.7964867623051061,0.8400393406750123,0
estonian,0.683773017746579,0.728147423875931,0.7432512114139077,0.8407244054893045,0.8273025734716026,0.7845792866123941,0.57629608951892,0.6999462859223265,0,0.8359026430700469,0.8572848560343711,0.7312798434233267,0.6506686621179169,0.678891864296838,1.0,0.7379986165507741,0.5459679501494655,0.5366167046967469,0.6658442483329778,0,0.7120987539132114,0.47513093655104727,0,0.43293310155849096,0.7312357607160879,0.7116638901119393,0.5785000027448602,0.39748196499748667,0,0.5055611769452462,0.5788381637315239,0.8432930952731621,0.8574345707788259,0.6122236229693033,0.6268291132751391,0,0,0.6935323324766464,0.7811787755387067,0.5951627585553568,0.7446707785241305,0.877817027340586,0,0.6352251778772839,0.831528423657075,0.8467053497262974,0.8011991310339066,0.6046144209541727,0.7856862421605348,0.8293963640157216,0,0.7824778211702752,0.8314443993462467,0.4336551969804901,0,0.5888256487736584,0.7001934113439822,0
finnish,0.6381938668863467,0.5407778163169465,0.8194859259286986,0.8041107617117207,0.7927284352256748,0.6729051917139788,0.6202457986647029,0.6850463192187195,0,0.8164273125504672,0.7809249989986644,0.8276960140988874,0.7322728776593388,0.7428977238697911,0.7379986165507741,1.0,0.5580314476437302,0.5182739486186891,0.7031397460846893,0,0.6146291868556379,0.5527911071894706,0,0.5949239061442771,0.7309171444782387,0.758307769910213,0.5911582745263004,0.41836896852230204,0,0.5561034926822357,0.4386237079235185,0.8130328760480015,0.7194138017113152,0.8322355891490043,0.7888916166672667,0,0,0.7661116219738215,0.7765274028949191,0.501470249243975,0.6663183467499043,0.7891943577122243,0,0.5944245589226678,0.8029693398972911,0.7709382576149841,0.790622724601938,0.6362000349130702,0.8491810186874543,0.6376464159409062,0,0.8696899221292498,0.7816536933811211,0.4235809323538006,0,0.6719667714448075,0.6908431017367394,0
french,0.7708446057296671,0.7336780700994752,0.511675796694116,0.6446723900326882,0.7378317438064057,0.8045243322944615,0.9229550943743478,0.6388113162074531,0,0.747517532860166,0.7920267713779056,0.8415188894796589,0.9122572172694355,0.9076203364465673,0.5459679501494655,0.5580314476437302,1.0,0.9526648818480759,0.9350198562404937,0,0.9078219999625387,0.5820338317134055,0,0.6007918208482901,0.6835053448790293,0.8846867911724395,0.9616262365979462,0.5745548338341735,0,0.3844358506413204,0.32593019424805775,0.7126181955067606,0.6639130941488419,0.7788059273274415,0.5993865680576342,0,0,0.6814644103408087,0.7653911573104935,0.9636180829864885,0.8928848169190606,0.7763635765353097,0,0.6083467464495296,0.718173900110002,0.8102196337801443,0.7484348349072515,0.936465908509202,0.8225973666930475,0.6216131084715877,0,0.5986835132137012,0.7792009629017607,0.42308030833201765,0,0.6658283801837158,0.8287880282348281,0
galician,0.7503197380157486,0.7794117544966207,0.4393248559427938,0.6511139741109995,0.6825301973007023,0.778025945909593,0.8968424126846914,0.605956551673445,0,0.7223678194593179,0.7557961484995712,0.8104804105322436,0.8707103950653687,0.8656415248377773,0.5366167046967469,0.5182739486186891,0.9526648818480759,1.0,0.9017390791460901,0,0.9088808354090324,0.6218109531026214,0,0.5414857467212324,0.6214162192711764,0.8432585847830831,0.9626855888488964,0.555693043263739,0,0.35927858327045786,0.22412694093377353,0.6810493953582548,0.6206729077544654,0.7295476645257741,0.5183260103347495,0,0,0.645281343663289,0.7220036668106784,0.9586319973711642,0.8593495056928436,0.7443284257864411,0,0.5603381253427602,0.6983791058571677,0.778059691220252,0.718437239507943,0.9004766654443682,0.7731519206162358,0.6795601588077274,0,0.5851216940602556,0.7601617300866697,0.41272204696203457,0,0.6181465271424135,0.7891041089264615,0
german,0.8047280040617839,0.7342971370007202,0.5868663763801113,0.7478475810653783,0.8072232695788107,0.8468280785777159,0.9094999335460848,0.6729559331155521,0,0.8341756446081582,0.8510340039371572,0.9015068518577816,0.9335945500600769,0.9211376793645979,0.6658442483329778,0.7031397460846893,0.9350198562404937,0.9017390791460901,1.0,0,0.9192884499040197,0.5660354683709551,0,0.6127091495647844,0.7203624614158542,0.9248378514429395,0.939982905774193,0.5787301757923102,0,0.4313322866411847,0.3518249486806897,0.8362003477703932,0.7079326688878546,0.8220100036874027,0.6423564744421567,0,0,0.7281797146898131,0.8193728440306989,0.8982233550075556,0.9051388044680203,0.8675004042630566,0,0.6503026430380267,0.8065738800442052,0.8565065400453387,0.8406009628677131,0.9276947708927649,0.9171683885237765,0.6974199708795158,0,0.6928191823799379,0.8813942916103321,0.4532328892476812,0,0.6767636062926965,0.8827848580796658,0
gothic,0.0,0.0,0.0,0.0,0.0,0.0,0.0,0.0,0,0.0,0.0,0.0,0.0,0.0,0.0,0.0,0.0,0.0,0.0,0,0.0,0.0,0,0.0,0.0,0.0,0.0,0.0,0,0.0,0.0,0.0,0.0,0.0,0.0,0,0,0.0,0.0,0.0,0.0,0.0,0,0.0,0.0,0.0,0.0,0.0,0.0,0.0,0,0.0,0.0,0.0,0,0.0,0.0,0
greek,0.8298936202391219,0.715948762673105,0.6045980932167835,0.7536458773654644,0.7487462136455733,0.7796088402312275,0.8944987830240237,0.6223710374547464,0,0.772370200626449,0.8111515087346487,0.8261667263382869,0.9046325331755287,0.8753344324662294,0.7120987539132114,0.6146291868556379,0.9078219999625387,0.9088808354090324,0.9192884499040197,0,1.0,0.519563284909488,0,0.5956970755364953,0.699687999056948,0.8717900239793466,0.9215055322632765,0.45372535200966535,0,0.41896038727854884,0.38220838732523665,0.7640155977251744,0.7190941386052259,0.7677015483945864,0.6280515091983504,0,0,0.6605912287535399,0.7549289139211881,0.9106184817019273,0.8676840390701382,0.7929236066714653,0,0.7079686411168364,0.7682116662467418,0.8051659580925561,0.7400851389781354,0.8978637356081843,0.8002776570911008,0.7206683199633557,0,0.7050885641822815,0.7967629554622254,0.42895401516340803,0,0.6087243332662752,0.7754665994415851,0
hebrew,0.5153210021724991,0.7145663905091165,0.4875048673232802,0.48989984271373826,0.5910152496977373,0.5949692465583962,0.5208382292867985,0.4433196434794772,0,0.6017013056916556,0.6182854223057477,0.6174501877808346,0.5652212541856831,0.5953174788532064,0.47513093655104727,0.5527911071894706,0.5820338317134055,0.6218109531026214,0.5660354683709551,0,0.519563284909488,1.0,0,0.3478955453253356,0.5297406326005263,0.6006268157609318,0.6894079987108886,0.43875452190326064,0,0.2916441158758969,0.28890262084427915,0.5550381964229681,0.4916419277527278,0.5317054776879154,0.4226194823977786,0,0,0.5995778328967645,0.6079173582557975,0.6135598156975477,0.5663792924178117,0.6164440658513177,0,0.4245309415105722,0.5779574350004087,0.6045108829302437,0.596697827175558,0.5569229870938274,0.6368782248574949,0.5468196771673511,0,0.5485400788174827,0.6084885776315653,0.30780405655011306,0,0.4751819328436959,0.5841206144002442,0
hindi,0.0,0.0,0.0,0.0,0.0,0.0,0.0,0.0,0,0.0,0.0,0.0,0.0,0.0,0.0,0.0,0.0,0.0,0.0,0,0.0,0.0,0,0.0,0.0,0.0,0.0,0.0,0,0.0,0.0,0.0,0.0,0.0,0.0,0,0,0.0,0.0,0.0,0.0,0.0,0,0.0,0.0,0.0,0.0,0.0,0.0,0.0,0,0.0,0.0,0.0,0,0.0,0.0,0
hungarian,0.5370333084545895,0.32653065955958543,0.5880711075505354,0.5215333796040156,0.5748879227626611,0.45394240180114875,0.5991237224529395,0.5142913941503255,0,0.5286519101123429,0.5277028205525098,0.6006083581838415,0.6250939753350022,0.6162173750817108,0.43293310155849096,0.5949239061442771,0.6007918208482901,0.5414857467212324,0.6127091495647844,0,0.5956970755364953,0.3478955453253356,0,1.0,0.5553291433034809,0.6194034905151796,0.5717480968442233,0.28888978062940324,0,0.3723035355929306,0.32969562297694593,0.5653863703306312,0.5197853904008262,0.6594697267781039,0.6425307178795961,0,0,0.4474062789246393,0.5436282145164055,0.5283456085271945,0.5543495992234057,0.5259044247654119,0,0.5035943061634344,0.5292605550589846,0.5380922886653989,0.5031595199345219,0.5999181517045122,0.5944860366195198,0.34731622321522937,0,0.5441735872302995,0.5220679002482187,0.32876507323813925,0,0.5147839295760491,0.4961257403052897,0
indonesian,0.8608228437342794,0.6109741399594835,0.8097577145177759,0.7545122329524326,0.7772865481693622,0.7804054660054758,0.7996455352963147,0.7290391689406628,0,0.8119127124958151,0.8495684779210082,0.8464377115837998,0.8405608630868685,0.8742359553721227,0.7312357607160879,0.7309171444782387,0.6835053448790293,0.6214162192711764,0.7203624614158542,0,0.699687999056948,0.5297406326005263,0,0.5553291433034809,1.0,0.8600610626200725,0.6879331877806816,0.6501446812889508,0,0.6186874269721708,0.3998335421415309,0.7193264284033574,0.742332449107664,0.7152293287348097,0.6370338572197876,0,0,0.7954140098704396,0.8406486826104254,0.683377898401354,0.8258937765703529,0.8222452411158885,0,0.8921024468717824,0.8831148091999055,0.7979871251558437,0.7916516094058444,0.8229955078998752,0.8071582499360873,0.5672957025697735,0,0.8502240928359155,0.7504015244315333,0.5567600064420015,0,0.7791274671721009,0.7297630892709567,0
irish,0.879654245218712,0.7565113821749865,0.7321500012421408,0.7958069273866345,0.8657374784463331,0.8844190884947544,0.9105811875460117,0.709939681499583,0,0.8817322560181349,0.9073560049015632,0.9458707559059149,0.9571556695100466,0.9579787456978435,0.7116638901119393,0.758307769910213,0.8846867911724395,0.8432585847830831,0.9248378514429395,0,0.8717900239793466,0.6006268157609318,0,0.6194034905151796,0.8600610626200725,1.0,0.8865697380165172,0.6299599362235309,0,0.4779815747122226,0.4274206595320213,0.8390301585911635,0.7794969042634686,0.8294991264539506,0.668181261723571,0,0,0.8249267223342703,0.9030872749376095,0.8691060234878925,0.9184989400111716,0.900745051860791,0,0.8021396190053257,0.899544930083901,0.8977221495230062,0.8494882286583312,0.9373527009925701,0.9173705634992928,0.6853429948741198,0,0.8028450185555589,0.8912537341940826,0.4897814935073435,0,0.7308769692760404,0.8652296266770572,0
italian,0.7847972060926084,0.7763051682556749,0.5272817747604884,0.6749859640949424,0.7280382065294849,0.8020787055191245,0.9213012216544116,0.5982707166030738,0,0.7715715300891017,0.8013343232457537,0.8558834877157413,0.9113244741721689,0.9071809866108643,0.5785000027448602,0.5911582745263004,0.9616262365979462,0.9626855888488964,0.939982905774193,0,0.9215055322632765,0.6894079987108886,0,0.5717480968442233,0.6879331877806816,0.8865697380165172,1.0,0.5999525886252646,0,0.38013153943219125,0.32470060990445254,0.7212205289938606,0.6427834351840646,0.7774192086279171,0.562284364989992,0,0,0.6973189907976883,0.7676875531110288,0.9493592527796465,0.892265422254455,0.7910218458771416,0,0.6304577022253628,0.7558701739193558,0.7984770954159147,0.7782548255605237,0.9345153615755195,0.8363657297633313,0.6553614382934588,0,0.6358077811700161,0.7951627005976649,0.415725626148249,0,0.6444817192235984,0.8213986516032078,0
japanese,0.5036141231305571,0.5825174242378555,0.3728834172935262,0.5597072726819843,0.5245227533202819,0.6383411979977125,0.6514724730367304,0.6186432924387648,0,0.6427635057860132,0.6028272795448507,0.64624067225831,0.5996586775710173,0.7124222736156269,0.39748196499748667,0.41836896852230204,0.5745548338341735,0.555693043263739,0.5787301757923102,0,0.45372535200966535,0.43875452190326064,0,0.28888978062940324,0.6501446812889508,0.6299599362235309,0.5999525886252646,1.0,0,0.6485777845568125,0.1920620659086353,0.482749339506942,0.49246116696948916,0.5072532282817986,0.2884575632758214,0,0,0.5944845066124044,0.6068382381110747,0.5711970914834529,0.7122740638906572,0.6250211533119423,0,0.4387738874417059,0.6659714004027328,0.6073803263510045,0.6953847828989752,0.6735005856742078,0.6223006642759802,0.43898572127683144,0,0.5143828489953267,0.5846453486722121,0.7617867748118884,0,0.7732743481376213,0.6411661139649385,0
kazakh,0.0,0.0,0.0,0.0,0.0,0.0,0.0,0.0,0,0.0,0.0,0.0,0.0,0.0,0.0,0.0,0.0,0.0,0.0,0,0.0,0.0,0,0.0,0.0,0.0,0.0,0.0,0,0.0,0.0,0.0,0.0,0.0,0.0,0,0,0.0,0.0,0.0,0.0,0.0,0,0.0,0.0,0.0,0.0,0.0,0.0,0.0,0,0.0,0.0,0.0,0,0.0,0.0,0
korean,0.41062789858088133,0.40347025984428797,0.4999326083154283,0.6041285928867989,0.5226435365636078,0.4569037427413945,0.45703935296727105,0.7353096101741023,0,0.5518558492598065,0.49941175997717224,0.4760953216514709,0.4518327480803424,0.5510691753183375,0.5055611769452462,0.5561034926822357,0.3844358506413204,0.35927858327045786,0.4313322866411847,0,0.41896038727854884,0.2916441158758969,0,0.3723035355929306,0.6186874269721708,0.4779815747122226,0.38013153943219125,0.6485777845568125,0,1.0,0.33986702999064833,0.5320285446068576,0.535388103640055,0.49051060273030145,0.5049237358993254,0,0,0.3995400216305297,0.5167238623143974,0.3822009969952142,0.4713163678042818,0.5090036498762887,0,0.39452174610726215,0.5334673174328398,0.5048508519581629,0.49591709126403616,0.4746731411275197,0.4717383384679577,0.4909047130316801,0,0.608751693901933,0.508848555495856,0.835618960929145,0,0.7806615784848366,0.471704696348747,0
latin,0.3382052497172842,0.3929607590013531,0.5069110073066205,0.41741276472579275,0.5210872733556977,0.4209669847433938,0.3279997589756859,0.3485165231222135,0,0.49168366879699094,0.464690973640197,0.4061558916361559,0.3819026626974902,0.40383105939897385,0.5788381637315239,0.4386237079235185,0.32593019424805775,0.22412694093377353,0.3518249486806897,0,0.38220838732523665,0.28890262084427915,0,0.32969562297694593,0.3998335421415309,0.4274206595320213,0.32470060990445254,0.1920620659086353,0,0.33986702999064833,1.0,0.4686749715614282,0.49281358172800993,0.4199266315936667,0.4326042091221654,0,0,0.4184634030367898,0.4552736744262052,0.3284360369783827,0.3804477523582605,0.4612788442948644,0,0.3280942887614415,0.4759846425600328,0.4571986632931468,0.37216415586050594,0.3561911295838069,0.4385403256234373,0.3319879597792262,0,0.37551260835638867,0.4352128139909103,0.1676269486484495,0,0.3519780530136618,0.30334192894635215,0
latvian,0.7093194704243755,0.7833846699209515,0.7404146859962359,0.8705090971039698,0.920138625641866,0.8380699014358884,0.6759236726600365,0.8158283482293027,0,0.8757849438969789,0.8796109530324611,0.8252436614167318,0.7521238320837257,0.776035241632863,0.8432930952731621,0.8130328760480015,0.7126181955067606,0.6810493953582548,0.8362003477703932,0,0.7640155977251744,0.5550381964229681,0,0.5653863703306312,0.7193264284033574,0.8390301585911635,0.7212205289938606,0.482749339506942,0,0.5320285446068576,0.4686749715614282,1.0,0.8942913697402323,0.741100669321761,0.7142218945559062,0,0,0.6966523807594008,0.8531965451832054,0.7265062143304442,0.807241735041,0.9276895046107563,0,0.59092143396976,0.8456555034406764,0.9127668303460469,0.8494010614447729,0.7065168424315191,0.878837009998173,0.8438786679151593,0,0.760778358113248,0.9466511378051408,0.5029159772107511,0,0.6535789414473339,0.8714362929536608,0
lithuanian,0.6619371232886726,0.7841909209377331,0.7583583309660176,0.859164550886106,0.8811504148878682,0.7841559640607451,0.6154873206183196,0.8057947921541998,0,0.8194339453731752,0.869452614683434,0.7461909547283773,0.6796531760501121,0.724876731901319,0.8574345707788259,0.7194138017113152,0.6639130941488419,0.6206729077544654,0.7079326688878546,0,0.7190941386052259,0.4916419277527278,0,0.5197853904008262,0.742332449107664,0.7794969042634686,0.6427834351840646,0.49246116696948916,0,0.535388103640055,0.49281358172800993,0.8942913697402323,1.0,0.647839870206312,0.62453147428261,0,0,0.6582953109540121,0.8340053681800823,0.6893987919137132,0.8100688450144435,0.8899982014254706,0,0.606493328276954,0.8288906190523986,0.9060187367974668,0.8082528605047647,0.6540989052250067,0.7755847932379804,0.8385284941939728,0,0.7583475803017751,0.8609470272379196,0.5085713176374341,0,0.6366640615721887,0.8036003473887974,0
maltese,0.7088060155678025,0.5517140997137766,0.7112041212167269,0.7174927949423557,0.7367739733651404,0.6920561034475603,0.8086645622046472,0.6642255881936869,0,0.7711487090888827,0.7578851255495915,0.8515618743031776,0.8562741214702219,0.8613306686458817,0.6122236229693033,0.8322355891490043,0.7788059273274415,0.7295476645257741,0.8220100036874027,0,0.7677015483945864,0.5317054776879154,0,0.6594697267781039,0.7152293287348097,0.8294991264539506,0.7774192086279171,0.5072532282817986,0,0.49051060273030145,0.4199266315936667,0.741100669321761,0.647839870206312,1.0,0.739706646920205,0,0,0.7731580137518937,0.7466491785551933,0.7095645160541199,0.7722802928682314,0.7455045722647733,0,0.6100181226079222,0.7553817727464582,0.7604880241480989,0.7608606209507119,0.8077515299168154,0.8507745008699833,0.5612649134845538,0,0.7917976867415144,0.7421013715526638,0.4292872813256542,0,0.6941196403901354,0.7350669461242021,0
marathi,0.6537079991860665,0.38953530240926326,0.7752317969035478,0.7075396103784533,0.7607022779007684,0.6264237042300034,0.6126892067280308,0.6166385526587549,0,0.7339859168104479,0.6814360512664852,0.7230728892241516,0.6893318188000039,0.6710700684807439,0.6268291132751391,0.7888916166672667,0.5993865680576342,0.5183260103347495,0.6423564744421567,0,0.6280515091983504,0.4226194823977786,0,0.6425307178795961,0.6370338572197876,0.668181261723571,0.562284364989992,0.2884575632758214,0,0.5049237358993254,0.4326042091221654,0.7142218945559062,0.62453147428261,0.739706646920205,1.0,0,0,0.579756991187242,0.6736623664644699,0.5492869828279051,0.6094106839257059,0.6424178301436697,0,0.5344929866671017,0.6745481716779447,0.6903631009397462,0.6574721718793088,0.5945981857967809,0.6987843434392429,0.5111928686786289,0,0.6653782418578269,0.6559921833949248,0.4148838344322771,0,0.5825579322892342,0.5845314269800324,0
north_sami,0.0,0.0,0.0,0.0,0.0,0.0,0.0,0.0,0,0.0,0.0,0.0,0.0,0.0,0.0,0.0,0.0,0.0,0.0,0,0.0,0.0,0,0.0,0.0,0.0,0.0,0.0,0,0.0,0.0,0.0,0.0,0.0,0.0,0,0,0.0,0.0,0.0,0.0,0.0,0,0.0,0.0,0.0,0.0,0.0,0.0,0.0,0,0.0,0.0,0.0,0,0.0,0.0,0
old_church_slavonic,0.0,0.0,0.0,0.0,0.0,0.0,0.0,0.0,0,0.0,0.0,0.0,0.0,0.0,0.0,0.0,0.0,0.0,0.0,0,0.0,0.0,0,0.0,0.0,0.0,0.0,0.0,0,0.0,0.0,0.0,0.0,0.0,0.0,0,0,0.0,0.0,0.0,0.0,0.0,0,0.0,0.0,0.0,0.0,0.0,0.0,0.0,0,0.0,0.0,0.0,0,0.0,0.0,0
persian,0.7713341368542125,0.6731483494066116,0.7245852118213666,0.6714144648930539,0.7512638757357872,0.82178292955295,0.7327109522297428,0.587705347892138,0,0.807819184479764,0.8320498814807417,0.842553708678317,0.81375867487964,0.8485600946780134,0.6935323324766464,0.7661116219738215,0.6814644103408087,0.645281343663289,0.7281797146898131,0,0.6605912287535399,0.5995778328967645,0,0.4474062789246393,0.7954140098704396,0.8249267223342703,0.6973189907976883,0.5944845066124044,0,0.3995400216305297,0.4184634030367898,0.6966523807594008,0.6582953109540121,0.7731580137518937,0.579756991187242,0,0,1.0,0.8032072879907153,0.6836683972763554,0.7939340156527958,0.8154525325632787,0,0.6888324476693614,0.8228002830852666,0.8036005250803268,0.791213725232774,0.7640078930044044,0.8771513184317348,0.5725223387991608,0,0.8507351638761017,0.7657660097098125,0.4139595200269508,0,0.6451787436356345,0.7496628376554868,0
polish,0.8259821037959687,0.7833247377313611,0.7903628718663216,0.826537202896624,0.9342625333786828,0.9251140665432513,0.7957367007746643,0.7038791635521346,0,0.9359377210543396,0.957428500029177,0.8961013674642857,0.8456139472529546,0.8844078634256517,0.7811787755387067,0.7765274028949191,0.7653911573104935,0.7220036668106784,0.8193728440306989,0,0.7549289139211881,0.6079173582557975,0,0.5436282145164055,0.8406486826104254,0.9030872749376095,0.7676875531110288,0.6068382381110747,0,0.5167238623143974,0.4552736744262052,0.8531965451832054,0.8340053681800823,0.7466491785551933,0.6736623664644699,0,0,0.8032072879907153,1.0,0.7740385272187768,0.8675878069959899,0.9286189530948218,0,0.7055921551575322,0.9029164733102082,0.9409277259971154,0.865551636990138,0.8362534908271234,0.8790382096421855,0.7335093445395148,0,0.7923288649237822,0.9279757150164908,0.5060058562579627,0,0.6933830789183836,0.8243295904396867,0
portuguese,0.7824212206060672,0.8221328439552343,0.5054523298187997,0.6826627829121781,0.7534473757364708,0.8456446850179654,0.8988464987020459,0.6588420645149695,0,0.762684339263172,0.8051501248543591,0.8140159901090115,0.8805732216337205,0.8830791314282092,0.5951627585553568,0.501470249243975,0.9636180829864885,0.9586319973711642,0.8982233550075556,0,0.9106184817019273,0.6135598156975477,0,0.5283456085271945,0.683377898401354,0.8691060234878925,0.9493592527796465,0.5711970914834529,0,0.3822009969952142,0.3284360369783827,0.7265062143304442,0.6893987919137132,0.7095645160541199,0.5492869828279051,0,0,0.6836683972763554,0.7740385272187768,1.0,0.8982429085409717,0.7923549635788341,0,0.6146675220055741,0.7377964829257676,0.8260763463527889,0.7433168625272435,0.9086639042049847,0.7864483198947873,0.7108858778234458,0,0.5999829421158589,0.8009182352627294,0.43597037144341855,0,0.6223828438252953,0.8399417359061371,0
romanian,0.8214850197081683,0.7986069875903425,0.659081071176746,0.8244614876220784,0.8315624892866715,0.9032777428544613,0.9097280672454432,0.7331841534102529,0,0.8882267850074724,0.9070620173921994,0.9020185237987076,0.9106718924257834,0.9304471651424242,0.7446707785241305,0.6663183467499043,0.8928848169190606,0.8593495056928436,0.9051388044680203,0,0.8676840390701382,0.5663792924178117,0,0.5543495992234057,0.8258937765703529,0.9184989400111716,0.892265422254455,0.7122740638906572,0,0.4713163678042818,0.3804477523582605,0.807241735041,0.8100688450144435,0.7722802928682314,0.6094106839257059,0,0,0.7939340156527958,0.8675878069959899,0.8982429085409717,1.0,0.9136191348829856,0,0.7210891246845055,0.9020743468690194,0.91115603404739,0.9222065151544058,0.9212347383647727,0.8959743075375911,0.7380985353126548,0,0.7333675328821926,0.8698784082210452,0.4917032343756546,0,0.7184460009944126,0.9050135515684113,0
russian,0.7809629923039648,0.8497554466853048,0.7426968500599418,0.8623210865101575,0.9382873860000543,0.9340141465658094,0.7694638491844671,0.7850577910756024,0,0.9388018867847658,0.9655763755406193,0.9027068496316477,0.8331020396905818,0.8732497381189659,0.877817027340586,0.7891943577122243,0.7763635765353097,0.7443284257864411,0.8675004042630566,0,0.7929236066714653,0.6164440658513177,0,0.5259044247654119,0.8222452411158885,0.900745051860791,0.7910218458771416,0.6250211533119423,0,0.5090036498762887,0.4612788442948644,0.9276895046107563,0.8899982014254706,0.7455045722647733,0.6424178301436697,0,0,0.8154525325632787,0.9286189530948218,0.7923549635788341,0.9136191348829856,1.0,0,0.6741488768658728,0.9177582662321668,0.9704290422626436,0.9355113642523158,0.8163942275466112,0.942408144767333,0.8300363186539224,0,0.7919157740864541,0.9705069775473909,0.5127057638823884,0,0.7204801801016293,0.9022598395229922,0
sanskrit,0.0,0.0,0.0,0.0,0.0,0.0,0.0,0.0,0,0.0,0.0,0.0,0.0,0.0,0.0,0.0,0.0,0.0,0.0,0,0.0,0.0,0,0.0,0.0,0.0,0.0,0.0,0,0.0,0.0,0.0,0.0,0.0,0.0,0,0,0.0,0.0,0.0,0.0,0.0,0,0.0,0.0,0.0,0.0,0.0,0.0,0.0,0,0.0,0.0,0.0,0,0.0,0.0,0
scottish_gaelic,0.8639001197527103,0.468468025870263,0.7566376526815818,0.647321599348107,0.6303030667420401,0.6291081900357133,0.7560793445176619,0.5088782578906316,0,0.663673789664825,0.7134517389310847,0.7397719816333302,0.8055444487563699,0.7633192585951785,0.6352251778772839,0.5944245589226678,0.6083467464495296,0.5603381253427602,0.6503026430380267,0,0.7079686411168364,0.4245309415105722,0,0.5035943061634344,0.8921024468717824,0.8021396190053257,0.6304577022253628,0.4387738874417059,0,0.39452174610726215,0.3280942887614415,0.59092143396976,0.606493328276954,0.6100181226079222,0.5344929866671017,0,0,0.6888324476693614,0.7055921551575322,0.6146675220055741,0.7210891246845055,0.6741488768658728,0,1.0,0.7867433886727622,0.6343846093423782,0.6252566856500643,0.7617064261486695,0.6705652328687793,0.4414664564861831,0,0.7748051153427792,0.601068504919941,0.3535052300123063,0,0.5308683438821582,0.5871699008741131,0
serbian,0.8362568251553837,0.7714665491802052,0.7912050017297135,0.9206174306466214,0.8660432912687146,0.8861777685294383,0.8251724681948389,0.7163522083269397,0,0.9545527442605225,0.9192580126192423,0.9221350463700809,0.8620720699574753,0.8757787474097745,0.831528423657075,0.8029693398972911,0.718173900110002,0.6983791058571677,0.8065738800442052,0,0.7682116662467418,0.5779574350004087,0,0.5292605550589846,0.8831148091999055,0.899544930083901,0.7558701739193558,0.6659714004027328,0,0.5334673174328398,0.4759846425600328,0.8456555034406764,0.8288906190523986,0.7553817727464582,0.6745481716779447,0,0,0.8228002830852666,0.9029164733102082,0.7377964829257676,0.9020743468690194,0.9177582662321668,0,0.7867433886727622,1.0,0.8976714419235574,0.926836070603094,0.8265180791669935,0.8803750132417746,0.755473279565054,0,0.8367398632781262,0.8822688267792395,0.4920528759590052,0,0.69963116319984,0.8211749461718029,0
slovak,0.7936275900388908,0.8520842960973032,0.737105365444858,0.8567153203169589,0.945772207904301,0.9440155415932572,0.7830040792646448,0.7913772672771855,0,0.9386197371050582,0.9807299369495037,0.9072402388404299,0.8382977144642985,0.8822339009835799,0.8467053497262974,0.7709382576149841,0.8102196337801443,0.778059691220252,0.8565065400453387,0,0.8051659580925561,0.6045108829302437,0,0.5380922886653989,0.7979871251558437,0.8977221495230062,0.7984770954159147,0.6073803263510045,0,0.5048508519581629,0.4571986632931468,0.9127668303460469,0.9060187367974668,0.7604880241480989,0.6903631009397462,0,0,0.8036005250803268,0.9409277259971154,0.8260763463527889,0.91115603404739,0.9704290422626436,0,0.6343846093423782,0.8976714419235574,1.0,0.9161573721552678,0.8207862812409575,0.9159768181714353,0.8385946981459529,0,0.7706153711790469,0.9622134516965529,0.5253046018031404,0,0.7238491734901117,0.8937750092357708,0
slovenian,0.739991615991378,0.7678635793588131,0.7008163169682786,0.8708589508855218,0.8565874440075784,0.8865840793121654,0.7889011435353304,0.742939958158439,0,0.9390943863225388,0.9114489684314357,0.9000017240100231,0.817535496496114,0.8515906488018933,0.8011991310339066,0.790622724601938,0.7484348349072515,0.718437239507943,0.8406009628677131,0,0.7400851389781354,0.596697827175558,0,0.5031595199345219,0.7916516094058444,0.8494882286583312,0.7782548255605237,0.6953847828989752,0,0.49591709126403616,0.37216415586050594,0.8494010614447729,0.8082528605047647,0.7608606209507119,0.6574721718793088,0,0,0.791213725232774,0.865551636990138,0.7433168625272435,0.9222065151544058,0.9355113642523158,0,0.6252566856500643,0.926836070603094,0.9161573721552678,1.0,0.7978363387132358,0.9183947360305961,0.7750229580515003,0,0.7531792276749425,0.8993910929203878,0.494643337144064,0,0.7222062084077157,0.8990024756056952,0
spanish,0.8637844072213624,0.696728644963135,0.6184329020219868,0.7143966384299805,0.7612327399864434,0.8369175712187501,0.9850640626073678,0.633347851148724,0,0.8226373480497328,0.8463236671290402,0.9111684334969469,0.9685802195689934,0.9731622149849175,0.6046144209541727,0.6362000349130702,0.936465908509202,0.9004766654443682,0.9276947708927649,0,0.8978637356081843,0.5569229870938274,0,0.5999181517045122,0.8229955078998752,0.9373527009925701,0.9345153615755195,0.6735005856742078,0,0.4746731411275197,0.3561911295838069,0.7065168424315191,0.6540989052250067,0.8077515299168154,0.5945981857967809,0,0,0.7640078930044044,0.8362534908271234,0.9086639042049847,0.9212347383647727,0.8163942275466112,0,0.7617064261486695,0.8265180791669935,0.8207862812409575,0.7978363387132358,1.0,0.8529394722966204,0.5913830896452121,0,0.709171666368137,0.8030323640408279,0.4722847349610848,0,0.7207387176788047,0.8070773674324241,0
