,afrikaans,arabic,armenian,basque,belarusian,bulgarian,catalan,chinese,classical_chinese,croatian,czech,danish,dutch,english,estonian,finnish,french,galician,german,gothic,greek,hebrew,hindi,hungarian,indonesian,irish,italian,japanese,kazakh,korean,latin,latvian,lithuanian,maltese,marathi,north_sami,old_church_slavonic,persian,polish,portuguese,romanian,russian,sanskrit,scottish_gaelic,serbian,slovak,slovenian,spanish,swedish,tamil,telugu,turkish,ukrainian,urdu,uyghur,vietnamese,welsh,wolof
afrikaans,1.0,0.5288985578943888,0.6039940436554505,0.5228724549682068,0.5887443681340406,0.5925057348128397,0.49060512004971046,0.37162979490314024,0.6351836059412146,0.6072845315497194,0.6467647808403454,0.584352231394862,0.5892662213760147,0.6202390162552851,0.5849744393135531,0.6384215509172553,0.4675432613355304,0.467512000931494,0.592227793753681,0,0.497064386804438,0.43521757193874666,0.5465279537466488,0.40825942547771077,0.5591986609995052,0.5012314074264538,0.5127115238185966,0.354754604658387,0.5250555790508046,0.44215688057167757,0.6116253875810735,0.6135003674102457,0.5774095052726087,0.5146735750831676,0.6140251331475587,0,0,0.5711366711350865,0.5897105365319866,0.5082170534914121,0.5652613440568586,0.6214031074257521,0.6492344540642356,0.6591086726968797,0.6025491461202392,0.7070363512071448,0.6621890350812358,0.5119393514564652,0.644118502661084,0.5152502403341744,0.5399728274234551,0.6002038871206106,0.6190882651270605,0.569135879451102,0.5779643842028053,0.4862403978733937,0.6033993227042469,0
arabic,0.5288985578943888,1.0,0.65266533406466,0.751099053839256,0.8335987492346052,0.8605889609074316,0.7200541162099343,0.6893798469194856,0.5735498291298027,0.8542007620904978,0.8479254816912309,0.7793986476395857,0.7552468310843294,0.817779791206679,0.739464815832586,0.6508821436477673,0.7408142644292998,0.7835882769274504,0.7620045369072851,0,0.7025426208054613,0.8056937517649585,0.8348889211984605,0.4522198764464131,0.7531853931410097,0.8265435346955279,0.8029558725917644,0.6721965160464927,0.5822505804985895,0.6167072540272387,0.7667605809241219,0.845984190716024,0.8078114707998874,0.658507992769319,0.61015948066202,0,0,0.776450844484523,0.7837846233380106,0.8314998266316158,0.835109702399076,0.8733180441682529,0.32491720431645654,0.6327369875132876,0.8544513876898782,0.86125084352459,0.7984558428147944,0.73440922553635,0.7742116285307409,0.8456208643180393,0.5347139802371508,0.7198628638923507,0.8607168994643762,0.806006082571474,0.7022759151703726,0.6579791811701217,0.8633922603738592,0
armenian,0.6039940436554505,0.65266533406466,1.0,0.850292510592669,0.8662641170250139,0.8285663995442082,0.6635553868473388,0.6308209628202045,0.4490428493392995,0.8835320401970527,0.891715521601186,0.7780885832911706,0.7501065586966259,0.832687151431531,0.8950373080084755,0.9100287408981647,0.5806844011838485,0.5531686168636243,0.7564271097556364,0,0.6695277428667089,0.6152267873596147,0.6562475764770475,0.6369436314336848,0.808187629593989,0.6888994686319467,0.7226053936575371,0.47466568933891523,0.8615434443491505,0.7939546334671245,0.8758004409164787,0.8367621817347121,0.8394591618644884,0.7172683129830644,0.8572999491058364,0,0,0.8388945220042163,0.894136319364271,0.6641939464451594,0.8137871176481316,0.8580941604967639,0.31793813331246906,0.5352699620046415,0.8860514849529254,0.8522276624749077,0.9087887852886516,0.6504668621707398,0.8583525838220845,0.6016170253915047,0.6906199776328281,0.8490932583860125,0.8710929868665207,0.6256706658591717,0.847838132142795,0.7052634767226602,0.8153024409996198,0
basque,0.5228724549682068,0.751099053839256,0.850292510592669,1.0,0.9227605986104185,0.8626877512734972,0.7357280489863343,0.823902624008711,0.5304242897493793,0.9055847573432559,0.8750959798688568,0.8088756015423411,0.8102942399599052,0.8494237043756505,0.958022471594063,0.8576079476321437,0.6557915264801534,0.6578898831591163,0.8098811325856653,0,0.7757682883391229,0.5997279530915985,0.7845417004356898,0.6876823057252388,0.8596317148612043,0.8327484499472986,0.7971822389253551,0.6248104645410201,0.7189928883020577,0.8802951966242751,0.8722784244320031,0.9330551541962945,0.9192737093067437,0.723572625707741,0.812704245860776,0,0,0.7527340595190375,0.9010316879741219,0.7761707661391796,0.9124636823541743,0.9105002684343029,0.3972652648303957,0.5673063585488484,0.9154930199156656,0.8423991256281106,0.9008120213376998,0.7258379478726876,0.8348004962041776,0.8182425216311426,0.7954866582812904,0.7874052222168796,0.917963179749338,0.6772946078575418,0.8898606603870571,0.7724091185927578,0.8931955672953856,0
belarusian,0.5887443681340406,0.8335987492346052,0.8662641170250139,0.9227605986104185,1.0,0.9571901716219312,0.8291913637374376,0.8009555194393917,0.5843898583924277,0.9702127074848127,0.956287244600045,0.9254506504843841,0.9046215707190151,0.9472910678808405,0.916162888978867,0.8518574381771897,0.7880007607278107,0.7688544965923818,0.908668659612769,0,0.8202232980623422,0.6833090352878727,0.8474389125861085,0.6845350451712978,0.9172551830232265,0.8941352445723775,0.8843662958458451,0.656673275318276,0.7569036321158937,0.8277360790555793,0.892464902681074,0.9575037955492887,0.9314815053841137,0.8015993970372057,0.8405298738497807,0,0,0.8532447877882832,0.9433653362215729,0.8592876867667433,0.9721347494844631,0.9773950093241145,0.4206058916297274,0.6613750825108119,0.9695068727366322,0.9429709371243504,0.9656608160062106,0.826802916471794,0.9348040326712469,0.7868386816450852,0.7955697964365113,0.8151955914155027,0.9761717767671718,0.7886892082070717,0.894820734370284,0.8138430631325005,0.9480674610293409,0
bulgarian,0.5925057348128397,0.8605889609074316,0.8285663995442082,0.8626877512734972,0.9571901716219312,1.0,0.8375258135937266,0.7398445936547846,0.5917573067728357,0.9648881935012011,0.9572649798662617,0.919649398451801,0.8890857500973413,0.9607382338312839,0.8627105590992897,0.7859271681216189,0.808000347482573,0.7742574433826845,0.9017530145375318,0,0.7851680848600786,0.686068763675519,0.8883203590733036,0.5999621759960598,0.9182070434961042,0.8955063917361111,0.8711521306436347,0.7358435623806373,0.6902599966469388,0.7700256838769602,0.8753742321994952,0.929249345046268,0.8759687735825678,0.804604101123001,0.7511895620624688,0,0,0.8928616015505765,0.9270400618527491,0.8655895453680921,0.9610523941965161,0.9582445787268754,0.40292827351722427,0.6990228962731792,0.9618341917602431,0.9504829080671023,0.9552121233894992,0.8401383323567947,0.9273133317846451,0.7345197642873752,0.6744051747313832,0.7681726414357074,0.9573197631987288,0.8590656558083597,0.8056990301801202,0.8037745858058664,0.960966263782735,0
catalan,0.49060512004971046,0.7200541162099343,0.6635553868473388,0.7357280489863343,0.8291913637374376,0.8375258135937266,1.0,0.6678343698940146,0.5644539906849139,0.800146570664287,0.7951830058354226,0.9113641671131358,0.9634092549575651,0.9244867290814952,0.693783681940941,0.6563202152929576,0.9586183966657039,0.9179593816789989,0.9526077964257181,0,0.9419964000197399,0.5992949617896258,0.7831930827465445,0.7275864965650829,0.83151725469309,0.9016828245482412,0.9347099249708071,0.6595809161736231,0.5439272698109866,0.6382584642396325,0.698873555228062,0.8149714748851173,0.7090913641752205,0.9129781889190066,0.7423709170807581,0,0,0.7682537224819039,0.7643570933867031,0.933241354798264,0.8894596775225628,0.7992525583892702,0.29897499172024483,0.684258367335227,0.7968225370408729,0.7882716472973147,0.7931747993939704,0.996895241166476,0.8717456836091994,0.5884152182281162,0.6414267398286586,0.7262286118962958,0.7964892250812432,0.8082805679723337,0.6930725137688929,0.7972678552459181,0.8781625247811646,0
chinese,0.37162979490314024,0.6893798469194856,0.6308209628202045,0.823902624008711,0.8009555194393917,0.7398445936547846,0.6678343698940146,1.0,0.5872740719301152,0.7771113232013093,0.7294463481839698,0.7298446715596429,0.7186180990610429,0.7426817306010983,0.7647222543826226,0.6879265800799591,0.6195684523995497,0.611001572416624,0.690733827789498,0,0.6523237465768813,0.5156998446775821,0.8127133212400401,0.5618918051047214,0.8213967341382099,0.7228235203454034,0.6869219985023461,0.6655194753990891,0.520522670393493,0.8151824856512822,0.7264833322353484,0.7931684466414805,0.784368860888701,0.5996076000045725,0.6780247294506333,0,0,0.6503798301159114,0.7452363627109406,0.6957353111016457,0.8087460029223359,0.7698603753528973,0.3854281870112415,0.4320626340637968,0.7730858848246713,0.7053025354298116,0.7265020009149684,0.6591919350548974,0.7347072339586685,0.793965203422085,0.7708062933829488,0.6920970320068668,0.7722275802032245,0.6767735638106839,0.8199616664923769,0.8338042300347381,0.7665083921944038,0
classical_chinese,0.6351836059412146,0.5735498291298027,0.4490428493392995,0.5304242897493793,0.5843898583924277,0.5917573067728357,0.5644539906849139,0.5872740719301152,1.0,0.5914834913022489,0.5700590024355563,0.6205107276001244,0.5870354208786029,0.5696283975569261,0.5597036545780062,0.5863019962055609,0.49667176199334734,0.4710842504895232,0.5841845057358509,0,0.4822715422025648,0.40117130697245124,0.617952666413036,0.39525808956306274,0.5985596983142292,0.5272985806487868,0.4533017781102103,0.39411101614295857,0.35714040642796896,0.432439760265966,0.6075035079523613,0.5887039913934817,0.5318562709889548,0.4760286960982012,0.5902982771819695,0,0,0.5501640551604693,0.5407198770215799,0.5185115211794455,0.5912494343074303,0.5729347128381876,0.6848504748561272,0.5627011874236398,0.5787231844543292,0.5990758387133472,0.5820708898187649,0.5932920421346115,0.6358967473714435,0.6448296539252554,0.6618286861682504,0.60204294370095,0.5536491641606135,0.6267035273927409,0.6017298324513847,0.5958760610897859,0.6032681377270458,0
croatian,0.6072845315497194,0.8542007620904978,0.8835320401970527,0.9055847573432559,0.9702127074848127,0.9648881935012011,0.800146570664287,0.7771113232013093,0.5914834913022489,1.0,0.9751021853270485,0.9070044634341402,0.8763470018613998,0.9411335690233199,0.9214593523932044,0.8508842102316113,0.7490603106822359,0.7278150002458564,0.8841388028050859,0,0.774155062739906,0.6790145628606714,0.8533217600404249,0.6263920193646227,0.9031257313339535,0.8654860511125925,0.8376302292287948,0.6562348995909788,0.7444636431433653,0.8037656181882402,0.9180901947956425,0.9605201125437315,0.9183961848051636,0.7902090310311023,0.8260588405493208,0,0,0.8789671963931059,0.9353383858726271,0.8226379283211561,0.9555950972111048,0.9749304993037041,0.4092751715488726,0.6682097798102098,0.9975551164923973,0.9591707943852117,0.969478238351686,0.8011988900182023,0.9397397032237772,0.7826760337956086,0.709402013598191,0.8113926601947483,0.9721747482756569,0.8173268242516711,0.8681947545831231,0.7938074272925836,0.9445714881760433,0
czech,0.6467647808403454,0.8479254816912309,0.891715521601186,0.8750959798688568,0.956287244600045,0.9572649798662617,0.7951830058354226,0.7294463481839698,0.5700590024355563,0.9751021853270485,1.0,0.8872442948372606,0.8674540029521756,0.9392438656847114,0.9059773916840287,0.8249577312823293,0.7570874260075657,0.7228718167499052,0.8819637124206267,0,0.7758102505540095,0.674841747801562,0.8206795439663531,0.6262995414013746,0.8899169710750016,0.8461192801022285,0.8335013584319412,0.6058330710069311,0.7255977855670352,0.7815041016726308,0.9248691724824423,0.9437784086528543,0.9277035750835759,0.7801904370072228,0.8122029703613867,0,0,0.8677662546107527,0.949052413146713,0.8280737650955814,0.9337311910068168,0.9607992151250073,0.4097436627061989,0.6468659621964015,0.9716967372633072,0.9779240654085007,0.9645089468133525,0.796262593563799,0.9279884029734623,0.7517379007172897,0.669917223143529,0.7991255021029604,0.9682099862294655,0.7905209731130017,0.8318579573340362,0.7813103258630042,0.9349651378105751,0
danish,0.584352231394862,0.7793986476395857,0.7780885832911706,0.8088756015423411,0.9254506504843841,0.919649398451801,0.9113641671131358,0.7298446715596429,0.6205107276001244,0.9070044634341402,0.8872442948372606,1.0,0.9647540766543418,0.9585996350700967,0.7968769478010603,0.8052380054926317,0.8795055487624974,0.8368657885332537,0.9542854427956179,0,0.8468260219042381,0.6729553998342839,0.8446730406550547,0.6524208910521603,0.8886272690598915,0.8816470078250161,0.8999904995201632,0.6972255944664391,0.7171644047925684,0.6794690986682708,0.7766106792748106,0.8696184319873168,0.7922601781283105,0.8624169754931048,0.8284002677829888,0,0,0.8685960549697075,0.8343876732222196,0.8672362193961569,0.9411880467767967,0.8913731308054605,0.4586027793659913,0.740312479448151,0.899316425893631,0.8983836430249263,0.8898845096804965,0.9141694407862118,0.9724125943776766,0.6721213245504861,0.7321329204174966,0.7895878006894912,0.8755486728467319,0.8809367167082157,0.8254705468262287,0.8102922805591622,0.9206186259631737,0
dutch,0.5892662213760147,0.7552468310843294,0.7501065586966259,0.8102942399599052,0.9046215707190151,0.8890857500973413,0.9634092549575651,0.7186180990610429,0.5870354208786029,0.8763470018613998,0.8674540029521756,0.9647540766543418,1.0,0.964460787685251,0.7926280242579314,0.762414095834485,0.9370838207292466,0.8818060092219475,0.9829776514437464,0,0.9375274673277596,0.6399394297733316,0.8107304708803751,0.7407521730610808,0.8815725052429133,0.9227579672335259,0.9435225543415622,0.6482136432045077,0.6569091576475161,0.6858117202918658,0.77784176234455,0.8856982746913121,0.7979887653364759,0.9313215901788509,0.8100648916311423,0,0,0.8284870146118691,0.830249848579314,0.9268684424181755,0.9428596721009309,0.8745161408775767,0.4320218673657601,0.7335781818658365,0.87364846935427,0.8637373217492662,0.8690137570536011,0.963094936791903,0.9459336501242573,0.6559365050090481,0.7117204316670237,0.7813102447023067,0.8645635421455059,0.8194822012066145,0.7825845020531511,0.8210739275968366,0.9200865704433111,0
english,0.6202390162552851,0.817779791206679,0.832687151431531,0.8494237043756505,0.9472910678808405,0.9607382338312839,0.9244867290814952,0.7426817306010983,0.5696283975569261,0.9411335690233199,0.9392438656847114,0.9585996350700967,0.964460787685251,1.0,0.8451485350726329,0.8026038908682673,0.8917555516613564,0.8471422711249743,0.96730062170825,0,0.8860089640402707,0.6841323807550012,0.8784887661053521,0.6930037658087699,0.9364742083820378,0.9269415677846826,0.9394426902215863,0.7260153401814855,0.7187878541316475,0.7674788451266247,0.8522739491090244,0.9215002674060261,0.849391655308959,0.9051588344005569,0.8023673082070865,0,0,0.8935829319889338,0.8996167604880712,0.9140004416043465,0.9643586362790763,0.9404471970372921,0.38047169032125366,0.7347459963227069,0.94022271241128,0.9346925658387127,0.9405796378391804,0.9246774523722716,0.9601870142673807,0.6770229998105299,0.6916722938970737,0.8137469394720324,0.9378764657712508,0.8717548571881358,0.8236944629458728,0.8536999771866587,0.9611291632666628,0
estonian,0.5849744393135531,0.739464815832586,0.8950373080084755,0.958022471594063,0.916162888978867,0.8627105590992897,0.693783681940941,0.7647222543826226,0.5597036545780062,0.9214593523932044,0.9059773916840287,0.7968769478010603,0.7926280242579314,0.8451485350726329,1.0,0.8867581603741721,0.6204657156833947,0.5872557724772712,0.8032821562134844,0,0.7415011993782239,0.6031076853279647,0.7328499142650443,0.6815504332293597,0.8427110616010647,0.7960636565154021,0.7533709888564808,0.5169347811610789,0.7263490258257339,0.8400023354414327,0.9426586647311209,0.932713242241177,0.9207014695982958,0.7293687519745655,0.814267267338559,0,0,0.7692462741457852,0.9054165697816544,0.7390836630928745,0.8851340563733786,0.9155819742548702,0.4707772537203449,0.5488377550524649,0.929990660429271,0.8595387101204139,0.9285062651086994,0.6881015271229024,0.8587530195650881,0.769244255055156,0.744080275197288,0.7918622049430412,0.9238492944224458,0.6476096263009279,0.8635403739119067,0.7593142083093142,0.8830320898913966,0
finnish,0.6384215509172553,0.6508821436477673,0.9100287408981647,0.8576079476321437,0.8518574381771897,0.7859271681216189,0.6563202152929576,0.6879265800799591,0.5863019962055609,0.8508842102316113,0.8249577312823293,0.8052380054926317,0.762414095834485,0.8026038908682673,0.8867581603741721,1.0,0.5725226107252068,0.5650321435414333,0.7562363568236441,0,0.6481111506896673,0.608858070723356,0.6954012149774405,0.6140864034187062,0.8003207152415024,0.7049896683303709,0.704534259678486,0.5122850516339685,0.8991582285465107,0.7529983317634115,0.8257326443278169,0.8252461281440382,0.8017947390765355,0.7203337537851906,0.8516366017280723,0,0,0.8371571191183603,0.8270009533168684,0.6255574141552178,0.8096439547090579,0.8386606886511266,0.442661412005304,0.6366938956925502,0.8539196652637907,0.8230830314687783,0.8637935103244944,0.6537497684706188,0.8680517260850782,0.6578584809493403,0.8051887901983994,0.8963640577525881,0.8253567998219481,0.6673900413478762,0.9153109669085905,0.7305140401415519,0.8112383227251369,0
french,0.4675432613355304,0.7408142644292998,0.5806844011838485,0.6557915264801534,0.7880007607278107,0.808000347482573,0.9586183966657039,0.6195684523995497,0.49667176199334734,0.7490603106822359,0.7570874260075657,0.8795055487624974,0.9370838207292466,0.8917555516613564,0.6204657156833947,0.5725226107252068,1.0,0.9300651017674352,0.9271873953221209,0,0.9246843456840811,0.6466982518602034,0.7530206836987243,0.6884969136325386,0.7808530424100942,0.8844272712070524,0.9412499523051917,0.640679308460372,0.4845512389007311,0.5716452702365065,0.6408463227543316,0.7677998105513193,0.6806086249268316,0.9034210252321185,0.6567809268021931,0,0,0.741219551324337,0.712259308652943,0.9501086887332302,0.854974064763232,0.7536582625198973,0.3241581432347112,0.6537898633357535,0.7440940468788384,0.7547813621472972,0.7407118884441695,0.9587713565573464,0.8300727296722382,0.5579394395148322,0.5705344614440776,0.6595218787495533,0.7504086193427457,0.7718210140608742,0.6062353954602735,0.7507590018590348,0.8444675118647611,0
galician,0.467512000931494,0.7835882769274504,0.5531686168636243,0.6578898831591163,0.7688544965923818,0.7742574433826845,0.9179593816789989,0.611001572416624,0.4710842504895232,0.7278150002458564,0.7228718167499052,0.8368657885332537,0.8818060092219475,0.8471422711249743,0.5872557724772712,0.5650321435414333,0.9300651017674352,1.0,0.8782415495568956,0,0.8961274863276578,0.6795239135145453,0.7593781576727217,0.6178957167594646,0.721746185590518,0.8619321964058118,0.9278637597314854,0.6362377358904278,0.5085737577042502,0.5441194073635521,0.5742885261340012,0.7595271349039254,0.6563260060090941,0.8055079919181757,0.6406917572503499,0,0,0.708760562845355,0.6715980460797967,0.9292043116082652,0.8185364681118044,0.7483856521432445,0.21683586262818408,0.623849114845768,0.7210845065321585,0.7470089378170373,0.7021556471266542,0.9199518430225961,0.7631084674557097,0.6181414787395946,0.5792083975437892,0.6768842178960306,0.7430361539460353,0.7777120743680902,0.633150842384171,0.7002442953930633,0.8253355227046559,0
german,0.592227793753681,0.7620045369072851,0.7564271097556364,0.8098811325856653,0.908668659612769,0.9017530145375318,0.9526077964257181,0.690733827789498,0.5841845057358509,0.8841388028050859,0.8819637124206267,0.9542854427956179,0.9829776514437464,0.96730062170825,0.8032821562134844,0.7562363568236441,0.9271873953221209,0.8782415495568956,1.0,0,0.9372620571771557,0.6415387129497901,0.7986019490825202,0.7234324028992568,0.879713562097962,0.915633816425158,0.9438190097203736,0.6264814806126422,0.6592488152763072,0.6946989256028614,0.7856967294230455,0.8974225454759033,0.8080890467833847,0.9154009574100516,0.7934568086231532,0,0,0.8219635209967864,0.8248244746455482,0.9267132441922623,0.9379700500081205,0.8881048679326183,0.4466771019322003,0.6987442911659969,0.8792684129391286,0.8763909584322096,0.888527604555488,0.9574677922687147,0.9361869582484883,0.649941695373978,0.6831764415237196,0.7882980730373284,0.8802190274061047,0.8136062207693489,0.7881885299348314,0.8172893590117137,0.9263859528153535,0
gothic,0.0,0.0,0.0,0.0,0.0,0.0,0.0,0.0,0.0,0.0,0.0,0.0,0.0,0.0,0.0,0.0,0.0,0.0,0.0,0,0.0,0.0,0.0,0.0,0.0,0.0,0.0,0.0,0.0,0.0,0.0,0.0,0.0,0.0,0.0,0,0,0.0,0.0,0.0,0.0,0.0,0.0,0.0,0.0,0.0,0.0,0.0,0.0,0.0,0.0,0.0,0.0,0.0,0.0,0.0,0.0,0
greek,0.497064386804438,0.7025426208054613,0.6695277428667089,0.7757682883391229,0.8202232980623422,0.7851680848600786,0.9419964000197399,0.6523237465768813,0.4822715422025648,0.774155062739906,0.7758102505540095,0.8468260219042381,0.9375274673277596,0.8860089640402707,0.7415011993782239,0.6481111506896673,0.9246843456840811,0.8961274863276578,0.9372620571771557,0,1.0,0.5899330308121151,0.7059195227403003,0.7875980535465588,0.7746313090537229,0.9064348235848892,0.939156724609171,0.5313836540283154,0.5511749702424396,0.6576097511554121,0.7162735839623555,0.8447706376182704,0.7585417493348157,0.9029444059088342,0.7378696562261147,0,0,0.7009796587435037,0.7503420144387623,0.9529051583997531,0.859573580475193,0.7952608026815978,0.324241373296471,0.5925881007572631,0.778604047834325,0.7557076659033216,0.7778232126873631,0.9411524489689935,0.8142391484249861,0.636181437119897,0.6246992210871372,0.734171534067914,0.8056076562906994,0.6894161210164745,0.6890351497339666,0.7385041598918463,0.8586310005914817,0
hebrew,0.43521757193874666,0.8056937517649585,0.6152267873596147,0.5997279530915985,0.6833090352878727,0.686068763675519,0.5992949617896258,0.5156998446775821,0.40117130697245124,0.6790145628606714,0.674841747801562,0.6729553998342839,0.6399394297733316,0.6841323807550012,0.6031076853279647,0.608858070723356,0.6466982518602034,0.6795239135145453,0.6415387129497901,0,0.5899330308121151,1.0,0.6143025779777529,0.42002598188112616,0.6481972916488107,0.61974910550083,0.7415934761961053,0.5186372984209442,0.6015926358521512,0.5492173630414128,0.5989847312080862,0.639877006148752,0.6106819949809129,0.5800526476779949,0.5726407644635225,0,0,0.6645513370023065,0.6485954901463761,0.6937855445410613,0.6757460019895573,0.6808001246804527,0.2662491124740175,0.524144451728262,0.6762276007727129,0.680417540132566,0.6800683825131466,0.6026873588531537,0.6798466498616956,0.5877965057673067,0.5039750913105341,0.6425653860806669,0.6744603156166351,0.6133146675564706,0.6080948148750602,0.5615141880179699,0.6790651344932304,0
hindi,0.5465279537466488,0.8348889211984605,0.6562475764770475,0.7845417004356898,0.8474389125861085,0.8883203590733036,0.7831930827465445,0.8127133212400401,0.617952666413036,0.8533217600404249,0.8206795439663531,0.8446730406550547,0.8107304708803751,0.8784887661053521,0.7328499142650443,0.6954012149774405,0.7530206836987243,0.7593781576727217,0.7986019490825202,0,0.7059195227403003,0.6143025779777529,1.0,0.5016825419788201,0.8726261253556775,0.8603466228428146,0.7980514573640214,0.888345480918255,0.5870450976710557,0.7289793036167028,0.7396314148704379,0.8232648413827521,0.7551217396330053,0.7305035909699044,0.6447329967958259,0,0,0.8124117073409624,0.7924259625773084,0.8013744595693464,0.8700996970190746,0.8586354829177991,0.3491585085765264,0.7279715670045633,0.853030106722481,0.8506863034945485,0.8127314178257943,0.788591544753843,0.8170252973989924,0.7442976431285145,0.6519981248031496,0.7241928485662554,0.848228018673754,0.9385395013146312,0.7763993538509074,0.8254237576657651,0.8881713866030816,0
hungarian,0.40825942547771077,0.4522198764464131,0.6369436314336848,0.6876823057252388,0.6845350451712978,0.5999621759960598,0.7275864965650829,0.5618918051047214,0.39525808956306274,0.6263920193646227,0.6262995414013746,0.6524208910521603,0.7407521730610808,0.6930037658087699,0.6815504332293597,0.6140864034187062,0.6884969136325386,0.6178957167594646,0.7234324028992568,0,0.7875980535465588,0.42002598188112616,0.5016825419788201,1.0,0.6634416933555257,0.6875043080223524,0.7208703865851086,0.3176241075811865,0.48230252432652015,0.6290835053060452,0.6837048319854573,0.6861751398082983,0.6363746571296295,0.7702651510081392,0.7419417868009117,0,0,0.5437103587491336,0.6756956296354512,0.7183090951151946,0.6915689786449075,0.6173768355798268,0.28687453648429273,0.42392014203130707,0.6411661676774947,0.5624318115689356,0.6505151766122275,0.706445784602452,0.6762972208683556,0.47412956407983076,0.6717827853653046,0.5990255729889581,0.6386115546828254,0.428633935676943,0.5997516690758443,0.6470759455937105,0.6494466584523506,0
indonesian,0.5591986609995052,0.7531853931410097,0.808187629593989,0.8596317148612043,0.9172551830232265,0.9182070434961042,0.83151725469309,0.8213967341382099,0.5985596983142292,0.9031257313339535,0.8899169710750016,0.8886272690598915,0.8815725052429133,0.9364742083820378,0.8427110616010647,0.8003207152415024,0.7808530424100942,0.721746185590518,0.879713562097962,0,0.7746313090537229,0.6481972916488107,0.8726261253556775,0.6634416933555257,1.0,0.8447061048932841,0.85073204502112,0.7471456296018021,0.6937209131259359,0.8577534825484655,0.8429979380683862,0.8713209659939907,0.8341317415349053,0.8221848364411709,0.7809140377884629,0,0,0.8378390736094319,0.9030818991509671,0.8086974428826976,0.9289530387019763,0.8959153991074021,0.42143681266273625,0.6936427047283924,0.9034293611213494,0.8659110861653403,0.9133154121825764,0.8259927118088792,0.9117704922805778,0.6553598782482581,0.7713641720572672,0.7902658999178478,0.889779021002354,0.8115312254906342,0.8635728944634073,0.9039232077757505,0.8908312848116552,0
irish,0.5012314074264538,0.8265435346955279,0.6888994686319467,0.8327484499472986,0.8941352445723775,0.8955063917361111,0.9016828245482412,0.7228235203454034,0.5272985806487868,0.8654860511125925,0.8461192801022285,0.8816470078250161,0.9227579672335259,0.9269415677846826,0.7960636565154021,0.7049896683303709,0.8844272712070524,0.8619321964058118,0.915633816425158,0,0.9064348235848892,0.61974910550083,0.8603466228428146,0.6875043080223524,0.8447061048932841,1.0,0.920921551930077,0.7167485249766723,0.6239532834748917,0.6933285503233347,0.7903744597932889,0.9052495344777887,0.8159343921298715,0.8904788566091358,0.6728820924295597,0,0,0.8204240270821599,0.8247455805382314,0.9310876215256453,0.9297985008205529,0.9004466019551344,0.3248729786939288,0.7391490034645283,0.8751321811565369,0.8459913442917921,0.8459828136315015,0.9055091031794786,0.8525867461339073,0.7308182183900137,0.6391810395547387,0.7502479342337007,0.8933374152720801,0.8121744736099394,0.7407882870983034,0.7671849025146182,0.9353405439576343,0
italian,0.5127115238185966,0.8029558725917644,0.7226053936575371,0.7971822389253551,0.8843662958458451,0.8711521306436347,0.9347099249708071,0.6869219985023461,0.4533017781102103,0.8376302292287948,0.8335013584319412,0.8999904995201632,0.9435225543415622,0.9394426902215863,0.7533709888564808,0.704534259678486,0.9412499523051917,0.9278637597314854,0.9438190097203736,0,0.939156724609171,0.7415934761961053,0.7980514573640214,0.7208703865851086,0.85073204502112,0.920921551930077,1.0,0.6865359556234761,0.646983169197518,0.7191324991047404,0.7298087068425592,0.8588194091562761,0.7891869396928686,0.8960882836390758,0.7335480432305705,0,0,0.7861231611110336,0.8177374424585974,0.9588682895799465,0.9139820717471867,0.863038767742153,0.2752293594623225,0.6651065913698695,0.8392951982302186,0.8344584941559622,0.8516283003024664,0.9311725344343368,0.8665001330647286,0.6436571574834414,0.6653442536127402,0.7536249531506519,0.8641993160956173,0.7773902896440864,0.7465997480863494,0.7824108339695988,0.9039187916562814,0
japanese,0.354754604658387,0.6721965160464927,0.47466568933891523,0.6248104645410201,0.656673275318276,0.7358435623806373,0.6595809161736231,0.6655194753990891,0.39411101614295857,0.6562348995909788,0.6058330710069311,0.6972255944664391,0.6482136432045077,0.7260153401814855,0.5169347811610789,0.5122850516339685,0.640679308460372,0.6362377358904278,0.6264814806126422,0,0.5313836540283154,0.5186372984209442,0.888345480918255,0.3176241075811865,0.7471456296018021,0.7167485249766723,0.6865359556234761,1.0,0.46296206240051896,0.6318551617123204,0.48403042434659765,0.5984498828068203,0.5515758186078161,0.5972782799245823,0.4105396507154419,0,0,0.6717665258161531,0.6135540727503535,0.6429147438354776,0.7261665366095421,0.680128889619461,0.16126472889747218,0.6679580800716737,0.6608151276390555,0.6588561023100413,0.6375884870346029,0.6559985288886062,0.6393963191579978,0.5187757334389048,0.49064450683772426,0.5205368890002509,0.6563894588801001,0.852603171847544,0.5989947597326918,0.6791164461644951,0.7271736581366381,0
kazakh,0.5250555790508046,0.5822505804985895,0.8615434443491505,0.7189928883020577,0.7569036321158937,0.6902599966469388,0.5439272698109866,0.520522670393493,0.35714040642796896,0.7444636431433653,0.7255977855670352,0.7171644047925684,0.6569091576475161,0.7187878541316475,0.7263490258257339,0.8991582285465107,0.4845512389007311,0.5085737577042502,0.6592488152763072,0,0.5511749702424396,0.6015926358521512,0.5870450976710557,0.48230252432652015,0.6937209131259359,0.6239532834748917,0.646983169197518,0.46296206240051896,1.0,0.6411340631910716,0.6700574872346562,0.7051233159602922,0.6851888424336773,0.6414290586051494,0.7338022507093215,0,0,0.813379402690451,0.7139571349207589,0.520655363194435,0.6933146188162113,0.7608707137026446,0.2589159288343944,0.5944601431442997,0.7486339768579111,0.7407842725980128,0.7641997779717414,0.5458369015145623,0.7627163884901899,0.5226617194594068,0.6532903707895281,0.8660101905252277,0.7383195273908748,0.5906130159376454,0.848369925701603,0.5877980442791735,0.6933075989750268,0
korean,0.44215688057167757,0.6167072540272387,0.7939546334671245,0.8802951966242751,0.8277360790555793,0.7700256838769602,0.6382584642396325,0.8151824856512822,0.432439760265966,0.8037656181882402,0.7815041016726308,0.6794690986682708,0.6858117202918658,0.7674788451266247,0.8400023354414327,0.7529983317634115,0.5716452702365065,0.5441194073635521,0.6946989256028614,0,0.6576097511554121,0.5492173630414128,0.7289793036167028,0.6290835053060452,0.8577534825484655,0.6933285503233347,0.7191324991047404,0.6318551617123204,0.6411340631910716,1.0,0.7857181342113455,0.8010592654987435,0.8373115320292362,0.6367837441951365,0.7062974418153174,0,0,0.662151873024384,0.8470060414683289,0.6745369508046455,0.8173439207028489,0.8021558338292081,0.3014740786511622,0.435926161308669,0.8096768358282549,0.7309006776895284,0.8393056304370548,0.6203825065825777,0.7281829684311397,0.6485299931965579,0.769386279516285,0.7080156371568195,0.8267147600875797,0.5737425757437129,0.8260511229265314,0.7586808793318213,0.7640338532588347,0
latin,0.6116253875810735,0.7667605809241219,0.8758004409164787,0.8722784244320031,0.892464902681074,0.8753742321994952,0.698873555228062,0.7264833322353484,0.6075035079523613,0.9180901947956425,0.9248691724824423,0.7766106792748106,0.77784176234455,0.8522739491090244,0.9426586647311209,0.8257326443278169,0.6408463227543316,0.5742885261340012,0.7856967294230455,0,0.7162735839623555,0.5989847312080862,0.7396314148704379,0.6837048319854573,0.8429979380683862,0.7903744597932889,0.7298087068425592,0.48403042434659765,0.6700574872346562,0.7857181342113455,1.0,0.9121073006922699,0.8889484450488475,0.7560626178200692,0.7936525039308185,0,0,0.7997942088015522,0.915341282860272,0.7458417180812675,0.8589276751218248,0.8992149296702422,0.4349370521115629,0.5578117244326237,0.9295396067525047,0.8686007435259372,0.9171202420225638,0.6974180713809207,0.8628353887300988,0.7375018048367974,0.6776506123295081,0.7677468532125135,0.9142974799516611,0.6694091345254064,0.7827312706370391,0.761965806602302,0.8718923711044837,0
latvian,0.6135003674102457,0.845984190716024,0.8367621817347121,0.9330551541962945,0.9575037955492887,0.929249345046268,0.8149714748851173,0.7931684466414805,0.5887039913934817,0.9605201125437315,0.9437784086528543,0.8696184319873168,0.8856982746913121,0.9215002674060261,0.932713242241177,0.8252461281440382,0.7677998105513193,0.7595271349039254,0.8974225454759033,0,0.8447706376182704,0.639877006148752,0.8232648413827521,0.6861751398082983,0.8713209659939907,0.9052495344777887,0.8588194091562761,0.5984498828068203,0.7051233159602922,0.8010592654987435,0.9121073006922699,1.0,0.9424267755883592,0.8045102930721857,0.8010487930559799,0,0,0.8221869666591035,0.9138395000697503,0.865441039336743,0.9522393331585977,0.9675942589816294,0.43909984819896425,0.6275242456541987,0.962299277730247,0.9231509088174926,0.9387376025938878,0.8177284966992706,0.8946435416679468,0.8399293499672154,0.7214812800114524,0.823979769008682,0.9708413655766246,0.7504853984603749,0.8635035168031797,0.7764634852532304,0.9412249281293721,0
lithuanian,0.5774095052726087,0.8078114707998874,0.8394591618644884,0.9192737093067437,0.9314815053841137,0.8759687735825678,0.7090913641752205,0.784368860888701,0.5318562709889548,0.9183961848051636,0.9277035750835759,0.7922601781283105,0.7979887653364759,0.849391655308959,0.9207014695982958,0.8017947390765355,0.6806086249268316,0.6563260060090941,0.8080890467833847,0,0.7585417493348157,0.6106819949809129,0.7551217396330053,0.6363746571296295,0.8341317415349053,0.8159343921298715,0.7891869396928686,0.5515758186078161,0.6851888424336773,0.8373115320292362,0.8889484450488475,0.9424267755883592,1.0,0.7083008185213847,0.7635684633032709,0,0,0.7546166290438244,0.923366060976987,0.7888305719988209,0.9035320842484813,0.9322928648932577,0.42420914871028004,0.5191216898980583,0.9209117588194273,0.8988030661588537,0.921116901705889,0.707278799842683,0.8274512650103163,0.8223837961286661,0.7310639998991806,0.7800987032243342,0.9410886426760181,0.6489085955297158,0.8516250013715575,0.7073208350734378,0.876542950634933,0
maltese,0.5146735750831676,0.658507992769319,0.7172683129830644,0.723572625707741,0.8015993970372057,0.804604101123001,0.9129781889190066,0.5996076000045725,0.4760286960982012,0.7902090310311023,0.7801904370072228,0.8624169754931048,0.9313215901788509,0.9051588344005569,0.7293687519745655,0.7203337537851906,0.9034210252321185,0.8055079919181757,0.9154009574100516,0,0.9029444059088342,0.5800526476779949,0.7305035909699044,0.7702651510081392,0.8221848364411709,0.8904788566091358,0.8960882836390758,0.5972782799245823,0.6414290586051494,0.6367837441951365,0.7560626178200692,0.8045102930721857,0.7083008185213847,1.0,0.7186814271407662,0,0,0.8196915341337584,0.7637558477295328,0.8725167015825759,0.859348533756079,0.783122838582877,0.33438409353576365,0.7076521304174032,0.8000894022242722,0.7592538181124239,0.7997852157512313,0.9088664932085138,0.8715967815611684,0.4994404027345694,0.6088608002312907,0.755976044197884,0.7737467693990171,0.7301365330084586,0.6768934837136428,0.7756989862611863,0.8486093519156622,0
marathi,0.6140251331475587,0.61015948066202,0.8572999491058364,0.812704245860776,0.8405298738497807,0.7511895620624688,0.7423709170807581,0.6780247294506333,0.5902982771819695,0.8260588405493208,0.8122029703613867,0.8284002677829888,0.8100648916311423,0.8023673082070865,0.814267267338559,0.8516366017280723,0.6567809268021931,0.6406917572503499,0.7934568086231532,0,0.7378696562261147,0.5726407644635225,0.6447329967958259,0.7419417868009117,0.7809140377884629,0.6728820924295597,0.7335480432305705,0.4105396507154419,0.7338022507093215,0.7062974418153174,0.7936525039308185,0.8010487930559799,0.7635684633032709,0.7186814271407662,1.0,0,0,0.7166595563142897,0.811806738131331,0.6919664390036512,0.7938628210393164,0.7784552922956778,0.40844450667056537,0.5628034284667423,0.8230035525934625,0.7855975218637892,0.811278470175478,0.7306633200680314,0.8644753857640292,0.6583241066025043,0.8274848820562353,0.7835621276464442,0.7792682295336106,0.6429870189990534,0.85019621623895,0.7328533527206855,0.7592632960187724,0
north_sami,0.0,0.0,0.0,0.0,0.0,0.0,0.0,0.0,0.0,0.0,0.0,0.0,0.0,0.0,0.0,0.0,0.0,0.0,0.0,0,0.0,0.0,0.0,0.0,0.0,0.0,0.0,0.0,0.0,0.0,0.0,0.0,0.0,0.0,0.0,0,0,0.0,0.0,0.0,0.0,0.0,0.0,0.0,0.0,0.0,0.0,0.0,0.0,0.0,0.0,0.0,0.0,0.0,0.0,0.0,0.0,0
old_church_slavonic,0.0,0.0,0.0,0.0,0.0,0.0,0.0,0.0,0.0,0.0,0.0,0.0,0.0,0.0,0.0,0.0,0.0,0.0,0.0,0,0.0,0.0,0.0,0.0,0.0,0.0,0.0,0.0,0.0,0.0,0.0,0.0,0.0,0.0,0.0,0,0,0.0,0.0,0.0,0.0,0.0,0.0,0.0,0.0,0.0,0.0,0.0,0.0,0.0,0.0,0.0,0.0,0.0,0.0,0.0,0.0,0
persian,0.5711366711350865,0.776450844484523,0.8388945220042163,0.7527340595190375,0.8532447877882832,0.8928616015505765,0.7682537224819039,0.6503798301159114,0.5501640551604693,0.8789671963931059,0.8677662546107527,0.8685960549697075,0.8284870146118691,0.8935829319889338,0.7692462741457852,0.8371571191183603,0.741219551324337,0.708760562845355,0.8219635209967864,0,0.7009796587435037,0.6645513370023065,0.8124117073409624,0.5437103587491336,0.8378390736094319,0.8204240270821599,0.7861231611110336,0.6717665258161531,0.813379402690451,0.662151873024384,0.7997942088015522,0.8221869666591035,0.7546166290438244,0.8196915341337584,0.7166595563142897,0,0,1.0,0.8260254287674984,0.7654601990773826,0.8650371862637004,0.8596985071454392,0.3628335489122138,0.7109847417432025,0.8777064671479325,0.871006991639697,0.8604028854198892,0.7716616883584078,0.8991425763378127,0.6208965882880538,0.6326165040716777,0.8617928766824117,0.848457573757836,0.8144490447484938,0.7821900004437321,0.7435074835662524,0.8779111231911578,0
polish,0.5897105365319866,0.7837846233380106,0.894136319364271,0.9010316879741219,0.9433653362215729,0.9270400618527491,0.7643570933867031,0.7452363627109406,0.5407198770215799,0.9353383858726271,0.949052413146713,0.8343876732222196,0.830249848579314,0.8996167604880712,0.9054165697816544,0.8270009533168684,0.712259308652943,0.6715980460797967,0.8248244746455482,0,0.7503420144387623,0.6485954901463761,0.7924259625773084,0.6756956296354512,0.9030818991509671,0.8247455805382314,0.8177374424585974,0.6135540727503535,0.7139571349207589,0.8470060414683289,0.915341282860272,0.9138395000697503,0.923366060976987,0.7637558477295328,0.811806738131331,0,0,0.8260254287674984,1.0,0.7982991518836564,0.9215809872007872,0.9281535435242277,0.3508363721483259,0.621559089387341,0.9402595203142156,0.9159202410449421,0.9488546047101207,0.7546734620890203,0.879332787970634,0.7223382399473878,0.7479006544115421,0.771366644032034,0.9420211952530534,0.7100322759259364,0.8274873536090984,0.7668173382185395,0.894947653297205,0
portuguese,0.5082170534914121,0.8314998266316158,0.6641939464451594,0.7761707661391796,0.8592876867667433,0.8655895453680921,0.933241354798264,0.6957353111016457,0.5185115211794455,0.8226379283211561,0.8280737650955814,0.8672362193961569,0.9268684424181755,0.9140004416043465,0.7390836630928745,0.6255574141552178,0.9501086887332302,0.9292043116082652,0.9267132441922623,0,0.9529051583997531,0.6937855445410613,0.8013744595693464,0.7183090951151946,0.8086974428826976,0.9310876215256453,0.9588682895799465,0.6429147438354776,0.520655363194435,0.6745369508046455,0.7458417180812675,0.865441039336743,0.7888305719988209,0.8725167015825759,0.6919664390036512,0,0,0.7654601990773826,0.7982991518836564,1.0,0.902708565232041,0.8380170521385154,0.337501674102635,0.6091650386476158,0.8238453136103531,0.814531104966534,0.812724936117188,0.9329790215257263,0.8306572443834591,0.7116984625803431,0.6129577910495294,0.7196498024720797,0.8530660408678432,0.7632005679519608,0.671601748247437,0.750649820655188,0.9043194762946504,0
