,afrikaans,arabic,armenian,basque,belarusian,bulgarian,catalan,chinese,classical_chinese,croatian,czech,danish,dutch,english,estonian,finnish,french,galician,german,gothic,greek,hebrew,hindi,hungarian,indonesian,irish,italian,japanese,kazakh,korean,latin,latvian,lithuanian,maltese,marathi,north_sami,old_church_slavonic,persian,polish,portuguese,romanian,russian,sanskrit,scottish_gaelic,serbian,slovak,slovenian,spanish,swedish,tamil,telugu,turkish,ukrainian,urdu,uyghur,vietnamese,welsh,wolof
afrikaans,1.0,0.7664337740971701,0.7191181653730025,0.721113357967175,0.8813759987336462,0.8962617231600856,0.9305546883077939,0.5874623419615037,0.6268140224713993,0.8773936264419517,0.879317225625642,0.9401656648759342,0.9019514865473706,0.9340594641467803,0.7838734492747503,0.6247381730426645,0.900074328218376,0.8768106510224412,0.8846413871041299,0.38391277637278065,0.8994732545850863,0.5814214228549671,0.784737979692717,0.5678147417518544,0.8116816362836996,0.8118968609500646,0.9125862563807027,0.5616570919129696,0.608843123393025,0.4673127449999764,0.747371163855522,0.7855911277422005,0.7251770776510411,0.812851005584193,0.6890871456489683,0.4758598746707362,0.4812166858104645,0.7923558288895939,0.8129513786511411,0.8811012476029632,0.8930695188018767,0.8690981069846107,0.3353544676808142,0.8631323519832499,0.8719250704796375,0.8622476899751099,0.8667140354245817,0.933101336081149,0.884285745445086,0.6966562382818897,0.5707761169102882,0.7404415479371798,0.8429896125069434,0.7787399520052064,0.5382923848629774,0.6645474629865671,0.8621816458054548,0.44087035864725965
arabic,0.7664337740971701,1.0,0.5727634433393932,0.7484490282172258,0.9209415286474626,0.898321635494576,0.7460267129748076,0.7643249534739462,0.643227353435672,0.8198397543480174,0.8513095365872564,0.8119118241657428,0.71882429294424,0.7496620682670201,0.8138240642982387,0.5191616862405609,0.7552944647066077,0.8143363006009416,0.6984377426426683,0.6511791921494061,0.6896220185965412,0.6689148267262673,0.8154645815826831,0.339392708037705,0.6659428284099714,0.6915054960721019,0.8042830604381803,0.6009537407974418,0.5012816034725451,0.4675325685365574,0.6939636912932011,0.8158757711055753,0.8364043350200765,0.6074001563233578,0.5200185224492152,0.3967201300813275,0.46471236742852384,0.7244607244815844,0.7877952843169408,0.8299697341782448,0.8169079652092014,0.8797938469318256,0.2935880179111719,0.7176238454016349,0.831543494387132,0.8994442010899684,0.8555943666962081,0.725521344377672,0.7749019887304907,0.8759333597917137,0.53488340383893,0.6762849624996617,0.8250672748550191,0.8144744770986337,0.5182514283716533,0.5939247991327916,0.8370055018990169,0.6206963361405236
armenian,0.7191181653730025,0.5727634433393932,1.0,0.8638582559873671,0.7589130483278196,0.688797761136276,0.6475246250239987,0.6165585562889615,0.4677435524558031,0.8719498438413963,0.8488251284126919,0.7985838185865943,0.7345482482193405,0.7499951931596639,0.8395003635336135,0.9132365086511216,0.6310296851951706,0.5225210202689934,0.7142157646852294,0.33665600570111665,0.6512503769674313,0.5340910677063586,0.7364429923462482,0.5907215122087908,0.7793646886936011,0.6218521970574357,0.6401132117790548,0.4445187375274331,0.8925442467050032,0.5747683591352264,0.8455530637508402,0.8510523294956184,0.7812993848193518,0.8035513732403101,0.7752952194942416,0.853646616362365,0.46577974567126196,0.815920049535433,0.855003733392674,0.5607627733212974,0.8257907087072417,0.8259941489253813,0.40541102710303434,0.7323692231470564,0.8664826511969083,0.7996013398117674,0.8516064620088869,0.6588014222362731,0.8851487157090808,0.6982793329384318,0.7296584048007875,0.9098374004799012,0.8527123891313189,0.6137294320960731,0.7956125567805881,0.6081907243029588,0.7740805157274075,0.5744468895287355
basque,0.721113357967175,0.7484490282172258,0.8638582559873671,1.0,0.8473684262445371,0.7495230152080384,0.7090495579020678,0.8310904148576963,0.5886798800918883,0.8987449619290921,0.8864780271090074,0.8062491333965666,0.7955462105471378,0.7651902484190494,0.9250692633308548,0.8184119287011016,0.6910711933928594,0.6314541457253472,0.7584771499865842,0.5380332264538615,0.721719717328843,0.48716170260836206,0.8451744784794235,0.5908268350550927,0.8059346578798563,0.7019367037443422,0.6970928739121652,0.493046215405438,0.6662827802256192,0.6682510187921622,0.8676190788772548,0.9451539342853802,0.9261582873977996,0.7144833136694043,0.689933935437367,0.7381682163020886,0.48893584778853866,0.7048395203222674,0.9017855820657396,0.6872680321499168,0.8964144401787572,0.8749937378165253,0.4250665025082069,0.7366796994774968,0.9103313788437689,0.8574456701674631,0.9066976368287188,0.7103582033761258,0.8734277561849983,0.8495777108081037,0.7026786302360482,0.829063536099398,0.9000678224055559,0.6902681352720177,0.7690776188531127,0.6297770116650843,0.8919308216553389,0.7316196559718423
belarusian,0.8813759987336462,0.9209415286474626,0.7589130483278196,0.8473684262445371,1.0,0.9619673364284445,0.829062991170692,0.7602321524880221,0.6964828548934464,0.9470804611413984,0.9615342688349138,0.9247110604050788,0.8226299940860949,0.8647480432656925,0.9096639615433961,0.6999660041817919,0.8109981820737704,0.7862892558122874,0.8159517710156236,0.5752126762902524,0.7656431768329048,0.6094557806824359,0.8839125680105602,0.47840973828806543,0.7891473864730796,0.7560825419645982,0.8327197610653738,0.6040295693430607,0.6683654778973811,0.5513973218039738,0.8330891954923442,0.9215838292026968,0.8790871075994724,0.7424330384238522,0.7152517508652889,0.550756817169658,0.5428466897617948,0.8170313103613809,0.911152824258723,0.8213201535127459,0.9174570266259067,0.9714765362152072,0.41223014933989166,0.8152382148665346,0.947697005160955,0.9694996768012525,0.9547226961971826,0.8204782886139582,0.9178103259319543,0.8568166055038257,0.6678753470135605,0.7879890609509014,0.9501227806086139,0.8464125237283372,0.6286432039071119,0.6853100127794415,0.9073968846808992,0.5931024396518287
bulgarian,0.8962617231600856,0.898321635494576,0.688797761136276,0.7495230152080384,0.9619673364284445,1.0,0.8507459396518506,0.6722001113448344,0.6544778134297949,0.9148142247283316,0.9315334715741193,0.9346155202387166,0.8295296605487562,0.8754087346515519,0.8212277579922141,0.6255216071343,0.8294283477584877,0.7904733714206661,0.8007416388394735,0.4689669741056457,0.7323286548410115,0.6156323386002888,0.8771114611762104,0.4280680822781986,0.7949160193965014,0.7412249860860379,0.8488903278428791,0.6622213711124977,0.5968939755605562,0.4828378875561153,0.7871711296061743,0.8284069892101575,0.7868035832640524,0.7265602728757946,0.6184481399206574,0.48120568452180423,0.5051803384526338,0.8440973354293277,0.881893115566586,0.8440126526810395,0.9024195719649993,0.9378664579296628,0.36256567257418637,0.8160954863556896,0.9191581106828651,0.9401192459074145,0.9152097264301069,0.8389855206827666,0.8937708782527268,0.7537709115760657,0.5774347613770953,0.7341099964318567,0.899103218814809,0.8740031749674687,0.5523765754102236,0.6823827688624641,0.8790278996761536,0.502157199658246
catalan,0.9305546883077939,0.7460267129748076,0.6475246250239987,0.7090495579020678,0.829062991170692,0.8507459396518506,1.0,0.6225745383019503,0.6052411574008727,0.8148075620049351,0.807737498848215,0.9328642136204179,0.9430667147808094,0.9584454729953874,0.7255766201967032,0.5905110546199633,0.9515737350467393,0.9000768318236374,0.9029304416552585,0.37845664460471673,0.9092350266361159,0.5723886051952943,0.7873668473326504,0.6273064370743529,0.850099744514496,0.8871464792858726,0.9378118653642297,0.6441359370879093,0.5204768889488195,0.4862754512864839,0.6952583556160349,0.7374506620805221,0.7035416781764475,0.8267059524300476,0.5556485120971026,0.4587513331201825,0.41627408604479055,0.7684669528435917,0.8001269292443952,0.9250490718345176,0.8972937872928719,0.8123138818369326,0.2949689245730919,0.9138063621231031,0.8293568940205224,0.8011617962681952,0.8063536625815715,0.9938300904472064,0.852237857806027,0.6405713004559691,0.5897350969105858,0.7114317996419246,0.7967266542990638,0.7830226625139594,0.5005360938559416,0.6919290197704719,0.8893741751467461,0.46157067381614725
chinese,0.5874623419615037,0.7643249534739462,0.6165585562889615,0.8310904148576963,0.7602321524880221,0.6722001113448344,0.6225745383019503,1.0,0.5826637687592832,0.7285912510900425,0.7539076775774698,0.6744143594373293,0.6358986263724173,0.686567838189166,0.7879361101911204,0.6196316249071622,0.6325258061337105,0.6180054216715967,0.631212140545701,0.5336801503637724,0.6305856979013814,0.3986969714968797,0.8082196149147377,0.45923728198216535,0.7020999956680082,0.5993616096785509,0.6188965176483235,0.5781971010708563,0.4347801681922181,0.7411125128605457,0.7219488164886003,0.8203200457032607,0.8645842856599029,0.5792953951088815,0.48031109369244285,0.571514481221292,0.3841543021687077,0.5866172414094997,0.7391932952273788,0.674000334245146,0.7827684252992616,0.7793191174330808,0.31684579900706045,0.5888228726822807,0.7374921464894973,0.7705857288487692,0.7924078064625645,0.6171003756883355,0.7258367012062542,0.8116675982973278,0.6474974740805124,0.6696134431910021,0.7732013483827616,0.705874019395208,0.714982114215518,0.7053284458088641,0.8033673707165878,0.6683864924017893
classical_chinese,0.6268140224713993,0.643227353435672,0.4677435524558031,0.5886798800918883,0.6964828548934464,0.6544778134297949,0.6052411574008727,0.5826637687592832,1.0,0.6553469618824017,0.642119534743138,0.6762177003296067,0.6217692534579689,0.5641501944080346,0.6588303064519028,0.48008615343106475,0.5494925303526064,0.501699736932533,0.5726096132733494,0.5257497279245862,0.5513536165585519,0.3973744168166789,0.5376751133458902,0.362021527664908,0.5830233072525732,0.64782696686647,0.5208879550246732,0.3816929267623874,0.40089492667438326,0.4675243116206685,0.5734335359416937,0.6466080064581989,0.5975942084363077,0.46486694734261896,0.6664919780286086,0.46568158265897397,0.7515678636157375,0.600903120279853,0.577865924911087,0.5595529161693578,0.592120428305995,0.6117837726392492,0.7689713568668384,0.5991025910207648,0.6512449948211658,0.6501078099466536,0.6376863587347794,0.5757312236112372,0.6335918299544363,0.6673303833749812,0.6823921140526181,0.6010361802995061,0.5581068780007437,0.5485182032064485,0.3870801116923482,0.5578525440520955,0.5755960190306905,0.5050530744583034
croatian,0.8773936264419517,0.8198397543480174,0.8719498438413963,0.8987449619290921,0.9470804611413984,0.9148142247283316,0.8148075620049351,0.7285912510900425,0.6553469618824017,1.0,0.9648373209271786,0.932849037838387,0.8518947116221441,0.8713200956360722,0.91334396471021,0.7762604616668163,0.785361311550642,0.715763704960046,0.8267633573325519,0.4639440939150165,0.7523631200675281,0.602468013783059,0.868154039862336,0.537941307448471,0.8631401429211372,0.7454811782071997,0.7981782916396164,0.616459889297022,0.7209436630271833,0.6095867564954766,0.8611258452833889,0.9194173493535194,0.8588299053843286,0.769504040036252,0.7958189902927181,0.6659980523545207,0.5682250941475454,0.8329855490882019,0.9317412382736446,0.7654466067009359,0.9354474908363517,0.9526537357472918,0.43905058312702716,0.8172628283554562,0.9895727298474846,0.9447919818273294,0.9734325166151111,0.8178518283237307,0.9416273620257886,0.8139482862207776,0.7086749064435834,0.8405925327632339,0.9517964753171972,0.8235948183118498,0.7092682023193542,0.7069585441189958,0.8873671510442975,0.631771584153787
czech,0.879317225625642,0.8513095365872564,0.8488251284126919,0.8864780271090074,0.9615342688349138,0.9315334715741193,0.807737498848215,0.7539076775774698,0.642119534743138,0.9648373209271786,1.0,0.9278055217940737,0.8521112242574407,0.8738887231972611,0.9287374757916198,0.7927688837425283,0.807539634427868,0.7331432872371966,0.8250494549871537,0.4851653522921407,0.7678945414221612,0.6014068774305799,0.9033341095389674,0.539382594984758,0.8458401990014597,0.7437192036220559,0.8173540498374388,0.5655091063293665,0.7143298931156405,0.5811291561354739,0.9035719398346994,0.9362078001283446,0.9040806436491897,0.7758556244052373,0.7280791709699239,0.675141510788024,0.5289623521270894,0.8401310571585151,0.95634492487007,0.7931315626569883,0.9475414016767624,0.9792785737859381,0.4361629552580643,0.8243751262670785,0.9628017120136023,0.9795918113553944,0.9656189032117143,0.8079543032144523,0.9600069348734868,0.82760877140354,0.6779708945738978,0.8385099908470715,0.9687142506317776,0.8045340385406805,0.7407029154270893,0.6972779133389823,0.9217554390389625,0.5978869764044094
danish,0.9401656648759342,0.8119118241657428,0.7985838185865943,0.8062491333965666,0.9247110604050788,0.9346155202387166,0.9328642136204179,0.6744143594373293,0.6762177003296067,0.932849037838387,0.9278055217940737,1.0,0.9279895003193809,0.9455779499838477,0.8524767640665253,0.7337347759996471,0.8882150675009275,0.8170023347831611,0.8909605596054478,0.43909941144544246,0.8383703719075152,0.6391268581611083,0.8522310100387561,0.5833868972408035,0.8853485808448728,0.8608221681702312,0.8924094346562024,0.6591522784379105,0.6915329832601155,0.5291559331051748,0.8192959031557037,0.846000470743689,0.7990980098199516,0.8396871839515702,0.7017802050843512,0.6158048054309101,0.5362485914134121,0.8853663291411918,0.8966880726530664,0.8611199490866902,0.9393443196515532,0.9207138863061961,0.43803875323934743,0.9247120852470252,0.942977476544594,0.9186968851600934,0.9210754816077282,0.925152417746448,0.9475091078615013,0.7507430417591444,0.704178223919547,0.823437321785158,0.8960397043287265,0.8413207435897112,0.6190997257458722,0.7241800299936282,0.9075039086084521,0.5296545961570324
dutch,0.9019514865473706,0.71882429294424,0.7345482482193405,0.7955462105471378,0.8226299940860949,0.8295296605487562,0.9430667147808094,0.6358986263724173,0.6217692534579689,0.8518947116221441,0.8521112242574407,0.9279895003193809,1.0,0.9313819540040558,0.8001044304529236,0.6862632669962212,0.9036647910374214,0.8196570234324536,0.909874771117045,0.4116056808822511,0.888662148711942,0.556020916836617,0.8120571652555144,0.6551267295893337,0.9045735962980602,0.9192358189395686,0.89238096891785,0.5616420860817941,0.5913129338021329,0.5098021544656007,0.77017490643002,0.8002202962236212,0.7711328567301904,0.8213245610932789,0.5855937461583511,0.606223322290022,0.4699157123957747,0.8003961268383565,0.8629001888476306,0.8777638846189598,0.9156765178198166,0.8346874005371396,0.39695288838151827,0.9244272813504493,0.8656280769675595,0.8220232292302835,0.8152751183315219,0.9410176554658147,0.8877640854770661,0.6589016796957596,0.6119675911764444,0.7943668848597147,0.8244501663214866,0.7282951753949042,0.5863041818744993,0.6536064899763966,0.8988451258870827,0.5301364230003942
english,0.9340594641467803,0.7496620682670201,0.7499951931596639,0.7651902484190494,0.8647480432656925,0.8754087346515519,0.9584454729953874,0.686567838189166,0.5641501944080346,0.8713200956360722,0.8738887231972611,0.9455779499838477,0.9313819540040558,1.0,0.7879564934419674,0.6958419796715961,0.941234194839574,0.8639230180941482,0.9077211153669685,0.37070446210748437,0.9026582824531577,0.5940726669893381,0.8679114764803102,0.6504766015196168,0.8949284810628418,0.8492687113178113,0.9367813905064104,0.7070342248035957,0.6286609512794221,0.6227967418698629,0.7902940587792578,0.8063842889840512,0.7629385986314022,0.870095744143908,0.6126056217781932,0.5654282414271347,0.4287778339789574,0.8157465338168743,0.8575681751196336,0.904335367830509,0.930512063737452,0.876500330693935,0.3309685867845225,0.9100240878248599,0.8701291314016846,0.8582501780372123,0.8586822365706313,0.963185650833636,0.9197554260185596,0.6726021045428251,0.6392586939623879,0.7824217183472213,0.8688898211199999,0.8516640141884347,0.5973841910767012,0.798516536651987,0.9197633034862498,0.4870408217178196
estonian,0.7838734492747503,0.8138240642982387,0.8395003635336135,0.9250692633308548,0.9096639615433961,0.8212277579922141,0.7255766201967032,0.7879361101911204,0.6588303064519028,0.91334396471021,0.9287374757916198,0.8524767640665253,0.8001044304529236,0.7879564934419674,1.0,0.8270743235687104,0.696788382586452,0.6535103428772773,0.7794174015000396,0.682769066642071,0.742738840698278,0.5546010539877232,0.8282718731806227,0.5210033584277337,0.7932868619000835,0.7597386032317531,0.7256010089251649,0.4960428953338573,0.7373188334925559,0.6203065639368975,0.8722486060248779,0.9660195232163334,0.9428352258785319,0.7151885021261114,0.7321333807304956,0.6968352537947836,0.5768821472845427,0.7607308109901403,0.8950904772847221,0.687050461001035,0.879505112728503,0.9346917590680194,0.48867152036433686,0.8065619255661087,0.9173745368080998,0.9266836023531093,0.9275782404160143,0.7163299741756101,0.9022460540255504,0.8873704835087433,0.7171243964375045,0.83582405791981,0.9077471687560461,0.7317209505549743,0.7187390929243024,0.6602136823489082,0.8810608137123506,0.6647187174322067
finnish,0.6247381730426645,0.5191616862405609,0.9132365086511216,0.8184119287011016,0.6999660041817919,0.6255216071343,0.5905110546199633,0.6196316249071622,0.48008615343106475,0.7762604616668163,0.7927688837425283,0.7337347759996471,0.6862632669962212,0.6958419796715961,0.8270743235687104,1.0,0.6147539449935201,0.45060444004408884,0.7405874556514942,0.3709962588948828,0.6026083165856874,0.5114945376810345,0.7302002785460205,0.6321853056125772,0.7230259404743419,0.5993235750173627,0.6074789178367064,0.3812423850823797,0.847143009141193,0.584277059436917,0.8508003308018842,0.8444735471645,0.7711286819290584,0.7785351393357184,0.6703621972151287,0.8711821525418217,0.4790377951137435,0.7726620321466678,0.8166711125087017,0.5158031503956012,0.7742679918365778,0.7714044285028171,0.5133068298005008,0.708023927855124,0.7791757189780237,0.7437094106963196,0.7792960092971848,0.5944554540890659,0.8717977866719876,0.6453535380876448,0.7110633795290326,0.8672790636713206,0.8075178922734828,0.544440593161602,0.753425438063703,0.5944927588608869,0.7664854737974561,0.5604491692580482
french,0.900074328218376,0.7552944647066077,0.6310296851951706,0.6910711933928594,0.8109981820737704,0.8294283477584877,0.9515737350467393,0.6325258061337105,0.5494925303526064,0.785361311550642,0.807539634427868,0.8882150675009275,0.9036647910374214,0.941234194839574,0.696788382586452,0.6147539449935201,1.0,0.9255671596429096,0.9082535136267199,0.33418724357764495,0.9234527692618683,0.623585332697997,0.8034958117766605,0.664740609193031,0.7771916685365768,0.841334271646517,0.973662823458729,0.5790169393444762,0.5032955806951852,0.46854647909057395,0.7075610849118099,0.7487902514879407,0.72342064929707,0.8293072747424541,0.5175704590537992,0.47892116356521386,0.40114418888629105,0.7430209463441134,0.7888017250518679,0.9664373558547762,0.8916764271674474,0.8071696829603918,0.3113546661725698,0.8598688324640669,0.7872322061433384,0.7985880053010319,0.7918190127604218,0.9556389863301448,0.8634162667314917,0.6475140148416112,0.5433210866405582,0.6840525827126445,0.8097478436120715,0.733843102312332,0.5460374792733214,0.6474390591796731,0.903451171061761,0.5277510584243875
galician,0.8768106510224412,0.8143363006009416,0.5225210202689934,0.6314541457253472,0.7862892558122874,0.7904733714206661,0.9000768318236374,0.6180054216715967,0.501699736932533,0.715763704960046,0.7331432872371966,0.8170023347831611,0.8196570234324536,0.8639230180941482,0.6535103428772773,0.45060444004408884,0.9255671596429096,1.0,0.8087838046399592,0.4176702784081397,0.8949120088696845,0.6483435226543154,0.7402400070726711,0.5385089147467852,0.6767777179764075,0.798628948759694,0.9485594645768056,0.5577250568281804,0.4372442993084447,0.4075875160592137,0.5761739346674545,0.6898233918308058,0.6897146149934967,0.7342209033111541,0.4518339521788348,0.322903452126124,0.3277911178320262,0.6576335150863662,0.6953021150072262,0.9561442149515378,0.8081545464033372,0.7552006529760471,0.14372775505856875,0.7901756223810287,0.7224862505678512,0.7545210853599554,0.736539648359713,0.8967054787091938,0.7432426487457181,0.6970636040521195,0.4747394768048741,0.6121512566068508,0.7408103292759269,0.7252961458996467,0.45273360275774255,0.5734643562222862,0.8357636532335366,0.5153257790898945
german,0.8846413871041299,0.6984377426426683,0.7142157646852294,0.7584771499865842,0.8159517710156236,0.8007416388394735,0.9029304416552585,0.631212140545701,0.5726096132733494,0.8267633573325519,0.8250494549871537,0.8909605596054478,0.909874771117045,0.9077211153669685,0.7794174015000396,0.7405874556514942,0.9082535136267199,0.8087838046399592,1.0,0.4235136446552472,0.8790642347316362,0.5659354050262202,0.7589817725512381,0.6795247917309856,0.8273877909492676,0.8440352249926978,0.896853668960907,0.5304662863555077,0.6003826280683275,0.501310544184612,0.7393583788341381,0.8090445120491612,0.7443821552369067,0.8217131269481682,0.6021817923186418,0.5302456439558337,0.4311296136850491,0.741682674068063,0.8092522366188966,0.8483356224509147,0.8773386827196816,0.8327107663032766,0.3614798006002891,0.8671089142309698,0.8283872464927272,0.8053939325666922,0.8190223221561067,0.9116204803781822,0.8835943191716704,0.6740108887607468,0.6019681714460658,0.7347212096588794,0.8351148216902313,0.7031560729745787,0.5620074550046394,0.6373414480926369,0.876763071601788,0.503146929137224
gothic,0.38391277637278065,0.6511791921494061,0.33665600570111665,0.5380332264538615,0.5752126762902524,0.4689669741056457,0.37845664460471673,0.5336801503637724,0.5257497279245862,0.4639440939150165,0.4851653522921407,0.43909941144544246,0.4116056808822511,0.37070446210748437,0.682769066642071,0.3709962588948828,0.33418724357764495,0.4176702784081397,0.4235136446552472,1.0,0.42582228194838206,0.3208798987486231,0.43681014476292607,0.15958988126560197,0.325219912181109,0.5886288942246641,0.3777768730834435,0.3414061025824175,0.4093947954473168,0.34592054057333443,0.3945509449173778,0.6193517086918646,0.6715125076574473,0.28498565937254416,0.31633873481206204,0.26437649137434965,0.4629371032467036,0.38701393392405975,0.4391368152831595,0.3785411798726474,0.42418341014328276,0.5574314757115337,0.364224613732905,0.5217446201812117,0.4760988187334507,0.5830329779355661,0.5106344915307651,0.33962104856031966,0.43525088407708246,0.7220237550115267,0.4420179987846827,0.42053092249150886,0.45119777985213766,0.47558033492737184,0.2868483331835812,0.30570423761900917,0.511727829916953,0.5687964589945211
greek,0.8994732545850863,0.6896220185965412,0.6512503769674313,0.721719717328843,0.7656431768329048,0.7323286548410115,0.9092350266361159,0.6305856979013814,0.5513536165585519,0.7523631200675281,0.7678945414221612,0.8383703719075152,0.888662148711942,0.9026582824531577,0.742738840698278,0.6026083165856874,0.9234527692618683,0.8949120088696845,0.8790642347316362,0.42582228194838206,1.0,0.5127899751279043,0.702859922631934,0.6801795329729446,0.7279620658919607,0.8402843786752828,0.9250023830701203,0.44025094374386403,0.5220563242828685,0.47092924040298834,0.6958567548237337,0.7636059698751797,0.7404191507406317,0.8181745792921895,0.5882509987969016,0.4808417661328025,0.42906280440146016,0.6647828606979259,0.7188673684744743,0.907979519230684,0.8480849490011928,0.7696087611077251,0.3243393157986535,0.836279199398519,0.7494576664891303,0.758201224863417,0.7691898575522121,0.9185513860587724,0.8237445833744603,0.6873720426453674,0.525159371715344,0.6888506968359549,0.7571980465883881,0.6371502577658764,0.5371763721508831,0.5965153950879789,0.8698419554253158,0.5018792059779419
hebrew,0.5814214228549671,0.6689148267262673,0.5340910677063586,0.48716170260836206,0.6094557806824359,0.6156323386002888,0.5723886051952943,0.3986969714968797,0.3973744168166789,0.602468013783059,0.6014068774305799,0.6391268581611083,0.556020916836617,0.5940726669893381,0.5546010539877232,0.5114945376810345,0.623585332697997,0.6483435226543154,0.5659354050262202,0.3208798987486231,0.5127899751279043,1.0,0.5583883888357256,0.3471324028823585,0.5486778057332958,0.5405741301153394,0.6952833598752357,0.4632111800938036,0.5451675822612265,0.3258485717731511,0.5220765221254973,0.5529311846878506,0.5104868987575155,0.5400913515079335,0.457444900398433,0.41427190123946056,0.34581361468062144,0.6018296099921276,0.5892780209945915,0.6284336739467875,0.5856956649088366,0.6128743736043604,0.2720575366961745,0.6096147709142012,0.6069276913524286,0.609387210488515,0.5913390116884338,0.562898988023748,0.6179795182251263,0.6125599939941855,0.4933426308408999,0.5850041222212435,0.5918902164277156,0.5665547271430817,0.4018196606340382,0.46737366487341203,0.5682677822195346,0.4793665075248347
hindi,0.784737979692717,0.8154645815826831,0.7364429923462482,0.8451744784794235,0.8839125680105602,0.8771114611762104,0.7873668473326504,0.8082196149147377,0.5376751133458902,0.868154039862336,0.9033341095389674,0.8522310100387561,0.8120571652555144,0.8679114764803102,0.8282718731806227,0.7302002785460205,0.8034958117766605,0.7402400070726711,0.7589817725512381,0.43681014476292607,0.702859922631934,0.5583883888357256,1.0,0.5390364454957813,0.8324779849284902,0.7223064923470768,0.7995738951631932,0.7197392209301962,0.5883594804065705,0.6917518823402112,0.8411753758085696,0.8731737427750675,0.8685301668536141,0.7386087711881634,0.51887108039607,0.6497657671276191,0.4091315685362303,0.7833647730403679,0.9182813770122399,0.8034937540466622,0.9145273702615676,0.8984646397012782,0.33726713875276676,0.7809039720488705,0.8760886250270388,0.8924605343020908,0.8775082655238545,0.7785017302884857,0.8931585028373598,0.7297581784453602,0.6247808689410841,0.7669032929728083,0.9128995756808728,0.8741094400750486,0.7044918446225972,0.7642162411691666,0.923090780393568,0.6508511970874279
hungarian,0.5678147417518544,0.339392708037705,0.5907215122087908,0.5908268350550927,0.47840973828806543,0.4280680822781986,0.6273064370743529,0.45923728198216535,0.362021527664908,0.537941307448471,0.539382594984758,0.5833868972408035,0.6551267295893337,0.6504766015196168,0.5210033584277337,0.6321853056125772,0.664740609193031,0.5385089147467852,0.6795247917309856,0.15958988126560197,0.6801795329729446,0.3471324028823585,0.5390364454957813,1.0,0.585353454064696,0.6064399416344807,0.6185017337639939,0.28901764382411327,0.4485146169537434,0.41055974582150195,0.5825908408979052,0.592287387407699,0.5383398324151517,0.6643984442759613,0.4908340285481942,0.5978178056584973,0.3849767357170716,0.48077950600724284,0.5779254645967792,0.5711979746132753,0.6213763375458923,0.514974479535237,0.34764911532263065,0.6329819789570175,0.5377267169845737,0.4999152058801236,0.5217200427462734,0.6405796940331233,0.6510012916616218,0.3955604087650686,0.5519152109615457,0.5591599812708703,0.5698352909191381,0.38141161146009667,0.5435535970427402,0.4740366588692959,0.6385848579698665,0.42043256052386846
indonesian,0.8116816362836996,0.6659428284099714,0.7793646886936011,0.8059346578798563,0.7891473864730796,0.7949160193965014,0.850099744514496,0.7020999956680082,0.5830233072525732,0.8631401429211372,0.8458401990014597,0.8853485808448728,0.9045735962980602,0.8949284810628418,0.7932868619000835,0.7230259404743419,0.7771916685365768,0.6767777179764075,0.8273877909492676,0.325219912181109,0.7279620658919607,0.5486778057332958,0.8324779849284902,0.585353454064696,1.0,0.7925394541957826,0.769899246252484,0.6969387287636019,0.6118454162892981,0.6973388837900144,0.785373962484824,0.77466897676353,0.742397870793015,0.7591558640963533,0.5995490990060222,0.6485043743713893,0.40962982466755954,0.7798907665021559,0.8760102097435978,0.7402023904302555,0.8781818601899418,0.8283741527520361,0.34854523714714475,0.8440330819436042,0.8737148994403543,0.8039310239774808,0.8141952823371359,0.8526427793762181,0.8581126080651117,0.6370755379348227,0.6977561301202505,0.8227737273886947,0.8248792425334722,0.7997478029351779,0.660144915199748,0.8134184963565074,0.832806764753457,0.47370486331649986
irish,0.8118968609500646,0.6915054960721019,0.6218521970574357,0.7019367037443422,0.7560825419645982,0.7412249860860379,0.8871464792858726,0.5993616096785509,0.64782696686647,0.7454811782071997,0.7437192036220559,0.8608221681702312,0.9192358189395686,0.8492687113178113,0.7597386032317531,0.5993235750173627,0.841334271646517,0.798628948759694,0.8440352249926978,0.5886288942246641,0.8402843786752828,0.5405741301153394,0.7223064923470768,0.6064399416344807,0.7925394541957826,1.0,0.8198726426946501,0.5816190324339164,0.5560067532563204,0.46318784281106284,0.618124843174796,0.7509361442223355,0.755770264577134,0.7234899360378999,0.5347783330907478,0.5524497283072137,0.5383679768549822,0.7226915647320693,0.7555681226032422,0.8083736010331005,0.8044641037273657,0.7550056586115571,0.4398151407064902,0.9363637549565653,0.760587181749931,0.7646033166650702,0.7195901458381595,0.862657091157864,0.7892979378481394,0.6752432638546496,0.6849623774374044,0.6974358858284588,0.7152078640087902,0.6942424741547195,0.5373253819639475,0.5975593563229787,0.813048631844197,0.5950487363748552
italian,0.9125862563807027,0.8042830604381803,0.6401132117790548,0.6970928739121652,0.8327197610653738,0.8488903278428791,0.9378118653642297,0.6188965176483235,0.5208879550246732,0.7981782916396164,0.8173540498374388,0.8924094346562024,0.89238096891785,0.9367813905064104,0.7256010089251649,0.6074789178367064,0.973662823458729,0.9485594645768056,0.896853668960907,0.3777768730834435,0.9250023830701203,0.6952833598752357,0.7995738951631932,0.6185017337639939,0.769899246252484,0.8198726426946501,1.0,0.5849716167130725,0.5354767850249873,0.45899949522501365,0.7190358679573184,0.7574117196317389,0.7245243026967441,0.8225373767669671,0.5235846694190179,0.44996104010407506,0.3611333940096948,0.7408369562053323,0.7884253353564389,0.9682757970131486,0.8877468761626187,0.8293294201504811,0.26857850909636033,0.8627775480928067,0.8065116064232222,0.8140995787482744,0.8093977769948435,0.9405201080382878,0.8588262772117988,0.6947995802171156,0.5121043085364333,0.698493794400973,0.8163872026780898,0.760235344034988,0.5094142748977589,0.6422337387506906,0.8999344532030247,0.49578514955174224
japanese,0.5616570919129696,0.6009537407974418,0.4445187375274331,0.493046215405438,0.6040295693430607,0.6622213711124977,0.6441359370879093,0.5781971010708563,0.3816929267623874,0.616459889297022,0.5655091063293665,0.6591522784379105,0.5616420860817941,0.7070342248035957,0.4960428953338573,0.3812423850823797,0.5790169393444762,0.5577250568281804,0.5304662863555077,0.3414061025824175,0.44025094374386403,0.4632111800938036,0.7197392209301962,0.28901764382411327,0.6969387287636019,0.5816190324339164,0.5849716167130725,1.0,0.3661458792512483,0.7001702541189525,0.4555077800348079,0.49430270017153755,0.5010416885131844,0.49283298285853083,0.3115167210847979,0.3172101362705226,0.26587634174154884,0.5838248956994343,0.5816620748540157,0.5701756654520713,0.6181210691542075,0.6006919682712586,0.16610928171398415,0.628972338044602,0.6267000511244611,0.6065310189689519,0.6050979039255748,0.6162183557472714,0.5734139631462642,0.48611169814245353,0.5278267141408961,0.4858759975878458,0.5644624582029645,0.9178253904566164,0.36293699223254144,0.8035683221905381,0.590618486918372,0.40570646369030483
kazakh,0.608843123393025,0.5012816034725451,0.8925442467050032,0.6662827802256192,0.6683654778973811,0.5968939755605562,0.5204768889488195,0.4347801681922181,0.40089492667438326,0.7209436630271833,0.7143298931156405,0.6915329832601155,0.5913129338021329,0.6286609512794221,0.7373188334925559,0.847143009141193,0.5032955806951852,0.4372442993084447,0.6003826280683275,0.4093947954473168,0.5220563242828685,0.5451675822612265,0.5883594804065705,0.4485146169537434,0.6118454162892981,0.5560067532563204,0.5354767850249873,0.3661458792512483,1.0,0.46338380382229266,0.694199001401574,0.7288070097042916,0.6501422169536121,0.7457852443857306,0.7046318323118952,0.7568190040850687,0.43585572321581606,0.8141448839116464,0.7090224216951877,0.42443669077711893,0.6455731781501979,0.7109618194007699,0.39256859231204344,0.6648855466683204,0.7093830923767052,0.6908693968254507,0.690848886503642,0.5242761326809698,0.764225820279619,0.6179598391948732,0.6823065998109311,0.8761859211005575,0.7185785863829448,0.5230478753951324,0.6145084835670265,0.4853466753207855,0.6126548253269112,0.4394337139968186
korean,0.4673127449999764,0.4675325685365574,0.5747683591352264,0.6682510187921622,0.5513973218039738,0.4828378875561153,0.4862754512864839,0.7411125128605457,0.4675243116206685,0.6095867564954766,0.5811291561354739,0.5291559331051748,0.5098021544656007,0.6227967418698629,0.6203065639368975,0.584277059436917,0.46854647909057395,0.4075875160592137,0.501310544184612,0.34592054057333443,0.47092924040298834,0.3258485717731511,0.6917518823402112,0.41055974582150195,0.6973388837900144,0.46318784281106284,0.45899949522501365,0.7001702541189525,0.46338380382229266,1.0,0.6124006351566846,0.6321686602818245,0.6150356827497577,0.4894791811676892,0.48430332351961813,0.5089788178017359,0.3343267739962232,0.4647047507753914,0.5969836243866132,0.44350051947991576,0.6057785667362431,0.5744694719709829,0.3877445901707492,0.48017090674381946,0.5931525522174209,0.5513162870394209,0.6008875439482044,0.4891103460457473,0.5957448992528395,0.5901556680571555,0.6162984842975132,0.6048811629655548,0.601022534254112,0.6994170069168479,0.5251995758341812,0.8146695813813896,0.587752296905591,0.5344260802205886
latin,0.747371163855522,0.6939636912932011,0.8455530637508402,0.8676190788772548,0.8330891954923442,0.7871711296061743,0.6952583556160349,0.7219488164886003,0.5734335359416937,0.8611258452833889,0.9035719398346994,0.8192959031557037,0.77017490643002,0.7902940587792578,0.8722486060248779,0.8508003308018842,0.7075610849118099,0.5761739346674545,0.7393583788341381,0.3945509449173778,0.6958567548237337,0.5220765221254973,0.8411753758085696,0.5825908408979052,0.785373962484824,0.618124843174796,0.7190358679573184,0.4555077800348079,0.694199001401574,0.6124006351566846,1.0,0.8932954758887057,0.8349413248903454,0.7639409037341104,0.6852270968006279,0.7395273263442544,0.4719325787776869,0.7409344609065178,0.8994097274698597,0.6666984155668235,0.8797035383779658,0.8757073479193824,0.5081517131237865,0.7443288573618401,0.8749372661589536,0.8503489064725356,0.879936123829897,0.7008263548408858,0.9232812170317142,0.7284475713168068,0.6548694707704774,0.8017510421252054,0.8830469425488563,0.6663524124792717,0.6999796186581606,0.6587892453108599,0.8592691315938643,0.5308884327611099
latvian,0.7855911277422005,0.8158757711055753,0.8510523294956184,0.9451539342853802,0.9215838292026968,0.8284069892101575,0.7374506620805221,0.8203200457032607,0.6466080064581989,0.9194173493535194,0.9362078001283446,0.846000470743689,0.8002202962236212,0.8063842889840512,0.9660195232163334,0.8444735471645,0.7487902514879407,0.6898233918308058,0.8090445120491612,0.6193517086918646,0.7636059698751797,0.5529311846878506,0.8731737427750675,0.592287387407699,0.77466897676353,0.7509361442223355,0.7574117196317389,0.49430270017153755,0.7288070097042916,0.6321686602818245,0.8932954758887057,1.0,0.961346488986969,0.749269052957312,0.7452563903989509,0.7296604880129732,0.5797171508737732,0.7540297186877641,0.9199123310843494,0.7283515021034516,0.9074195509131602,0.940689550772799,0.48779213231566637,0.7889851754841238,0.9182035161494834,0.927671200624966,0.9364247635547258,0.730885089721342,0.9266527011641934,0.8856579338891001,0.7426481011861132,0.8322860390718219,0.9453026662930567,0.7261712447529043,0.7691821481857403,0.6513761039371002,0.91050815966894,0.7188290547157842
lithuanian,0.7251770776510411,0.8364043350200765,0.7812993848193518,0.9261582873977996,0.8790871075994724,0.7868035832640524,0.7035416781764475,0.8645842856599029,0.5975942084363077,0.8588299053843286,0.9040806436491897,0.7990980098199516,0.7711328567301904,0.7629385986314022,0.9428352258785319,0.7711286819290584,0.72342064929707,0.6897146149934967,0.7443821552369067,0.6715125076574473,0.7404191507406317,0.5104868987575155,0.8685301668536141,0.5383398324151517,0.742397870793015,0.755770264577134,0.7245243026967441,0.5010416885131844,0.6501422169536121,0.6150356827497577,0.8349413248903454,0.961346488986969,1.0,0.6906311268297132,0.6224698095051185,0.705719790357231,0.5044781347053076,0.7155217148105871,0.8868519027753987,0.7272628627272696,0.8828437033504155,0.9103628960788133,0.4122290077130936,0.761235749891419,0.867207514252319,0.9189096119976751,0.8975985733196526,0.6913436522946104,0.8677242181737237,0.8972467627271408,0.7011739895721156,0.7890844076217408,0.8947733228216861,0.7095092276462981,0.7990920312518786,0.6125720136738195,0.9034778371686744,0.7500812726812648
maltese,0.812851005584193,0.6074001563233578,0.8035513732403101,0.7144833136694043,0.7424330384238522,0.7265602728757946,0.8267059524300476,0.5792953951088815,0.46486694734261896,0.769504040036252,0.7758556244052373,0.8396871839515702,0.8213245610932789,0.870095744143908,0.7151885021261114,0.7785351393357184,0.8293072747424541,0.7342209033111541,0.8217131269481682,0.28498565937254416,0.8181745792921895,0.5400913515079335,0.7386087711881634,0.6643984442759613,0.7591558640963533,0.7234899360378999,0.8225373767669671,0.49283298285853083,0.7457852443857306,0.4894791811676892,0.7639409037341104,0.749269052957312,0.6906311268297132,1.0,0.6011282197536161,0.6677918452014482,0.395301519449802,0.8303064647703856,0.7752302166345502,0.7662529107916896,0.8299558742901076,0.7678742269191072,0.3204608017504725,0.8143221912115903,0.7743901329327252,0.7452654620468192,0.7669887442821751,0.8368803846241383,0.8669098888100902,0.5824222236765776,0.606368771898976,0.8355424324513983,0.7836244136554845,0.648421567700238,0.5944897137566538,0.629576103117289,0.8295890589457894,0.4367407628778126
marathi,0.6890871456489683,0.5200185224492152,0.7752952194942416,0.689933935437367,0.7152517508652889,0.6184481399206574,0.5556485120971026,0.48031109369244285,0.6664919780286086,0.7958189902927181,0.7280791709699239,0.7017802050843512,0.5855937461583511,0.6126056217781932,0.7321333807304956,0.6703621972151287,0.5175704590537992,0.4518339521788348,0.6021817923186418,0.31633873481206204,0.5882509987969016,0.457444900398433,0.51887108039607,0.4908340285481942,0.5995490990060222,0.5347783330907478,0.5235846694190179,0.3115167210847979,0.7046318323118952,0.48430332351961813,0.6852270968006279,0.7452563903989509,0.6224698095051185,0.6011282197536161,1.0,0.6349876882614753,0.7184597431136598,0.6058699057607053,0.6622335017536255,0.4483214897597004,0.643425907519814,0.6880150991199091,0.5901247720708185,0.5941463411721492,0.7568854997862404,0.698118754849362,0.7400394077483319,0.5643573235177628,0.733811621343384,0.6703349354888428,0.7709664461725059,0.6912786781607863,0.7037205018536726,0.5072701211303453,0.5894491853901798,0.5246333931379601,0.5559156106390265,0.48406043572701113
north_sami,0.4758598746707362,0.3967201300813275,0.853646616362365,0.7381682163020886,0.550756817169658,0.48120568452180423,0.4587513331201825,0.571514481221292,0.46568158265897397,0.6659980523545207,0.675141510788024,0.6158048054309101,0.606223322290022,0.5654282414271347,0.6968352537947836,0.8711821525418217,0.47892116356521386,0.322903452126124,0.5302456439558337,0.26437649137434965,0.4808417661328025,0.41427190123946056,0.6497657671276191,0.5978178056584973,0.6485043743713893,0.5524497283072137,0.44996104010407506,0.3172101362705226,0.7568190040850687,0.5089788178017359,0.7395273263442544,0.7296604880129732,0.705719790357231,0.6677918452014482,0.6349876882614753,1.0,0.5263859154378392,0.7145451879635737,0.7195817398448395,0.3975892767146019,0.6617683951938846,0.6354772510731805,0.5584652046582474,0.6291571444572707,0.6665827217131198,0.6421756239830224,0.6416195495892898,0.45744338184375455,0.7519475641654756,0.5319977348442779,0.7678677107576829,0.8128850947592123,0.656966089712342,0.4215613255673646,0.8375865533979366,0.5235013750120484,0.6340435749067341,0.5847971583032665
