,afrikaans,arabic,armenian,basque,belarusian,bulgarian,catalan,chinese,classical_chinese,croatian,czech,danish,dutch,english,estonian,finnish,french,galician,german,gothic,greek,hebrew,hindi,hungarian,indonesian,irish,italian,japanese,kazakh,korean,latin,latvian,lithuanian,maltese,marathi,north_sami,old_church_slavonic,persian,polish,portuguese,romanian,russian,sanskrit,scottish_gaelic,serbian,slovak,slovenian,spanish,swedish,tamil,telugu,turkish,ukrainian,urdu,uyghur,vietnamese,welsh,wolof
afrikaans,1.0,0.7525699608505865,0.8052607032538333,0.7756492552357445,0.8725870095060643,0.8916885675229416,0.9223836053499399,0.5771032993071671,0.5098276348871937,0.8732594644884053,0.8929960500909652,0.9431656949616122,0.9492659871466924,0.9281069525108953,0.800386271054922,0.7708573352465875,0.8840877525958929,0.864065037019179,0.9515708075856634,0.41313884508766086,0.888282816932621,0.6934197933135431,0.8083255806217142,0.6056485771990137,0.8607889190712232,0.8855180687457741,0.9096910673261497,0.6255661652880761,0.6576944858655097,0.5491125533422635,0.5215353492884733,0.8303067541430994,0.7488921360821745,0.5584747570709585,0.7033113313901721,0.5240262231634343,0.5621333285099315,0.8168428698025303,0.8851680688304405,0.8386845630947697,0.9328450694905928,0.8824635713646937,0.3443067259089567,0.8827311298130334,0.8946934397670274,0.882181568180027,0.888981851111201,0.92403024742712,0.9057045754652109,0.74026716907614,0.6822068512660284,0.762758743272181,0.8730072398437073,0.7729383978947472,0.7571295189673907,0.730736475370213,0.9142265048064387,0.763968526199929
arabic,0.7525699608505865,1.0,0.6219479110099159,0.7140116324175537,0.8833667414492296,0.8445029903619942,0.7532373349961275,0.7229745904949578,0.3963289113720266,0.8449928853340233,0.8778317812953395,0.8014039952921685,0.7636301754892607,0.7758497912068788,0.7553325858266368,0.5994100728674984,0.7721771338494554,0.792844370086032,0.7514718979298096,0.5835954537713784,0.731418566410893,0.759754230026004,0.7759435451656778,0.39678743854940113,0.6962052453665721,0.8131018985547229,0.8004731988888816,0.6286213111733441,0.5308032374722605,0.5178715687141839,0.4663119434521966,0.806208440324006,0.8001869479754308,0.425036461003236,0.49697410090081495,0.31727618477248914,0.473389894599504,0.7482187139019155,0.8114594999098158,0.847367717344167,0.8456970656351712,0.8955967496176,0.23860188829997073,0.766042806641751,0.8555684940210606,0.8796372866474718,0.8265880563996385,0.7606650627296762,0.7839009459406304,0.8595862906027129,0.6018809511159481,0.7129467391085239,0.8855080398963389,0.747399093537911,0.691963120734257,0.5960723833608914,0.8699489464119844,0.7391668622880779
armenian,0.8052607032538333,0.6219479110099159,1.0,0.8850400125078541,0.848806854719159,0.7867837764042868,0.7339302192481582,0.553748958085516,0.4986494686668654,0.8869125702936287,0.8409600489674421,0.8910323515792269,0.7820449899867706,0.8196539760465229,0.8879371199328788,0.9434730012441006,0.6409292194591131,0.5833367832614377,0.7809262959731392,0.3074947559190515,0.7673720004670403,0.6488568856019317,0.6451707650326142,0.6549793283880265,0.8462421781782085,0.7447596841950512,0.6987217703964822,0.5112947254818249,0.8659994103265747,0.6370370899158662,0.6902177792856139,0.8815312556045596,0.8314919559479345,0.683299785153612,0.816304569233464,0.6655886604238148,0.5894186600296332,0.8016940723450457,0.8651385959587721,0.5816209604454452,0.804563182119426,0.8129857146589533,0.41310634353616443,0.8257632014830315,0.882295383871813,0.8597933115297354,0.9018592721031357,0.7194245865093617,0.872111791716397,0.7898506424312122,0.7583861567568532,0.8680923030266,0.8385584828826063,0.6083094041947167,0.8586659804384883,0.6908500329429484,0.8290938426729089,0.8033134095490562
basque,0.7756492552357445,0.7140116324175537,0.8850400125078541,1.0,0.8649250961715163,0.7413864996045819,0.7551192819459382,0.7228524175413661,0.5638549244741187,0.8637258876927774,0.8283522693703855,0.8565082519212633,0.7863424010847267,0.8093692113755985,0.918062562387394,0.8854028840420085,0.6646941751352784,0.6359403900288381,0.8051214710511022,0.5113710669809202,0.7919242255792049,0.5955799336534022,0.6645613842728139,0.6703704648385892,0.8295133782708066,0.7641307718155419,0.7138818509713307,0.5360394930602957,0.7261862607237916,0.7214893049867569,0.6434063306908494,0.9333794975117018,0.8840641610074558,0.6372846845555933,0.7721979221219052,0.6380984458690129,0.6156908630348515,0.685573150558084,0.8186655428344765,0.6622777969782662,0.8333087259217303,0.8458615241574899,0.4690926061742706,0.8234355083180621,0.8735347146993285,0.8892535812582243,0.9184141724705677,0.739177709692449,0.8357066590083064,0.884970973726423,0.8447284604487812,0.806540038670368,0.8653467023733744,0.6172033166786774,0.8611614008605192,0.7137679202776434,0.8752926929887566,0.8716078216655345
belarusian,0.8725870095060643,0.8833667414492296,0.848806854719159,0.8649250961715163,1.0,0.9366539434317895,0.831304133284952,0.7215466962377379,0.47301820519552373,0.9750357189881637,0.9758750586394599,0.9254688078271006,0.8564149332911724,0.8900612013134889,0.913899728373421,0.8102912787150639,0.7947084139924809,0.754548616826697,0.8631675090493149,0.4774178884631895,0.8386646230262631,0.6961993227573555,0.7961739427727167,0.589527848536394,0.8480226421287751,0.8625645261688174,0.8154659954397192,0.6010341765416856,0.7184064049890809,0.6308231680438399,0.6521735822161188,0.9552692532707814,0.913368530643159,0.5811886703019171,0.6876751567731367,0.5215255072557353,0.5382234627682064,0.8093123896760279,0.9415905058294558,0.8042068830832347,0.9184358051610102,0.9712380003120247,0.3608470632211447,0.8886714141627972,0.9608070617552668,0.9729902694428592,0.9650289947595562,0.8301827523231372,0.9003175650413389,0.9008755085730932,0.7250240404037586,0.812917405121721,0.990414050107784,0.7376501643911748,0.8573696196260149,0.7086008966636586,0.9472646908149137,0.801463818954385
bulgarian,0.8916885675229416,0.8445029903619942,0.7867837764042868,0.7413864996045819,0.9366539434317895,1.0,0.8341295478651775,0.5955679645837947,0.4000538601726682,0.9379976217983155,0.9603188474194184,0.9069698770396327,0.8684260776140964,0.8889789150400954,0.8356480640781796,0.7191281246223521,0.8216900140061699,0.7545445105060923,0.8611693783942801,0.39303265498122,0.8212888095290074,0.6953140364161189,0.8348411925814064,0.48545647414135834,0.8277646715478346,0.8637314749271234,0.8490021873631926,0.6588230139485182,0.6369220482798456,0.5488912551759302,0.6356268499859986,0.859122480557628,0.817734198588768,0.46568708761406885,0.6127943986069959,0.46725428147150616,0.4977616392673713,0.8394203134495875,0.9256430732787757,0.8144134354849581,0.9226863869713023,0.9348695588519249,0.3738433581956247,0.8575305860831367,0.9319799443530001,0.914477175480608,0.9062904527977715,0.8362899019075433,0.8992056480101829,0.7786171175459671,0.5674678174222244,0.7441461156835731,0.9325280931609213,0.7955069863349983,0.7565306090145697,0.6601968106290704,0.9052303317923086,0.6923192772745833
catalan,0.9223836053499399,0.7532373349961275,0.7339302192481582,0.7551192819459382,0.831304133284952,0.8341295478651775,1.0,0.6434326432361857,0.4811914382563222,0.8003554262493281,0.8127433360191997,0.9094120439681612,0.9632986296892945,0.9437411046150946,0.7264376180116531,0.6682262845364347,0.9548376004223962,0.9206612617563275,0.9551663344980972,0.3657131453145226,0.9160937730354112,0.6537643838191859,0.8169740035652647,0.6495760344750889,0.8189505428281557,0.9085767019771684,0.9513543824270645,0.7058680031650358,0.5304843630480861,0.5596674317379668,0.49358637307897785,0.7985855240627521,0.7029041695647399,0.5315119042631409,0.6195516154175484,0.4388642583775326,0.49956041964420234,0.7748331625934216,0.8374425059166317,0.9231717025584946,0.9318479919610073,0.8340855564403312,0.2799412935680716,0.8726212669583349,0.8547310290696636,0.8300095297761628,0.8431222499589296,0.995357504437774,0.8776104065534479,0.673956947383553,0.6201061801813798,0.7290513673692451,0.8269806843553432,0.78666164345165,0.677034914710073,0.7374338663554979,0.9027099701443112,0.8202288023781387
chinese,0.5771032993071671,0.7229745904949578,0.553748958085516,0.7228524175413661,0.7215466962377379,0.5955679645837947,0.6434326432361857,1.0,0.4697884047349676,0.6909274734453913,0.6804200743442386,0.6660016631974538,0.6261141121712407,0.7234842151370744,0.6668912710398868,0.5692028049749522,0.5762439847727917,0.5764330488860169,0.6270681729421844,0.4739104636764251,0.5967677396173074,0.4681912500410643,0.7148380345441805,0.39536343614210095,0.6551136737773268,0.6065680068562391,0.579939440853463,0.6004613336472805,0.39698736084733277,0.7788853577129039,0.41425269182565605,0.716194413562534,0.7000537126263021,0.43541975071366723,0.5007814186422928,0.4721840060633595,0.43097788889099103,0.5503639958987872,0.6174604335756657,0.6522199423870315,0.6974366849847254,0.7154330821042267,0.3106679161806542,0.5504135225656311,0.7022930889695088,0.7327453767879192,0.7260632190560591,0.627377435028524,0.6820652954107244,0.7343971845991439,0.691029346917509,0.632482216627218,0.7460034202130672,0.6833715211212118,0.7108600466702909,0.756120064268265,0.7053269728752342,0.7216777961410354
classical_chinese,0.5098276348871937,0.3963289113720266,0.4986494686668654,0.5638549244741187,0.47301820519552373,0.4000538601726682,0.4811914382563222,0.4697884047349676,1.0,0.4902841232857274,0.4656058405244827,0.5892004522400506,0.49749419629038605,0.456573015493577,0.4902557148057798,0.5748727183404133,0.3915199364427768,0.40051979894978895,0.5067425020888209,0.43977543749423537,0.40597249244490197,0.35608238184962226,0.3637198641075239,0.39726829515041,0.559002946498981,0.47565070696578887,0.3831842553713506,0.2535753334628862,0.349324079878095,0.508870996460283,0.3800975015851002,0.5286960595006621,0.4619731153374768,0.5117524607935193,0.6566944462221772,0.6316156172357672,0.8546604288330376,0.4241301104085271,0.49330634617063923,0.3754629739249103,0.5000323765873513,0.4266102300451452,0.6691303521248846,0.49481945135704447,0.5452029316035942,0.5261536391308078,0.5381835954443293,0.48952356744636727,0.5702786976596164,0.44468120501548136,0.697094682867139,0.5179385870720734,0.4828814987863085,0.4006550986745806,0.5336156708347911,0.5245727700835595,0.4994526037243924,0.5923678302014453
croatian,0.8732594644884053,0.8449928853340233,0.8869125702936287,0.8637258876927774,0.9750357189881637,0.9379976217983155,0.8003554262493281,0.6909274734453913,0.4902841232857274,1.0,0.9762441037861377,0.9379331278812134,0.8419692047702838,0.8753714598226232,0.9220301076265692,0.8411703823079869,0.7495347819522067,0.7054636993926225,0.8473246628198122,0.4525256735162331,0.8195972334783733,0.6982868849434688,0.7727274576439873,0.5549463326041101,0.8570502406043523,0.8212958889616564,0.782755538105302,0.5903121877533047,0.7428296354551034,0.6429617724218252,0.6428164352791281,0.9382631571798712,0.8993181740478975,0.6202828568747203,0.761805339636442,0.5912012984773819,0.589609912055611,0.8165153811856979,0.9377058987018416,0.7458261701222685,0.9106440210976812,0.9501993162711513,0.38682387311783806,0.8581705685428542,0.9779762106510742,0.9670623781188973,0.9744873477373343,0.7989256422864477,0.911663427467083,0.8959648926236784,0.7283006960690578,0.8111807527137527,0.9766239164248984,0.7356585428528601,0.8818798024614326,0.7025536133691155,0.9239476353465126,0.7695950748153928
czech,0.8929960500909652,0.8778317812953395,0.8409600489674421,0.8283522693703855,0.9758750586394599,0.9603188474194184,0.8127433360191997,0.6804200743442386,0.4656058405244827,0.9762441037861377,1.0,0.9294462102475141,0.861293306780851,0.8842652786998116,0.9075221781700537,0.8035021674082556,0.7838477061368665,0.728776109624206,0.859443339724345,0.48339354704133264,0.8285543547776771,0.7034989579169034,0.8052529621207459,0.5286133975931134,0.8543120370382222,0.8526419390698478,0.8131508836315562,0.5996142825673504,0.7108294795137619,0.6054569842441069,0.6563672831232804,0.9183128800714631,0.9017279426990673,0.5534983129829167,0.6937728034151391,0.5258704064931715,0.5559232369669534,0.8322258783522364,0.9433502241439894,0.7839480257276171,0.9211738730847554,0.9727110074139906,0.390571529990918,0.8721529311022392,0.9610194653322311,0.9722412767950832,0.9523745402351412,0.8134887010181354,0.9107115199450586,0.8818833620052674,0.6881904820576286,0.8005859028561546,0.9783805400061808,0.7587915750408237,0.8494075202409656,0.6917622573929482,0.9279426474078605,0.753599789894359
danish,0.9431656949616122,0.8014039952921685,0.8910323515792269,0.8565082519212633,0.9254688078271006,0.9069698770396327,0.9094120439681612,0.6660016631974538,0.5892004522400506,0.9379331278812134,0.9294462102475141,1.0,0.9385617458292145,0.9352665172303773,0.8592659068330456,0.8454000279512248,0.8421044762581295,0.8113653734327938,0.9294389538766354,0.4414282124320786,0.8685337892807805,0.7225698517198724,0.8159883213865814,0.6245299904955237,0.8814388333399488,0.9061966125943899,0.8782972753307284,0.663660157739513,0.7224487550422142,0.6022581218924649,0.6190483007085469,0.8889110320356965,0.8126004050008369,0.6340390069131329,0.7956479399558064,0.5938837061609854,0.6567269950395134,0.8605577244190014,0.9224319737153018,0.8120263227946334,0.9506098252849162,0.9133092220512206,0.4129483961863142,0.8973185631340644,0.9692300084600951,0.9402046724608104,0.9539418078485745,0.9103158454541905,0.9709102348388335,0.8092107996832673,0.7609370363937876,0.8146593790496353,0.924932935976129,0.80027587359488,0.8181513153413376,0.7552009236026792,0.9386715740391123,0.8702102866949595
dutch,0.9492659871466924,0.7636301754892607,0.7820449899867706,0.7863424010847267,0.8564149332911724,0.8684260776140964,0.9632986296892945,0.6261141121712407,0.49749419629038605,0.8419692047702838,0.861293306780851,0.9385617458292145,1.0,0.9408759453871007,0.7722874022292066,0.7380516369704562,0.9347218569517828,0.8845566117676938,0.981769888584702,0.43203143899578006,0.922535048156208,0.6814737791083539,0.7992401110432956,0.6314420878212271,0.8420132231396358,0.923995798515173,0.9485800239155375,0.6537727916958358,0.6178828738511568,0.533392511088954,0.5246089167080283,0.8345043271033514,0.7410584181280706,0.5903324244837289,0.6686285627036608,0.5076727866030512,0.5561780332734054,0.8222301860689274,0.8649298111096038,0.8989106440327332,0.9609328231138089,0.8748199470448162,0.37655602100455665,0.8970871539198416,0.891740210930032,0.8725642056637632,0.878965298197544,0.9647475957586122,0.930365744438071,0.7131356809046309,0.6794989621904729,0.7523830177819043,0.8555762131826685,0.7612651976875637,0.7113006872021319,0.7178896550557754,0.9145375935491701,0.8113908117232128
english,0.9281069525108953,0.7758497912068788,0.8196539760465229,0.8093692113755985,0.8900612013134889,0.8889789150400954,0.9437411046150946,0.7234842151370744,0.456573015493577,0.8753714598226232,0.8842652786998116,0.9352665172303773,0.9408759453871007,1.0,0.8123636833644855,0.7688088807713956,0.8973839442783575,0.8496613678990776,0.9348379877709138,0.36992730202080143,0.8801905488136601,0.6956127317144112,0.913653697787323,0.6364306533112679,0.9086097844685,0.8982029128069925,0.9170798815037612,0.7769431273701445,0.6675060398019412,0.6947636799457939,0.5696025901876551,0.8531881403366166,0.7763416424626689,0.5789505715156255,0.6663566988517121,0.4888677856777895,0.5117067190948914,0.8380937618861392,0.8909288291972192,0.85782453392998,0.9407467591761494,0.8972740303028731,0.3068467525507328,0.8893585726348269,0.9015272409555505,0.8922807706808936,0.9012614294302741,0.9327700804200877,0.9222787752302916,0.7480992310556299,0.7163185326445551,0.8113713170129678,0.8913682093561087,0.869392967226038,0.8207433435608507,0.8400245483268037,0.922632744397937,0.8174759057655742
estonian,0.800386271054922,0.7553325858266368,0.8879371199328788,0.918062562387394,0.913899728373421,0.8356480640781796,0.7264376180116531,0.6668912710398868,0.4902557148057798,0.9220301076265692,0.9075221781700537,0.8592659068330456,0.7722874022292066,0.8123636833644855,1.0,0.8924731693588391,0.6590135904290296,0.5990279063040047,0.7831156510682071,0.5089657360551504,0.8028006339312226,0.6233930352719026,0.6829762452375219,0.6208241702616808,0.8562815712367806,0.7650975513140155,0.7071472046161885,0.49058064544531443,0.7404043554594625,0.6867924218951981,0.7451232118874617,0.9455245489000228,0.935145329706656,0.6021613112011677,0.6941408752151471,0.5720486448100933,0.5569702036525945,0.7265657815508513,0.8749207149903543,0.6580964453523082,0.8265818973110367,0.9054219484460574,0.44188963612798837,0.8395043219503142,0.892953236988312,0.9197047690625614,0.9371146539169054,0.7094280643546031,0.8312351707896392,0.8974110592378197,0.7484322910691573,0.8284076616853969,0.9188121926746053,0.6218521995922017,0.8983083975192805,0.6747724612711182,0.8826402782091912,0.7801593591152686
finnish,0.7708573352465875,0.5994100728674984,0.9434730012441006,0.8854028840420085,0.8102912787150639,0.7191281246223521,0.6682262845364347,0.5692028049749522,0.5748727183404133,0.8411703823079869,0.8035021674082556,0.8454000279512248,0.7380516369704562,0.7688088807713956,0.8924731693588391,1.0,0.5808851392942006,0.5326428613816014,0.7569475461907307,0.4694288624582466,0.7033216285374765,0.6259462785101796,0.6083203535645767,0.6185342547556214,0.8268314628962964,0.7130113460507179,0.6476859736225584,0.4500671916005546,0.8829414286618835,0.6548866974677254,0.6425570904712329,0.8591866169708099,0.8132530090499531,0.6506145638350865,0.7947104999735946,0.6978144944503635,0.6427771756840279,0.7700796301673667,0.8090412175117391,0.5180857693758985,0.7653212186114168,0.7930302413275339,0.4818333002782533,0.7836375503114344,0.8351200767946465,0.8313666515199778,0.8786458895779055,0.6617479303910943,0.8384571575661303,0.7967956320668064,0.8370707605023878,0.8772642500289041,0.8111974918565762,0.5701306243402907,0.8747865888395231,0.6768865465078101,0.8120285464933795,0.7610284467114458
french,0.8840877525958929,0.7721771338494554,0.6409292194591131,0.6646941751352784,0.7947084139924809,0.8216900140061699,0.9548376004223962,0.5762439847727917,0.3915199364427768,0.7495347819522067,0.7838477061368665,0.8421044762581295,0.9347218569517828,0.8973839442783575,0.6590135904290296,0.5808851392942006,1.0,0.9430016320020309,0.9365107453290646,0.3151075684925202,0.9067563020421089,0.6848758038622454,0.7674631233597359,0.6198427324007371,0.7421837928771491,0.8716054461670715,0.9700644730527191,0.6426968846875187,0.46544590316920015,0.4495205364591296,0.45361489427699164,0.7558716314832293,0.6791440827438922,0.5052537283488411,0.5135530634650869,0.37430941198241074,0.4199471143145667,0.7447843585260682,0.7916277589703684,0.9591202076304675,0.9008504257917478,0.8051879803982297,0.26310595030054895,0.8298754098834332,0.7930605593659825,0.7976951791793754,0.7845028978683422,0.9605461190268637,0.8301734148662215,0.6316172246053412,0.5282691445722588,0.6628185382418973,0.785157584818147,0.7241581729677748,0.5915346591557139,0.6680462989611939,0.8750301387520807,0.7362599894961207
galician,0.864065037019179,0.792844370086032,0.5833367832614377,0.6359403900288381,0.754548616826697,0.7545445105060923,0.9206612617563275,0.5764330488860169,0.40051979894978895,0.7054636993926225,0.728776109624206,0.8113653734327938,0.8845566117676938,0.8496613678990776,0.5990279063040047,0.5326428613816014,0.9430016320020309,1.0,0.8876517663540777,0.3788248894432371,0.8645481332851118,0.7011586148265676,0.7449035098312837,0.5703586388603661,0.6671449661664166,0.845095789768106,0.9434455474584358,0.6271519227332232,0.4473112282146518,0.42875394733090877,0.31911797040329326,0.7042683978547138,0.6000357418764732,0.4802585855880819,0.5136781716342894,0.30473057691941813,0.4445700002808302,0.7149173702757888,0.7310118609020257,0.9479690102693296,0.8511509082368037,0.7596709299384881,0.14921391656568392,0.7776410962047422,0.7559915268755366,0.7567083440728906,0.7334540452818555,0.9280406919277372,0.7698589162672728,0.6426566341465484,0.5446528804247247,0.6448242621019494,0.7497130101533946,0.7216262624183187,0.5613738619787703,0.6379502240173788,0.8495056028890565,0.7464767603199651
german,0.9515708075856634,0.7514718979298096,0.7809262959731392,0.8051214710511022,0.8631675090493149,0.8611693783942801,0.9551663344980972,0.6270681729421844,0.5067425020888209,0.8473246628198122,0.859443339724345,0.9294389538766354,0.981769888584702,0.9348379877709138,0.7831156510682071,0.7569475461907307,0.9365107453290646,0.8876517663540777,1.0,0.44112752823328766,0.938684420693094,0.6710830938511416,0.778382859573984,0.657422646116541,0.8286133132302833,0.898744824273229,0.9515840227602886,0.6131253325096818,0.6166013683032013,0.5444911015238636,0.5154450812562896,0.8513048083207371,0.7538566209874882,0.5716509492404988,0.6925562360496245,0.5412230256712645,0.5523775598471845,0.7846167674006158,0.8513882997698349,0.8933231524358458,0.9547518096580703,0.8745556128972205,0.4006995381275519,0.8728499301980069,0.8852025316892809,0.8686186408182359,0.8856851420447566,0.9606980524230934,0.9147925323867262,0.7327977866413126,0.6961960655454722,0.7529447809431529,0.8610802310882929,0.7363298558773979,0.7311127130182432,0.7225124843951733,0.9215313262953003,0.7919385111457734
gothic,0.41313884508766086,0.5835954537713784,0.3074947559190515,0.5113710669809202,0.4774178884631895,0.39303265498122,0.3657131453145226,0.4739104636764251,0.43977543749423537,0.4525256735162331,0.48339354704133264,0.4414282124320786,0.43203143899578006,0.36992730202080143,0.5089657360551504,0.4694288624582466,0.3151075684925202,0.3788248894432371,0.44112752823328766,1.0,0.37855322654908485,0.32114401785226115,0.4214234115694357,0.12616921176170698,0.37270105732854836,0.5383610254702689,0.39022177404135383,0.31578175412011567,0.384641415002636,0.37671400177990944,0.17613062402037488,0.4821502024097264,0.48905694488722035,0.22256595362986284,0.3257431786049928,0.18845713897261818,0.5021952734101341,0.3730973006323407,0.40818912958214465,0.3800163958228742,0.461551012267994,0.5494633294004155,0.27863084386256276,0.45984320583844,0.4827543949228528,0.48912817074258247,0.46316440036101447,0.38104727649838727,0.419349416772818,0.5808252054715801,0.5373248903886466,0.46934516610551386,0.5171796056564413,0.433208563350983,0.4945828111089014,0.3032456814085812,0.5410430964074919,0.44830549966013733
greek,0.888282816932621,0.731418566410893,0.7673720004670403,0.7919242255792049,0.8386646230262631,0.8212888095290074,0.9160937730354112,0.5967677396173074,0.40597249244490197,0.8195972334783733,0.8285543547776771,0.8685337892807805,0.922535048156208,0.8801905488136601,0.8028006339312226,0.7033216285374765,0.9067563020421089,0.8645481332851118,0.938684420693094,0.37855322654908485,1.0,0.6231667929131326,0.6752596301805968,0.7108937560243367,0.7540669224758398,0.8305121245100473,0.9158625899779116,0.4888599682395417,0.5799172965344981,0.5270865918873602,0.5720834188154179,0.8596225625048839,0.782684643928136,0.5825407460176606,0.654007125871149,0.44801119647345755,0.4657154748916355,0.711389801370927,0.8098688645112792,0.8950284098194388,0.8769358015973787,0.83311201947966,0.3227328273217408,0.8463188291816476,0.8306203499745569,0.8374400402130664,0.8345122034332537,0.905884232378149,0.8233916254247312,0.7475418715798257,0.5775036492334145,0.7520620795650609,0.8401286843256669,0.6223807933217589,0.7317791843660614,0.6374848319460401,0.8862588111458346,0.7758465112580466
hebrew,0.6934197933135431,0.759754230026004,0.6488568856019317,0.5955799336534022,0.6961993227573555,0.6953140364161189,0.6537643838191859,0.4681912500410643,0.35608238184962226,0.6982868849434688,0.7034989579169034,0.7225698517198724,0.6814737791083539,0.6956127317144112,0.6233930352719026,0.6259462785101796,0.6848758038622454,0.7011586148265676,0.6710830938511416,0.32114401785226115,0.6231667929131326,1.0,0.6386082587876342,0.4107997674802769,0.660778115324679,0.6815559968955688,0.7642644541590305,0.5326699225788031,0.57868264988894,0.4225552000303365,0.436174200389379,0.6410387929793929,0.5894299975908995,0.4281261990325707,0.5305950430268606,0.4118801143014176,0.42530768607476954,0.6789861704492295,0.6973854704994327,0.6848855706628811,0.7071066381898209,0.6986751781568692,0.264747249705526,0.6739293016283416,0.7128507225907541,0.6969601659414644,0.7046006910852826,0.6625357772579341,0.7231053087531222,0.6903401553667263,0.5499488470526852,0.6666761799787058,0.6908917625716418,0.6208582949991761,0.5976872803216761,0.5499915542064687,0.7242952174427616,0.6566515735267817
hindi,0.8083255806217142,0.7759435451656778,0.6451707650326142,0.6645613842728139,0.7961739427727167,0.8348411925814064,0.8169740035652647,0.7148380345441805,0.3637198641075239,0.7727274576439873,0.8052529621207459,0.8159883213865814,0.7992401110432956,0.913653697787323,0.6829762452375219,0.6083203535645767,0.7674631233597359,0.7449035098312837,0.778382859573984,0.4214234115694357,0.6752596301805968,0.6386082587876342,1.0,0.40695561797221,0.8255442840863081,0.8404097653155564,0.8057528767905794,0.9086818643705374,0.534189098242161,0.6802243122510214,0.4470837200896049,0.6989480346378518,0.643903006457131,0.386671071822233,0.48597286616471763,0.3296927513387074,0.4389183403583047,0.7735790839159917,0.7967848676673611,0.7572831971104395,0.8410193117176904,0.8261110134355852,0.2149963629284608,0.7732115891437881,0.8112056944245017,0.7919520356520962,0.7797531242659025,0.8048526870310084,0.8076565115668934,0.64555721168152,0.6115973704899454,0.6921069520526832,0.8045829863164214,0.9758227683700603,0.7207266285020824,0.8111223956265318,0.8233358169255731,0.7106166677398825
hungarian,0.6056485771990137,0.39678743854940113,0.6549793283880265,0.6703704648385892,0.589527848536394,0.48545647414135834,0.6495760344750889,0.39536343614210095,0.39726829515041,0.5549463326041101,0.5286133975931134,0.6245299904955237,0.6314420878212271,0.6364306533112679,0.6208241702616808,0.6185342547556214,0.6198427324007371,0.5703586388603661,0.657422646116541,0.12616921176170698,0.7108937560243367,0.4107997674802769,0.40695561797221,1.0,0.6065042555633486,0.5651763077629157,0.6058855223372097,0.2755152259772702,0.5109709202976027,0.4371319532518162,0.54887040071923,0.6887189369567038,0.6046035673321242,0.6045530055075045,0.5530232001502786,0.3537463477825518,0.39863669262913287,0.45625406326939005,0.5886088625642357,0.558867357291648,0.5760969158010065,0.5420845562548459,0.2668253402395358,0.6581259511661256,0.5684843128060065,0.5990965320190058,0.6186338687966408,0.6318933936608099,0.5805488749391048,0.519434592319325,0.555876176715985,0.586025818622032,0.5653785327071809,0.3364835858536935,0.5907039755028263,0.5236635303273858,0.6168978238740974,0.6566096625334108
indonesian,0.8607889190712232,0.6962052453665721,0.8462421781782085,0.8295133782708066,0.8480226421287751,0.8277646715478346,0.8189505428281557,0.6551136737773268,0.559002946498981,0.8570502406043523,0.8543120370382222,0.8814388333399488,0.8420132231396358,0.9086097844685,0.8562815712367806,0.8268314628962964,0.7421837928771491,0.6671449661664166,0.8286133132302833,0.37270105732854836,0.7540669224758398,0.660778115324679,0.8255442840863081,0.6065042555633486,1.0,0.814611467638303,0.7692891178418485,0.7022941591890858,0.6871348557918264,0.7327826944307385,0.6123215309619691,0.8413699153308614,0.7987766477443351,0.588730008930603,0.6520410925748322,0.5768281142133797,0.5776728823654055,0.7809488509929206,0.8867454571972202,0.6909237226589311,0.8673565870419361,0.8588174623004624,0.42208502641109663,0.8711865374161196,0.8706366337719826,0.8669336788995671,0.8907893733285921,0.7972840130169466,0.8724361427627837,0.7426688364770073,0.8008841521711035,0.8082540096541911,0.8457563577045999,0.7865389704762946,0.8487413536947837,0.8408934859569106,0.8639744596184917,0.7778774422106648
irish,0.8855180687457741,0.8131018985547229,0.7447596841950512,0.7641307718155419,0.8625645261688174,0.8637314749271234,0.9085767019771684,0.6065680068562391,0.47565070696578887,0.8212958889616564,0.8526419390698478,0.9061966125943899,0.923995798515173,0.8982029128069925,0.7650975513140155,0.7130113460507179,0.8716054461670715,0.845095789768106,0.898744824273229,0.5383610254702689,0.8305121245100473,0.6815559968955688,0.8404097653155564,0.5651763077629157,0.814611467638303,1.0,0.9052948430627468,0.7040232720130769,0.6228249595706538,0.5071355350934862,0.549227450548935,0.8127692886348015,0.7368142764125037,0.5121484834465376,0.5879561124086495,0.36795426903602324,0.5862922917514649,0.8270325191028104,0.8642958695172145,0.8436745651896547,0.9117332356995602,0.8796820068075268,0.33790588813220274,0.9212961326592665,0.8839627153061312,0.866969020996251,0.8469599410716119,0.9161657268152598,0.8966526455746268,0.6909502396191257,0.659350162937417,0.7436462174210011,0.8548529687591945,0.8186066688811285,0.683059223112468,0.7252918927633987,0.9134978030101076,0.826096226737343
italian,0.9096910673261497,0.8004731988888816,0.6987217703964822,0.7138818509713307,0.8154659954397192,0.8490021873631926,0.9513543824270645,0.579939440853463,0.3831842553713506,0.782755538105302,0.8131508836315562,0.8782972753307284,0.9485800239155375,0.9170798815037612,0.7071472046161885,0.6476859736225584,0.9700644730527191,0.9434455474584358,0.9515840227602886,0.39022177404135383,0.9158625899779116,0.7642644541590305,0.8057528767905794,0.6058855223372097,0.7692891178418485,0.9052948430627468,1.0,0.6759438593501013,0.5374025715748825,0.4807009910825453,0.48528983877695164,0.7749202203971796,0.6850162070164179,0.4835273398729238,0.5689853338085948,0.38384170159459713,0.44627286515013465,0.7732099157144042,0.8110310938960532,0.9443022924491026,0.9184751545006729,0.8392129734355838,0.28302135041070325,0.8482618254437432,0.8322340247874863,0.8130496552267465,0.8149532633166654,0.9565496047651011,0.8629882244869127,0.6872666914216136,0.5706839394055767,0.7116234376370227,0.8102408631414447,0.7694785690902525,0.6376355698812998,0.687524852813192,0.9005446479270645,0.7790538385995919
japanese,0.6255661652880761,0.6286213111733441,0.5112947254818249,0.5360394930602957,0.6010341765416856,0.6588230139485182,0.7058680031650358,0.6004613336472805,0.2535753334628862,0.5903121877533047,0.5996142825673504,0.663660157739513,0.6537727916958358,0.7769431273701445,0.49058064544531443,0.4500671916005546,0.6426968846875187,0.6271519227332232,0.6131253325096818,0.31578175412011567,0.4888599682395417,0.5326699225788031,0.9086818643705374,0.2755152259772702,0.7022941591890858,0.7040232720130769,0.6759438593501013,1.0,0.3838955343940928,0.6127528839524743,0.27866026897528295,0.5023890234615372,0.45469760224358324,0.2805462364446357,0.3384613282928037,0.24778957582240094,0.2960798435836361,0.6461451049927667,0.6268779577552629,0.6235633070968777,0.7143383340525513,0.6493891248403412,0.10390319564326563,0.6389408818519735,0.6598586259962049,0.6019100060478958,0.6207803332274898,0.6872207278835751,0.667912603063304,0.47363054346482786,0.4991350913706335,0.5219489323974362,0.6055166524758427,0.93046487645646,0.5318180157021976,0.6961514830621682,0.6788777635542574,0.6276503751457883
kazakh,0.6576944858655097,0.5308032374722605,0.8659994103265747,0.7261862607237916,0.7184064049890809,0.6369220482798456,0.5304843630480861,0.39698736084733277,0.349324079878095,0.7428296354551034,0.7108294795137619,0.7224487550422142,0.6178828738511568,0.6675060398019412,0.7404043554594625,0.8829414286618835,0.46544590316920015,0.4473112282146518,0.6166013683032013,0.384641415002636,0.5799172965344981,0.57868264988894,0.534189098242161,0.5109709202976027,0.6871348557918264,0.6228249595706538,0.5374025715748825,0.3838955343940928,1.0,0.5011844133604759,0.5090563555323881,0.7294362204908833,0.6812966483406461,0.5725917705069742,0.7049769451153252,0.48063189807475576,0.48159598320591834,0.7939867177387581,0.7174530856744874,0.4047998489257851,0.6271387382105632,0.701284021823754,0.26562907093715843,0.7096468069174791,0.719341603674097,0.7145994917582003,0.7320360902017405,0.5288393450545006,0.7100755445157176,0.69913641917949,0.7090588908739753,0.8695534170924216,0.7105279257790459,0.4900089520593389,0.806463204177515,0.5135713483517639,0.6777369918147023,0.5986379136328258
korean,0.5491125533422635,0.5178715687141839,0.6370370899158662,0.7214893049867569,0.6308231680438399,0.5488912551759302,0.5596674317379668,0.7788853577129039,0.508870996460283,0.6429617724218252,0.6054569842441069,0.6022581218924649,0.533392511088954,0.6947636799457939,0.6867924218951981,0.6548866974677254,0.4495205364591296,0.42875394733090877,0.5444911015238636,0.37671400177990944,0.5270865918873602,0.4225552000303365,0.6802243122510214,0.4371319532518162,0.7327826944307385,0.5071355350934862,0.4807009910825453,0.6127528839524743,0.5011844133604759,1.0,0.5019050524683146,0.676582458753909,0.667869206499548,0.4638785499975501,0.5706128644302175,0.5077701647466413,0.45697170111249685,0.48262542555566146,0.6111533231722535,0.44786723881793583,0.5976136322185732,0.6127601330326712,0.39922301632250756,0.5661947475901625,0.6378755662280433,0.6300054441635549,0.6632968242731877,0.5236748143146068,0.5947931930693598,0.6463994548886032,0.7154681100449312,0.6824392114540417,0.649076864689729,0.649124535543083,0.8122870782266257,0.7408580219114397,0.6137538162073543,0.6375756503115747
latin,0.5215353492884733,0.4663119434521966,0.6902177792856139,0.6434063306908494,0.6521735822161188,0.6356268499859986,0.49358637307897785,0.41425269182565605,0.3800975015851002,0.6428164352791281,0.6563672831232804,0.6190483007085469,0.5246089167080283,0.5696025901876551,0.7451232118874617,0.6425570904712329,0.45361489427699164,0.31911797040329326,0.5154450812562896,0.17613062402037488,0.5720834188154179,0.436174200389379,0.4470837200896049,0.54887040071923,0.6123215309619691,0.549227450548935,0.48528983877695164,0.27866026897528295,0.5090563555323881,0.5019050524683146,1.0,0.7108958868433128,0.7271743064019237,0.4382558814654463,0.45018671459818443,0.35024415473905435,0.36033932591307216,0.5160435195058026,0.6439229794381842,0.42817276098124296,0.5546910494640163,0.6062138619900078,0.5890174718410841,0.6279022202257678,0.6380914942135042,0.6520152295930509,0.6624425700234586,0.4804048883348978,0.6290842108264878,0.5547463360243529,0.45840156940272014,0.592747463308873,0.6223617825300437,0.37795546418872816,0.6216014462230779,0.46325314232306175,0.569405712643386,0.5841216968407346
latvian,0.8303067541430994,0.806208440324006,0.8815312556045596,0.9333794975117018,0.9552692532707814,0.859122480557628,0.7985855240627521,0.716194413562534,0.5286960595006621,0.9382631571798712,0.9183128800714631,0.8889110320356965,0.8345043271033514,0.8531881403366166,0.9455245489000228,0.8591866169708099,0.7558716314832293,0.7042683978547138,0.8513048083207371,0.4821502024097264,0.8596225625048839,0.6410387929793929,0.6989480346378518,0.6887189369567038,0.8413699153308614,0.8127692886348015,0.7749202203971796,0.5023890234615372,0.7294362204908833,0.676582458753909,0.7108958868433128,1.0,0.9468291801806871,0.6806027150519969,0.7254753057612491,0.5617087312438176,0.5908367081671909,0.7416520058311471,0.904526051468423,0.7557600497151742,0.882562904563745,0.9234330653756223,0.4379567716600684,0.8832474628398583,0.9235023219450763,0.9497476598819122,0.9523626108957045,0.7901372852056044,0.8688824441570401,0.9023513816283995,0.7781737107789859,0.8314274078193757,0.9460748998275782,0.6262118848636519,0.8842959650469892,0.7051900424234997,0.9190409577645072,0.8256530270003141
lithuanian,0.7488921360821745,0.8001869479754308,0.8314919559479345,0.8840641610074558,0.913368530643159,0.817734198588768,0.7029041695647399,0.7000537126263021,0.4619731153374768,0.8993181740478975,0.9017279426990673,0.8126004050008369,0.7410584181280706,0.7763416424626689,0.935145329706656,0.8132530090499531,0.6791440827438922,0.6000357418764732,0.7538566209874882,0.48905694488722035,0.782684643928136,0.5894299975908995,0.643903006457131,0.6046035673321242,0.7987766477443351,0.7368142764125037,0.6850162070164179,0.45469760224358324,0.6812966483406461,0.667869206499548,0.7271743064019237,0.9468291801806871,1.0,0.6198765457314628,0.633936530430643,0.5221857759782077,0.5089307157099293,0.6826305300542822,0.8730888879402965,0.6810766568753144,0.8056429270147982,0.8882250050764751,0.4132474665239538,0.8058261727469505,0.8671902166226674,0.9258414707207889,0.9052831514855851,0.6903975604942018,0.7951714045191951,0.9044547044007337,0.7115684472873377,0.7945548820109141,0.9096605459275807,0.5689812293385663,0.8529255096242665,0.6458992366142344,0.8648623351396216,0.7549772345537462
maltese,0.5584747570709585,0.425036461003236,0.683299785153612,0.6372846845555933,0.5811886703019171,0.46568708761406885,0.5315119042631409,0.43541975071366723,0.5117524607935193,0.6202828568747203,0.5534983129829167,0.6340390069131329,0.5903324244837289,0.5789505715156255,0.6021613112011677,0.6506145638350865,0.5052537283488411,0.4802585855880819,0.5716509492404988,0.22256595362986284,0.5825407460176606,0.4281261990325707,0.386671071822233,0.6045530055075045,0.588730008930603,0.5121484834465376,0.4835273398729238,0.2805462364446357,0.5725917705069742,0.4638785499975501,0.4382558814654463,0.6806027150519969,0.6198765457314628,1.0,0.6605785295708656,0.490222169603745,0.6189774062305938,0.4964120865843543,0.6109730818059654,0.44319499154084047,0.5533229905400505,0.5322208127969195,0.2578771903002984,0.6311302233704821,0.6235960265013099,0.654297145948643,0.6370081175385516,0.5254212376835321,0.6061588203375134,0.5479994848931677,0.654309745745787,0.5779122488318075,0.5823439989646156,0.34824733837446303,0.6703214382296048,0.5172860847324925,0.5840081168812655,0.614951958323183
marathi,0.7033113313901721,0.49697410090081495,0.816304569233464,0.7721979221219052,0.6876751567731367,0.6127943986069959,0.6195516154175484,0.5007814186422928,0.6566944462221772,0.761805339636442,0.6937728034151391,0.7956479399558064,0.6686285627036608,0.6663566988517121,0.6941408752151471,0.7947104999735946,0.5135530634650869,0.5136781716342894,0.6925562360496245,0.3257431786049928,0.654007125871149,0.5305950430268606,0.48597286616471763,0.5530232001502786,0.6520410925748322,0.5879561124086495,0.5689853338085948,0.3384613282928037,0.7049769451153252,0.5706128644302175,0.45018671459818443,0.7254753057612491,0.633936530430643,0.6605785295708656,1.0,0.6550696525851047,0.7422800796213912,0.5910999336242261,0.6933985226331203,0.4542787039735924,0.6711152207314217,0.6411123790088624,0.42637189009394855,0.64178946535517,0.7691536127841396,0.7119964053224088,0.7499530520664694,0.6264088774522724,0.7506405391496103,0.6827817004454549,0.7425033592413113,0.6692880915238452,0.7002248582887602,0.49672097317144187,0.7741801768527024,0.5710917849566322,0.6570397488842622,0.6910195714065488
north_sami,0.5240262231634343,0.31727618477248914,0.6655886604238148,0.6380984458690129,0.5215255072557353,0.46725428147150616,0.4388642583775326,0.4721840060633595,0.6316156172357672,0.5912012984773819,0.5258704064931715,0.5938837061609854,0.5076727866030512,0.4888677856777895,0.5720486448100933,0.6978144944503635,0.37430941198241074,0.30473057691941813,0.5412230256712645,0.18845713897261818,0.44801119647345755,0.4118801143014176,0.3296927513387074,0.3537463477825518,0.5768281142133797,0.36795426903602324,0.38384170159459713,0.24778957582240094,0.48063189807475576,0.5077701647466413,0.35024415473905435,0.5617087312438176,0.5221857759782077,0.490222169603745,0.6550696525851047,1.0,0.5789670051454535,0.4789147003129425,0.5148254486232169,0.33363326193299375,0.5494010985117754,0.46367236447447063,0.6368741057122692,0.4236747041917337,0.5765567129553546,0.5704842706378163,0.6443280553571189,0.43717420721295275,0.633997652116932,0.5255912508389158,0.6348318458224079,0.5303480248728291,0.5391239579051438,0.3370911345449098,0.5631586044468166,0.47073481569020326,0.5270407230914149,0.5089868407299161
