,Adolf_Hitler,Africa,Asia,Association_football,Barack_Obama,Bible,Buddha,Buddhism,China,Christianity,Christmas,Dog,Earth,English_Language,Europe,Eye,George_W._Bush,Ghana,Gold,Hinduism,Human,India,Internet,Iran,Iraq,Iron,Islam,Italy,Japan,Jesus,Judaism,Julius_Caesar,Koran,Maize,Milk,Mohandas_Karamchand_Gandhi,Money,Moon,Moses,Muhammad,New_York_City,Niger,Osama_Bin_Laden,Paris,Periodic_table,Pope_Benedict_XVI,Pope_John_Paul_II,Religion,Rice,Roman_Catholic_Church,Rome,Russia,Silver,South_Africa,South_America,Soviet_Union,Sun,United_Kingdom,United_States,Water,Wikipedia,World_War_II
Adolf_Hitler,1.0,0.9665983754288375,0.9635058490502827,0.97256042440469,0.9856329627716428,0.9346978873734906,0.9234730472897995,0.9674460957085348,0.9905428721271189,0.9544365960093752,0.9914826390975064,0.939784915192136,0.969053370306026,0.9621393310970308,0.9729668285392334,0.9357864335797259,0.9881612174114587,0.9648466500526781,0.9846696299836716,0.9316770203674022,0.9741885469950915,0.9469700505975667,0.9493490878678605,0.9910053068184236,0.9320375151774976,0.9839491730460155,0.9711028668976941,0.9897016641336757,0.9856406185789741,0.9814506149027503,0.9798677505772486,0.9840004169966651,0.9745632257075747,0.9724737477244377,0.8995860274646068,0.9864492882496569,0.9585838482483514,0.9771951646401024,0.9717830054918186,0.9134768749788891,0.9850002280819237,0.9755524993788472,0.9755476160280839,0.978494984067726,0.9673755796372104,0.9805028036842923,0.8475095418733751,0.6177258296355094,0.9639946189648475,0.9569774828687452,0.9815492924306223,0.9852929137752391,0.9682141045113605,0.993541014713951,0.9488632231886723,0.9828559526431265,0.9683932358908008,0.9871780722217632,0.9886130133562193,0.9906890992782239,0.9690329759416896,0.9893244644869975
Africa,0.9665983754288375,1.0,0.990797890214914,0.9774040839804831,0.9521537076429288,0.9731282778886551,0.9533802258872234,0.9838081942655006,0.9777665515054744,0.9813334963612027,0.9748521642599167,0.9810601677740446,0.9950732825595796,0.982383080974397,0.9848702712780932,0.978427663932423,0.9613288710795794,0.9692960715344092,0.9833244117794059,0.9569911556666314,0.9800328974227065,0.9697693140231145,0.9616896572203335,0.9777012326348049,0.9575193547542069,0.9873944058654305,0.984097505354364,0.9802887614136635,0.9772713903123378,0.9856423326271109,0.9876482825754568,0.9749454494313289,0.9890165189272597,0.9796236306525697,0.9219770655958616,0.9601104378336879,0.9723457517582632,0.9902689701543148,0.9736372047235728,0.9510268882099482,0.9809740849225022,0.976208901695499,0.9518675382648283,0.9826222998689937,0.9930091108965239,0.9496021731936722,0.8608965562556058,0.6105949648594129,0.9868545370768445,0.9697990598109192,0.9815565544621105,0.9836178195490408,0.9607530628274391,0.979100794221892,0.9760292410467399,0.9890323197546247,0.9864000021031403,0.9831911036789732,0.984779353650781,0.9787745263018496,0.9697333283506019,0.9728361807825939
Asia,0.9635058490502827,0.990797890214914,1.0,0.9729335361130526,0.950737370535803,0.9850440288637766,0.9646724056749723,0.9903965003914778,0.9770038786940645,0.9836300677540222,0.968340941928161,0.9679641020426029,0.9911197676231654,0.9875172115301941,0.9921857564789517,0.9674333348978249,0.9611723643576852,0.9866852267016417,0.9786039498579217,0.978074850716112,0.9875966338353659,0.9835199562151414,0.9732683485434278,0.9754098117401223,0.969732875628558,0.9832223449712246,0.9909890099197918,0.9827174964082066,0.9848454728139925,0.9848784324293247,0.984289302901665,0.9669698098086363,0.9896481442755489,0.9803271354316588,0.9339858007443206,0.9634938650781717,0.9604808950193903,0.980330031084178,0.9680518836185196,0.9492778190328276,0.9780543995758597,0.9844472687705114,0.9483704423116481,0.9814633271615327,0.9891207225310835,0.9505491233027822,0.8829284224264716,0.6490984885663331,0.9826303407927561,0.978157205979166,0.9827748644250736,0.9876944827868681,0.9731391215946912,0.9755082810354229,0.9836309805084165,0.9872007343700016,0.9776630394293139,0.9836849002809478,0.9818057663220471,0.9740050648627651,0.9728859038750596,0.964175511154616
Association_football,0.97256042440469,0.9774040839804831,0.9729335361130526,1.0,0.9701844221523926,0.9584956080558957,0.9566002370843744,0.978143643746937,0.9681978341759583,0.963662190595573,0.9803809419888074,0.95685353642112,0.9827205994742165,0.9629803891035223,0.9674141633129976,0.9664768707415662,0.9710531073228782,0.9630996884036953,0.9787249351271554,0.9511273674766128,0.9661852122087641,0.9611878304941409,0.9540383264604851,0.9713810491699545,0.9539273338188315,0.9825598740724731,0.9810581779635855,0.9776076727326082,0.9752154732909959,0.9806351371173668,0.9835540552678949,0.9809778486827085,0.9848145301221223,0.9760689333064516,0.9097888095715292,0.97522514139854,0.9641231797762604,0.986428002728559,0.9848233700150051,0.9423490227394808,0.9772718904260717,0.9803005846274727,0.9682963628336043,0.9789940510742056,0.9799882010326559,0.9579362027474952,0.8828313100733063,0.5645573926867273,0.9712163881333811,0.95821361767892,0.9722713691935637,0.9790223335419652,0.951905949737164,0.9723973317033898,0.9724905107169867,0.9884845116751522,0.9803660453951293,0.9763935766871276,0.9808232322352374,0.9699942460188237,0.9781291652853432,0.981296654603903
Barack_Obama,0.9856329627716428,0.9521537076429288,0.950737370535803,0.9701844221523926,1.0,0.924017746949058,0.9023864535291864,0.9516209194259574,0.9799219168415119,0.939763462107599,0.986665174869954,0.9089957489249956,0.9602383648982236,0.9566141888292948,0.9581044350697897,0.925395395333276,0.9946637325776941,0.9627586024323757,0.9695849747410222,0.9170188311769433,0.9564066469086787,0.9352681720937029,0.9274685139635697,0.979924339602326,0.9259699271547691,0.967603443662171,0.9645429598914328,0.9828644361293375,0.9782583823485562,0.9730575937757486,0.9651801046991876,0.9841232315968419,0.957323927019643,0.9465970259228147,0.859362647279543,0.9832471096817497,0.9412719851821465,0.974980648702822,0.965029669632872,0.9055541338325915,0.9827661006430259,0.9758411970665694,0.9750824598127482,0.9746866801713426,0.9538758115515595,0.9879566095747312,0.8723031465523545,0.5772784018600502,0.9338300576642848,0.944394813376975,0.9750303534780546,0.9799406831964859,0.9531911348181057,0.9835010011795968,0.9531401228545612,0.9730796679357412,0.9607661481110955,0.9793346500703696,0.9824935795628422,0.9726721275184681,0.9585637578426182,0.9822183640109864
Bible,0.9346978873734906,0.9731282778886551,0.9850440288637766,0.9584956080558957,0.924017746949058,1.0,0.9695804615010336,0.9819248547748933,0.9536882989001286,0.9696445080724397,0.9424213771594575,0.9547897144072063,0.978371999670751,0.9743961362583462,0.9753896876077679,0.9476917415093555,0.938984761333522,0.9731481112285248,0.9634771245172824,0.978561175972805,0.9677432656917854,0.9804968506009458,0.9686989591115996,0.9531392970839027,0.9843635912302647,0.9671374060949518,0.9818068256806414,0.9635878997861312,0.9667235909745452,0.9697195355543214,0.9647298188694915,0.9551347329326803,0.9764050990630235,0.9645059128797754,0.940004526608843,0.9448352749721826,0.9507196533870191,0.9627981423147807,0.9520929834545658,0.9471536522254955,0.9553256435706108,0.9754190478115614,0.9270437657608871,0.9683753079786875,0.9804845477109775,0.9332746449843862,0.8827536717216123,0.6759777511358519,0.9714694798025926,0.960361479917111,0.9633279504412279,0.9668808292545107,0.9610407219261381,0.9499846376229961,0.9746008457078461,0.9706780873336228,0.9608420843552444,0.9614204986319564,0.9580556308365032,0.9436760119050094,0.9687206864614131,0.9377725192804935
Buddha,0.9234730472897995,0.9533802258872234,0.9646724056749723,0.9566002370843744,0.9023864535291864,0.9695804615010336,1.0,0.9746665942794708,0.9252248086295499,0.9629417805483602,0.9182712492865491,0.965441197700184,0.9598694395647723,0.9436074333181249,0.9461566949605508,0.9310601010511977,0.9158252893082196,0.9411693162630768,0.9454671934412723,0.9675400039918013,0.9560001677849665,0.9625323545286661,0.9613958142983338,0.9331133406194366,0.9661353947208997,0.9524244991495182,0.9631352385947759,0.94265564246401,0.9447281438642157,0.9582530891146668,0.9577727179634176,0.9379442482669365,0.9663585911609118,0.9569020578837547,0.9510389195236205,0.938919022905391,0.9651385470100288,0.9388995927848792,0.9580270108222286,0.9659938308227316,0.9303727777528669,0.953734935896571,0.924033862566215,0.9495231654739702,0.9626883937229145,0.9088439888978573,0.8760893977694528,0.6460943205397932,0.9599554373508373,0.9342249545405801,0.940713119865488,0.9476468717843177,0.9290261424997823,0.9300291230754054,0.939208592293345,0.9601131720193239,0.9401340745563204,0.9385331862716908,0.9391769415230965,0.9328846741265341,0.9536033878070307,0.9390464406144776
Buddhism,0.9674460957085348,0.9838081942655006,0.9903965003914778,0.978143643746937,0.9516209194259574,0.9819248547748933,0.9746665942794708,1.0,0.9764101675614234,0.9726999694951024,0.9703150834619757,0.9737721900401526,0.9870155146282948,0.9810637253579689,0.9885845949935915,0.9521148514771617,0.961960024726253,0.981371706802668,0.9861012281806762,0.987962681620738,0.9922612515744824,0.9883217622392557,0.9874472743511143,0.9810621729638885,0.9770658040729012,0.9883866517127948,0.9875023039291823,0.985413560126184,0.9896118379630978,0.9873669597915143,0.9881944181992908,0.9735055818700269,0.9947298878023108,0.988295039588775,0.9582062906407269,0.9779368890606505,0.9710663600020616,0.9757523374832214,0.9781377444149296,0.9622777664397698,0.9723698592825334,0.9865708383423033,0.955305396283617,0.9837170573221573,0.9924580257837147,0.9505831735468887,0.8755362841496476,0.6260649312092592,0.985282175949894,0.9596077711878223,0.980447885517055,0.9865431014713382,0.9788896980272853,0.9781673268598564,0.9699722617093284,0.9880661474041298,0.9675584821287815,0.982793719623311,0.980921994579707,0.9757317510673885,0.9829724652990185,0.9701049700456672
China,0.9905428721271189,0.9777665515054744,0.9770038786940645,0.9681978341759583,0.9799219168415119,0.9536882989001286,0.9252248086295499,0.9764101675614234,1.0,0.9615454118691995,0.9894717592992588,0.9483632220592448,0.9763595429652161,0.9848650183410825,0.9898977793216938,0.9385344211098601,0.9862362907657658,0.977266474093312,0.9889353870647436,0.95000781907078,0.9862928731239414,0.9639079868420246,0.96341692222697,0.998082876905313,0.9470881087168649,0.9871259299204879,0.9759597433223428,0.9960033832423814,0.9938148535708862,0.9851548019219284,0.9823816947560661,0.9786351271256284,0.9769356914894093,0.9774699820561368,0.913547106001155,0.9793697546913285,0.9523903610548846,0.9807754461376982,0.9595866624806547,0.9152979754137016,0.9900687331383486,0.9819673701730733,0.9692187991544637,0.9901584002013244,0.9782355424430768,0.9800176253959298,0.8649406271899804,0.6403116169667685,0.9731329984544842,0.9651214334203448,0.994090816864916,0.9936213886356866,0.984794143573065,0.9985714562522069,0.9630108569112941,0.9830535053179353,0.9690330482620649,0.9957521655301363,0.9931537017642287,0.9915692054579142,0.9749859667225106,0.9771026593664868
Christianity,0.9544365960093752,0.9813334963612027,0.9836300677540222,0.963662190595573,0.939763462107599,0.9696445080724397,0.9629417805483602,0.9726999694951024,0.9615454118691995,1.0,0.9569914750082316,0.9736353357900718,0.9861368487637542,0.9677315337145442,0.969226339363683,0.9697895428110971,0.9541505845948534,0.9571730556257888,0.97046404661947,0.9527939740013985,0.9750931822098131,0.9498885502200319,0.9465061503990845,0.9633785619450613,0.9440497831313714,0.9756592541511716,0.9725186323024121,0.9627979000301407,0.9647984494921577,0.9838737179550435,0.9817638008865596,0.9576321757781107,0.979235198635141,0.9707679418517025,0.933022537912582,0.9515477037738727,0.9759079327331058,0.9773247083085033,0.9638566951451439,0.9515567799448148,0.9637841522417362,0.961764666935026,0.933839576041681,0.9674692947326352,0.9797414199742206,0.9399910710191064,0.8487707819760014,0.6343227568810472,0.9693498266952907,0.9743622424380203,0.9669152738932619,0.9708316823018077,0.953244593639542,0.96349555838272,0.9643836762151851,0.9777092377380653,0.9843610476633515,0.9639808891557783,0.9676099283590214,0.9709320451745238,0.9555295290925957,0.9630940053282607
Christmas,0.9914826390975064,0.9748521642599167,0.968340941928161,0.9803809419888074,0.986665174869954,0.9424213771594575,0.9182712492865491,0.9703150834619757,0.9894717592992588,0.9569914750082316,1.0,0.944383965035223,0.9785501667122984,0.9662593376268553,0.974905856663939,0.9588473110727876,0.9910986516542292,0.9656859649647845,0.9881868998144443,0.9346133470043437,0.9740395602235946,0.9464669789535094,0.9434359367559988,0.990183172825236,0.9286069314869155,0.9865312542117217,0.9754084814625128,0.9879799119198219,0.985775915137292,0.9805722192943208,0.983573686348407,0.9842006348430442,0.9778788671759343,0.9765013109250724,0.8969180264571307,0.9859740725843167,0.956991329508443,0.9900584883709763,0.9751979709119939,0.9129697849562701,0.9852369476874336,0.9758333343290896,0.961818059392324,0.9782586971061069,0.97624437193338,0.9693251492479307,0.8347737743751423,0.589351101178155,0.9664480400205842,0.96055145864195,0.9794962040875267,0.9861516292359003,0.9663284257233415,0.9916855235414477,0.9664805743256706,0.9879190677543696,0.9780293641871163,0.9881016659829435,0.9906760148046856,0.9886459212039215,0.9682226022750138,0.9888663703282288
Dog,0.939784915192136,0.9810601677740446,0.9679641020426029,0.95685353642112,0.9089957489249956,0.9547897144072063,0.965441197700184,0.9737721900401526,0.9483632220592448,0.9736353357900718,0.944383965035223,1.0,0.973916301095814,0.9517475295892953,0.9581541987209253,0.9615338150842442,0.9237449628713725,0.9300617861022438,0.9709832364671808,0.9469980435654266,0.9698932480359586,0.9474759335154552,0.9563330482595106,0.9549504041937524,0.9398841322272934,0.9736995656963299,0.9619512699936723,0.9494182241658357,0.9496123947062975,0.9667275320046895,0.9766508183420398,0.9488531258115595,0.9763624898932701,0.9782799103249461,0.9540024072185392,0.9395853512528406,0.9809323631191371,0.9639394747435577,0.9625105205638272,0.9610131278501611,0.9401900726687912,0.9417739779868657,0.9237072999923666,0.9544591204761043,0.9801353446093182,0.9093438701696204,0.8183777592957368,0.6216854111986033,0.9832304807772285,0.9326400431537172,0.949514708574462,0.9524085961118144,0.9381563552859503,0.9527344911391636,0.9341400287537062,0.9666114861105594,0.9601100348768045,0.9510837268543408,0.9529477435027793,0.9617655137448797,0.9517124795822643,0.9526006439605086
Earth,0.969053370306026,0.9950732825595796,0.9911197676231654,0.9827205994742165,0.9602383648982236,0.978371999670751,0.9598694395647723,0.9870155146282948,0.9763595429652161,0.9861368487637542,0.9785501667122984,0.973916301095814,1.0,0.9808174187452944,0.9842285948895233,0.9786589462771932,0.9716934875544451,0.9753061989860807,0.9821545333320894,0.9633779943747488,0.9814309609915942,0.9700799434676846,0.959979617762998,0.9786010542821144,0.9580468479139144,0.9869065045011237,0.9852833902465533,0.9824805327500591,0.9813244217357707,0.9909615632069431,0.9894355133202717,0.9781745808059104,0.9921053015803969,0.9788501525374201,0.9212586666811449,0.9678455849556791,0.9761943168531878,0.9943810864140911,0.9813704108882393,0.9521258264011387,0.9831284168924522,0.9825069139853528,0.9483422362524333,0.9829847218299301,0.9935045371596604,0.9520655934276728,0.8539004805022665,0.5916953276212392,0.9798083625817708,0.9780517833554776,0.9809379515684373,0.9860794279902911,0.9635291493894521,0.9792032052739019,0.9840234316684657,0.9954293697102026,0.9919440591223109,0.9840847780390575,0.9871283957508522,0.9781967396239872,0.9692665778875831,0.9809264472658376
English_Language,0.9621393310970308,0.982383080974397,0.9875172115301941,0.9629803891035223,0.9566141888292948,0.9743961362583462,0.9436074333181249,0.9810637253579689,0.9848650183410825,0.9677315337145442,0.9662593376268553,0.9517475295892953,0.9808174187452944,1.0,0.9914332086158472,0.9405493261642751,0.9654975176637144,0.9796426722659173,0.9744080004708241,0.964749054513619,0.9830834692160548,0.9758388509885663,0.9651702884272789,0.9836070743964004,0.9667583708669191,0.9775243870670036,0.9768486507877066,0.9875730969460338,0.9857430086869479,0.9810553918744073,0.9748255782268678,0.9619397188096044,0.9742371748945796,0.9671875565516862,0.9152702641552445,0.956128670956404,0.946313481374144,0.9750138304207843,0.9452329969679267,0.9263844590001729,0.9831107952748865,0.9826629345133235,0.9518685349179122,0.9907214273551763,0.9836234144401812,0.962312885989074,0.8939776266257614,0.6393701558671047,0.9706004305886314,0.9681405034441256,0.9922298556023191,0.9902581552567518,0.977504487508239,0.9818961601827966,0.9737620983758976,0.9774346223134942,0.9690149967779917,0.9877050090020582,0.9828036227051689,0.9744205438140537,0.9749343508973694,0.9557843788368915
Europe,0.9729668285392334,0.9848702712780932,0.9921857564789517,0.9674141633129976,0.9581044350697897,0.9753896876077679,0.9461566949605508,0.9885845949935915,0.9898977793216938,0.969226339363683,0.974905856663939,0.9581541987209253,0.9842285948895233,0.9914332086158472,1.0,0.9462928417485624,0.9699761092162638,0.989708651339267,0.9818020145190341,0.9775622701035427,0.9924055715640877,0.9859659945356519,0.9804678456884837,0.9877296683552874,0.9642877431674749,0.9834290351258446,0.9819342742343062,0.9916391303198983,0.9930509718076537,0.9851327068302819,0.9828772599435215,0.9669578316348136,0.9857749481761131,0.9823152939974807,0.9302988061546154,0.9672177394419076,0.9472978096555984,0.9768220216319915,0.958705294759867,0.9262691846122966,0.9841090098364987,0.9866203155365403,0.953862854597968,0.9881721506977289,0.9840673566961594,0.9595055237684795,0.8764403549568713,0.634052458954321,0.9815908442983756,0.9750875271164797,0.9913136530311376,0.9920645137507724,0.9877218493665312,0.9868688654506591,0.97788731700556,0.9850742759310771,0.9672736669049562,0.9932240986693236,0.9884838025901524,0.9791182887170352,0.974030696791144,0.9645458026894161
Eye,0.9357864335797259,0.978427663932423,0.9674333348978249,0.9664768707415662,0.925395395333276,0.9476917415093555,0.9310601010511977,0.9521148514771617,0.9385344211098601,0.9697895428110971,0.9588473110727876,0.9615338150842442,0.9786589462771932,0.9405493261642751,0.9462928417485624,1.0,0.9359943718649374,0.9345024043362916,0.9560510264318551,0.9187042353271202,0.9429102630072355,0.9245369544323567,0.9082062142708136,0.9379355337475068,0.9090044292000476,0.9602282358258596,0.9647900486615666,0.9409685249420102,0.9397124228498291,0.9531828561980329,0.9646919404742453,0.945704272172054,0.9663773194300532,0.9572072583911526,0.8857382606577097,0.9317549242208618,0.9526356469249875,0.9792011275683531,0.9617023784316997,0.923654753811877,0.9495482066367172,0.9403601423034046,0.9044336547304237,0.9401793130836391,0.9697175648999935,0.9021674971693545,0.8027356743920037,0.5805467744322445,0.9623508366640567,0.959734786559508,0.9397235030483746,0.9500175988632757,0.9144746801309743,0.9410608257746959,0.9684351702829072,0.9711737283760994,0.9810449192822386,0.9476992095124238,0.9553029890389221,0.9505492458270497,0.9299806132356022,0.9557960314806965
George_W._Bush,0.9881612174114587,0.9613288710795794,0.9611723643576852,0.9710531073228782,0.9946637325776941,0.938984761333522,0.9158252893082196,0.961960024726253,0.9862362907657658,0.9541505845948534,0.9910986516542292,0.9237449628713725,0.9716934875544451,0.9654975176637144,0.9699761092162638,0.9359943718649374,1.0,0.9682932161387169,0.9749233092716936,0.9318102405144123,0.9684782465560124,0.9429814320338469,0.9373506695029336,0.9871266505388635,0.9290979640747077,0.973817134207346,0.9671586734935455,0.9873319051682917,0.983968042551235,0.9822285427481477,0.9755095669555148,0.9832785372302977,0.9657339557075467,0.9584144949017441,0.8776137678377299,0.9851274989504888,0.9494573513687515,0.9821050443779745,0.9679306308006075,0.9054806441200384,0.9864916175240944,0.9783490149071005,0.9631543212638867,0.980114151910905,0.9633067183010524,0.9802259670839237,0.8542427575872242,0.5785118051400789,0.9447129175277399,0.9611317296894283,0.9802935379761931,0.9859286898280355,0.9629125073071537,0.9888963066768861,0.9660050535968805,0.9828407233262823,0.9697504671524209,0.9866165556459879,0.9893799523192041,0.9797368371555597,0.9595373034756283,0.9871856170715961
Ghana,0.9648466500526781,0.9692960715344092,0.9866852267016417,0.9630996884036953,0.9627586024323757,0.9731481112285248,0.9411693162630768,0.981371706802668,0.977266474093312,0.9571730556257888,0.9656859649647845,0.9300617861022438,0.9753061989860807,0.9796426722659173,0.989708651339267,0.9345024043362916,0.9682932161387169,1.0,0.9690460439327366,0.9773093601041065,0.978794557833241,0.9877014801322604,0.9717832013714945,0.9736220670254454,0.9665723636704027,0.9695657986008502,0.9832839717351275,0.9862145652740703,0.9897433920384319,0.9758399557557426,0.966802362556716,0.9658763693322957,0.9775301633629149,0.9642287873456986,0.9106854541116388,0.9680359924892723,0.933778213944467,0.9659411202705868,0.9592929511835074,0.9287488647614699,0.9801144544264356,0.9924366007895619,0.9561106297063077,0.979112096628566,0.9719869211702862,0.9634000525590912,0.8986283240042062,0.6359206273476729,0.9633392148390701,0.9722039426236807,0.9830739859372061,0.9875873108738816,0.9806476861865537,0.9747355092681037,0.9793514961644484,0.9785502163656467,0.9559679167856732,0.9853480714565305,0.9813282867564862,0.9621957630067495,0.964769609491698,0.9586511317242822
Gold,0.9846696299836716,0.9833244117794059,0.9786039498579217,0.9787249351271554,0.9695849747410222,0.9634771245172824,0.9454671934412723,0.9861012281806762,0.9889353870647436,0.97046404661947,0.9881868998144443,0.9709832364671808,0.9821545333320894,0.9744080004708241,0.9818020145190341,0.9560510264318551,0.9749233092716936,0.9690460439327366,1.0,0.9584366160234384,0.9869408165895858,0.9650306369934079,0.9699009304707986,0.991401241493858,0.9567338351825648,0.9977676826885737,0.9844657038177861,0.9876450914090776,0.9894217644722302,0.9873852857772697,0.9901904584969753,0.9850929412565351,0.9896474096573699,0.9913526400028743,0.9453613721225238,0.9855978653944771,0.9755642048159269,0.9850693216645153,0.9769173882759119,0.9486245780041438,0.9769900989640702,0.9798875585883922,0.9689580996289155,0.9833567873395007,0.9902881422625218,0.9682835872936667,0.8539634565230277,0.641219926243759,0.9866760587356704,0.9531926245696053,0.982235437955217,0.9856622108238337,0.9814494455178248,0.9903078038051103,0.9571560521530504,0.9848969505628558,0.9757778926847793,0.9844444375712864,0.9840912966447851,0.990398428641949,0.9846581803853068,0.978340388399841
Hinduism,0.9316770203674022,0.9569911556666314,0.978074850716112,0.9511273674766128,0.9170188311769433,0.978561175972805,0.9675400039918013,0.987962681620738,0.95000781907078,0.9527939740013985,0.9346133470043437,0.9469980435654266,0.9633779943747488,0.964749054513619,0.9775622701035427,0.9187042353271202,0.9318102405144123,0.9773093601041065,0.9584366160234384,1.0,0.978856983892625,0.990879589008391,0.9889489930529212,0.9532679418229965,0.9742761233795773,0.9613251069164439,0.9670639542564254,0.962457675978048,0.9733644536388655,0.9666631347846619,0.9641578605846325,0.9399811362794772,0.9762654569815282,0.969896627201949,0.9594987103561543,0.9528865782913035,0.9344376263630967,0.9422546388660604,0.9485310025414971,0.94531552971204,0.9450184157496387,0.9737046771220078,0.9268414393216309,0.9639039380939812,0.9686705709995597,0.9212182787130799,0.8835847566359372,0.616960689005632,0.964881633567074,0.9449594135397185,0.9600855645200226,0.9656377336497681,0.9734488230446646,0.9484473968302647,0.9594344353608264,0.9620330688549795,0.9332462748878254,0.9601747799283752,0.9546121175737238,0.9405950199418092,0.9634355909860861,0.9308636964554688
Human,0.9741885469950915,0.9800328974227065,0.9875966338353659,0.9661852122087641,0.9564066469086787,0.9677432656917854,0.9560001677849665,0.9922612515744824,0.9862928731239414,0.9750931822098131,0.9740395602235946,0.9698932480359586,0.9814309609915942,0.9830834692160548,0.9924055715640877,0.9429102630072355,0.9684782465560124,0.978794557833241,0.9869408165895858,0.978856983892625,1.0,0.9769363894930043,0.9834428776121762,0.9889115190213847,0.958571070606197,0.9886729368562643,0.9794426531196476,0.9867699221999878,0.991929539652137,0.9885173859575874,0.990574652297102,0.968020356163236,0.9883824408707984,0.9888324900357178,0.9534690844963907,0.976761788359927,0.9644281699591073,0.9740985395096082,0.9664840993586379,0.9436549883066265,0.972083309373801,0.978409626357489,0.9516581949199581,0.981893726285414,0.9845506767708772,0.9550180241827156,0.8587663583359868,0.6344290231430572,0.9789150001905694,0.9599158984338289,0.9832691173808545,0.987108609684463,0.9871799575740339,0.9862446652580493,0.9617312816887432,0.982538828725413,0.964652349317528,0.9852339197294891,0.9818621017096484,0.9862463858675299,0.9761975124016871,0.969251792967905
India,0.9469700505975667,0.9697693140231145,0.9835199562151414,0.9611878304941409,0.9352681720937029,0.9804968506009458,0.9625323545286661,0.9883217622392557,0.9639079868420246,0.9498885502200319,0.9464669789535094,0.9474759335154552,0.9700799434676846,0.9758388509885663,0.9859659945356519,0.9245369544323567,0.9429814320338469,0.9877014801322604,0.9650306369934079,0.990879589008391,0.9769363894930043,1.0,0.9906475062324426,0.9636053059087704,0.9848676620461841,0.9669075301584399,0.9784230500094379,0.9769691507074213,0.9805962902333454,0.9704402984260941,0.9645034454670458,0.9569387526437692,0.9792580285970341,0.968487937806862,0.9389288990833663,0.9572684238411189,0.937100387165034,0.9530247491945185,0.9559654708708634,0.9460843936131724,0.9652370804535699,0.9865219885033866,0.9528090069981614,0.977763724987206,0.9742199080464673,0.9450198659720362,0.9104163927364527,0.6338091043758796,0.973450578497149,0.9528302989516441,0.9754441304624666,0.9773258786828943,0.9741407131863635,0.962121439000425,0.9671412030796772,0.9712780222713372,0.9410505953567097,0.9752177056142715,0.9694749035836417,0.9481562010909844,0.9716099632969237,0.9428971059079785
Internet,0.9493490878678605,0.9616896572203335,0.9732683485434278,0.9540383264604851,0.9274685139635697,0.9686989591115996,0.9613958142983338,0.9874472743511143,0.96341692222697,0.9465061503990845,0.9434359367559988,0.9563330482595106,0.959979617762998,0.9651702884272789,0.9804678456884837,0.9082062142708136,0.9373506695029336,0.9717832013714945,0.9699009304707986,0.9889489930529212,0.9834428776121762,0.9906475062324426,1.0,0.9660030787329923,0.9784635276033279,0.9719221944571435,0.9695789394765273,0.9710656126981814,0.9772831107222342,0.9711157143113154,0.9708801207279514,0.9555344385712726,0.9788076575330108,0.9777439758673038,0.9636081532853337,0.96204827945164,0.9439612440249479,0.9445518294706794,0.9542761973692271,0.9473611310188591,0.9501975994504618,0.9737293216535914,0.951923079870977,0.9713800083432262,0.9687973740567446,0.9403068124871049,0.8893170428999256,0.6360408417957468,0.9732672935449294,0.9308305722221135,0.9664653463334726,0.9681707376631588,0.9775586699129407,0.9621888286009407,0.9433016480241526,0.9628168066328433,0.9305313178956619,0.9667949101427481,0.9602811826677651,0.9532700532449235,0.9766286551456022,0.9400288859982316
Iran,0.9910053068184236,0.9777012326348049,0.9754098117401223,0.9713810491699545,0.979924339602326,0.9531392970839027,0.9331133406194366,0.9810621729638885,0.998082876905313,0.9633785619450613,0.990183172825236,0.9549504041937524,0.9786010542821144,0.9836070743964004,0.9877296683552874,0.9379355337475068,0.9871266505388635,0.9736220670254454,0.991401241493858,0.9532679418229965,0.9889115190213847,0.9636053059087704,0.9660030787329923,1.0,0.9484302000399414,0.9897163684294946,0.9748329175315255,0.9962380860247507,0.994697580900313,0.9885275441002077,0.9859321288404074,0.9808498665967544,0.9803096962004388,0.9806683536330454,0.9230589848665937,0.9844207352804155,0.9622803565415583,0.9820678797658885,0.9660907798307956,0.9252353002587314,0.9881268802665799,0.9821203212400978,0.9694286037511258,0.9909552873586808,0.9821373762128799,0.977796050431738,0.8576993253217722,0.6223303452840439,0.9737055484193874,0.9605378059906019,0.9926871709238232,0.9936802122709942,0.9838842435556875,0.9991618300614605,0.959255476987663,0.9857057792003107,0.970159468211978,0.9947958599926113,0.9931201029915889,0.9936241289029971,0.9776235510654729,0.9821277776347878
Iraq,0.9320375151774976,0.9575193547542069,0.969732875628558,0.9539273338188315,0.9259699271547691,0.9843635912302647,0.9661353947208997,0.9770658040729012,0.9470881087168649,0.9440497831313714,0.9286069314869155,0.9398841322272934,0.9580468479139144,0.9667583708669191,0.9642877431674749,0.9090044292000476,0.9290979640747077,0.9665723636704027,0.9567338351825648,0.9742761233795773,0.958571070606197,0.9848676620461841,0.9784635276033279,0.9484302000399414,1.0,0.9596988282439737,0.9758787944765207,0.9623969273128002,0.9634706709415246,0.9626259080316433,0.9530522875607379,0.9586759115913621,0.9671310466521947,0.9527444071880241,0.9367662576398799,0.9480976528185526,0.943028727670255,0.9429329340064109,0.9483111314180408,0.9567908549259987,0.948513392102508,0.9766596765680946,0.9537469576499756,0.9698414436564039,0.9678015939824695,0.9483688217703783,0.9289627648362303,0.6727401214808089,0.96001855524751,0.925983103080754,0.9604326519304982,0.9612816869073999,0.9543282951216648,0.9451662491311247,0.9479751794705873,0.9558861362217678,0.9348737220265648,0.9544438289165611,0.9490736130550891,0.931447036954448,0.9789804767840433,0.9279295227749187
Iron,0.9839491730460155,0.9873944058654305,0.9832223449712246,0.9825598740724731,0.967603443662171,0.9671374060949518,0.9524244991495182,0.9883866517127948,0.9871259299204879,0.9756592541511716,0.9865312542117217,0.9736995656963299,0.9869065045011237,0.9775243870670036,0.9834290351258446,0.9602282358258596,0.973817134207346,0.9695657986008502,0.9977676826885737,0.9613251069164439,0.9886729368562643,0.9669075301584399,0.9719221944571435,0.9897163684294946,0.9596988282439737,1.0,0.9858351705696089,0.9873617440187726,0.9884528778593734,0.9915635193116892,0.9948164548701373,0.9852928008329092,0.9934964712323897,0.9922839937655572,0.9435084972115524,0.9834956720221435,0.978074942908068,0.9880448029188728,0.9791644224947591,0.9511713378889329,0.9777548467009545,0.9812613964190614,0.9681026140755755,0.9845621381147526,0.991344576195331,0.9660345831546218,0.8576780883682824,0.624173707866771,0.9864893184938708,0.9570121384972802,0.9824109699492654,0.9860279956321767,0.9796250458265606,0.9888760188564004,0.9615074451427033,0.9876767417331644,0.9824790011847997,0.9839930886627428,0.984188908090746,0.9909904736922353,0.9883437021064488,0.9796086558957496
Islam,0.9711028668976941,0.984097505354364,0.9909890099197918,0.9810581779635855,0.9645429598914328,0.9818068256806414,0.9631352385947759,0.9875023039291823,0.9759597433223428,0.9725186323024121,0.9754084814625128,0.9619512699936723,0.9852833902465533,0.9768486507877066,0.9819342742343062,0.9647900486615666,0.9671586734935455,0.9832839717351275,0.9844657038177861,0.9670639542564254,0.9794426531196476,0.9784230500094379,0.9695789394765273,0.9748329175315255,0.9758787944765207,0.9858351705696089,1.0,0.9834781795382213,0.9839127109984503,0.9806907338585541,0.9812074415384769,0.9825875608268307,0.9886312603237868,0.9795873734223448,0.9291744057975923,0.9759943873033907,0.967109065983495,0.9818765304777021,0.9802831405606803,0.9559800438175498,0.9751274655979704,0.9870215416997854,0.964093554753536,0.9780394581085889,0.9865898572506892,0.9638298298183218,0.8921030820119381,0.6739055890865706,0.980192881418514,0.961687894456397,0.9766975441104984,0.9841184453778207,0.9670087755415554,0.9754498188849168,0.9757918028682668,0.98685295750743,0.9739731743852498,0.9800974641833351,0.9790447884163899,0.9723079868383615,0.9811800384157455,0.9715041399513517
Italy,0.9897016641336757,0.9802887614136635,0.9827174964082066,0.9776076727326082,0.9828644361293375,0.9635878997861312,0.94265564246401,0.985413560126184,0.9960033832423814,0.9627979000301407,0.9879799119198219,0.9494182241658357,0.9824805327500591,0.9875730969460338,0.9916391303198983,0.9409685249420102,0.9873319051682917,0.9862145652740703,0.9876450914090776,0.962457675978048,0.9867699221999878,0.9769691507074213,0.9710656126981814,0.9962380860247507,0.9623969273128002,0.9873617440187726,0.9834781795382213,1.0,0.9975846231330963,0.9891136713544548,0.9832472686522403,0.9839147338959766,0.983887020473084,0.9774280055781525,0.9155258125752248,0.9846116465767519,0.9581946523349785,0.9826408372160681,0.9709686745572333,0.9309221320759736,0.994053243568837,0.9931820981186703,0.9759443554175273,0.9946315451921899,0.9831695814173731,0.9823300464328812,0.8836895578271269,0.6260729750709896,0.9747464421715143,0.9685310938444173,0.9963938542409255,0.997805895932137,0.983342054865418,0.9967484035225458,0.9711842151070373,0.9901678949873528,0.9711292828203881,0.9982161104694933,0.9962100036582848,0.9869789941274493,0.9805216171086871,0.9823684164849218
Japan,0.9856406185789741,0.9772713903123378,0.9848454728139925,0.9752154732909959,0.9782583823485562,0.9667235909745452,0.9447281438642157,0.9896118379630978,0.9938148535708862,0.9647984494921577,0.985775915137292,0.9496123947062975,0.9813244217357707,0.9857430086869479,0.9930509718076537,0.9397124228498291,0.983968042551235,0.9897433920384319,0.9894217644722302,0.9733644536388655,0.991929539652137,0.9805962902333454,0.9772831107222342,0.994697580900313,0.9634706709415246,0.9884528778593734,0.9839127109984503,0.9975846231330963,1.0,0.9891417685439535,0.9847479700830275,0.9798882261057144,0.986671732207568,0.9818795417097185,0.930631792790407,0.98730671628475,0.9565536520397433,0.9791270180308036,0.9705117681968022,0.935719054780464,0.9879289807548142,0.9928693573848933,0.9702449774408437,0.9911325953392075,0.9840516761836867,0.9764747841630707,0.8798018347525456,0.6283998399152756,0.9750991698223449,0.9669573472339313,0.9931247897225769,0.9964433707377003,0.9904522160404081,0.9939519642276294,0.9708301923105285,0.9876941471412829,0.9676000998359037,0.9950492788386673,0.9923098871984853,0.9860790917197749,0.981208502251024,0.9772705766795742
Jesus,0.9814506149027503,0.9856423326271109,0.9848784324293247,0.9806351371173668,0.9730575937757486,0.9697195355543214,0.9582530891146668,0.9873669597915143,0.9851548019219284,0.9838737179550435,0.9805722192943208,0.9667275320046895,0.9909615632069431,0.9810553918744073,0.9851327068302819,0.9531828561980329,0.9822285427481477,0.9758399557557426,0.9873852857772697,0.9666631347846619,0.9885173859575874,0.9704402984260941,0.9711157143113154,0.9885275441002077,0.9626259080316433,0.9915635193116892,0.9806907338585541,0.9891136713544548,0.9891417685439535,1.0,0.9946390280510308,0.9854386605884269,0.9911760038157569,0.9816225031600178,0.9307713714401634,0.9821811017739783,0.977449431390189,0.9878147037806155,0.9803128295592101,0.9524912041412497,0.9851320996232713,0.9868556663565312,0.9684271622161957,0.9909741144599438,0.986810893254409,0.9723329596426036,0.8742864285344056,0.5890616517788458,0.9744639942675759,0.968601599649011,0.9875460455762023,0.99008980991463,0.9763405741994629,0.9883503370427613,0.9706174798453097,0.9908964471523907,0.9840443336165269,0.9873880501368392,0.9893497402573993,0.9851323429610662,0.9802241643190146,0.983530726647731
Judaism,0.9798677505772486,0.9876482825754568,0.984289302901665,0.9835540552678949,0.9651801046991876,0.9647298188694915,0.9577727179634176,0.9881944181992908,0.9823816947560661,0.9817638008865596,0.983573686348407,0.9766508183420398,0.9894355133202717,0.9748255782268678,0.9828772599435215,0.9646919404742453,0.9755095669555148,0.966802362556716,0.9901904584969753,0.9641578605846325,0.990574652297102,0.9645034454670458,0.9708801207279514,0.9859321288404074,0.9530522875607379,0.9948164548701373,0.9812074415384769,0.9832472686522403,0.9847479700830275,0.9946390280510308,1.0,0.981759963857794,0.9931821900416212,0.9900930277406585,0.9395364036419409,0.9812280472544589,0.9773858542459871,0.9885887518315858,0.9818433722649432,0.948821220381946,0.976059088319747,0.9766392188270612,0.9586782532836152,0.9827777893443991,0.987554088538567,0.9570507927274836,0.8543853611652938,0.5887127717310723,0.9797458985820577,0.9614412482161022,0.9789461375831897,0.9844547617654449,0.9718234218356142,0.9850881604032024,0.9678237216101621,0.9898955816781372,0.983274752531213,0.9827679414104546,0.9849593129065949,0.9885278855352404,0.9799550089685354,0.982675909666754
Julius_Caesar,0.9840004169966651,0.9749454494313289,0.9669698098086363,0.9809778486827085,0.9841232315968419,0.9551347329326803,0.9379442482669365,0.9735055818700269,0.9786351271256284,0.9576321757781107,0.9842006348430442,0.9488531258115595,0.9781745808059104,0.9619397188096044,0.9669578316348136,0.945704272172054,0.9832785372302977,0.9658763693322957,0.9850929412565351,0.9399811362794772,0.968020356163236,0.9569387526437692,0.9555344385712726,0.9808498665967544,0.9586759115913621,0.9852928008329092,0.9825875608268307,0.9839147338959766,0.9798882261057144,0.9854386605884269,0.981759963857794,1.0,0.9796051841990112,0.9668713336357619,0.9042807100622133,0.987857207992056,0.9734715308435726,0.9842723774400182,0.9867775409765301,0.9495309117737464,0.9794870099405122,0.9819164921024168,0.9799608181022088,0.98059324571211,0.9769888859074918,0.9812747716358499,0.8756738579090011,0.6037632197443004,0.9620842679025896,0.9430577858812059,0.9744417504458346,0.9803558237768598,0.957019840020287,0.9828856795180422,0.9575706808470288,0.9840264263490899,0.9729485257399983,0.9791433844260374,0.9828805408854404,0.9764636470749793,0.9777076183650171,0.9864843743208263
Koran,0.9745632257075747,0.9890165189272597,0.9896481442755489,0.9848145301221223,0.957323927019643,0.9764050990630235,0.9663585911609118,0.9947298878023108,0.9769356914894093,0.979235198635141,0.9778788671759343,0.9763624898932701,0.9921053015803969,0.9742371748945796,0.9857749481761131,0.9663773194300532,0.9657339557075467,0.9775301633629149,0.9896474096573699,0.9762654569815282,0.9883824408707984,0.9792580285970341,0.9788076575330108,0.9803096962004388,0.9671310466521947,0.9934964712323897,0.9886312603237868,0.983887020473084,0.986671732207568,0.9911760038157569,0.9931821900416212,0.9796051841990112,1.0,0.9921863971112335,0.9467823690542035,0.9781547649350201,0.9759385036968103,0.9853742338277279,0.986033742552032,0.9591816224405689,0.9756255471554719,0.9851447193013422,0.9595734477864083,0.9808855608094047,0.9918733786338613,0.953550208546623,0.8611347760446935,0.6026121262314302,0.9882368216783157,0.9648182162328683,0.9783168108530744,0.983912222971284,0.9750045296384989,0.9796546154516794,0.9712413664960805,0.9918177380814821,0.9806379813645977,0.9819093157059364,0.982750238308714,0.9795419716578527,0.9819300204574233,0.9779209711271065
