,Adolf_Hitler,Africa,Asia,Association_football,Barack_Obama,Bible,Buddha,Buddhism,China,Christianity,Christmas,Dog,Earth,English_Language,Europe,Eye,George_W._Bush,Ghana,Gold,Hinduism,Human,India,Internet,Iran,Iraq,Iron,Islam,Italy,Japan,Jesus,Judaism,Julius_Caesar,Koran,Maize,Milk,Mohandas_Karamchand_Gandhi,Money,Moon,Moses,Muhammad,New_York_City,Niger,Osama_Bin_Laden,Paris,Periodic_table,Pope_Benedict_XVI,Pope_John_Paul_II,Religion,Rice,Roman_Catholic_Church,Rome,Russia,Silver,South_Africa,South_America,Soviet_Union,Sun,United_Kingdom,United_States,Water,Wikipedia,World_War_II
Adolf_Hitler,1.0,0.9131901976162656,0.8834769370962111,0.9403634986973296,0.9786627270860544,0.9505677720649439,0.9635166613517183,0.9387191660563196,0.9589228618131334,0.9739422306595432,0.9709359687196354,0.9545073760530434,0.9527371779700943,0.9429731536331516,0.9387023219216888,0.9639530262184725,0.737216152379947,0.9303132638336084,0.9374477357405857,0.9440688705319678,0.9699088845206779,0.9637507649162773,0.960731496127347,0.9210501626760492,0.9818362972159411,0.8765367316121125,0.9658705010042492,0.961972460696706,0.9497534523169286,0.9619810136896255,0.9281003359944443,0.9750674132470115,0.9485088085133688,0.9242437752067579,0.9432946527320029,0.9492385637888383,0.9633570692561387,0.9833283726462364,0.9096529340210541,0.9732760183947914,0.9607023097572672,0.8776461876217524,0.8380671086138971,0.9557228685107432,0.973984407943982,0.969433862617575,0.8611072100384722,0.9153295658019053,0.9526679527849101,0.9718713116723681,0.9541162101657499,0.9641829596045361,0.8967457646883649,0.9529345254491594,0.9235389989860331,0.9557101331657014,0.9518662391908108,0.9636406819737074,0.9686876487724732,0.952341521514626,0.9555525465504261,0.9914064215070918
Africa,0.9131901976162656,1.0,0.9891329872766998,0.9655503043934409,0.9353080987318599,0.9777699311236205,0.9679657076432631,0.9847261975519769,0.9776822757534309,0.9711155560679494,0.9543336318017211,0.974336095858214,0.9808466671379205,0.9707828937995836,0.9919393865085765,0.9537648801509722,0.8346237369562148,0.9915809694992788,0.9823566930004652,0.974508327606802,0.9624408581371278,0.9715642961199258,0.9667260694220403,0.9883561362535884,0.9530289279209757,0.9694035701169631,0.9689603699206321,0.9761022270153352,0.9890566511320991,0.9508654841939687,0.9816657660473141,0.9116420291153273,0.9691881036525953,0.9642788004655432,0.980341000353483,0.9044079163022257,0.9655739410268203,0.9388681359259241,0.9153223366560354,0.962664871606869,0.955654032807493,0.982200390305811,0.8638834880038814,0.9696765390404826,0.954765643841092,0.9059493343573937,0.9435754291842139,0.9830018745801367,0.957195130174293,0.9553252567716047,0.9787472806583788,0.9597440234862769,0.9875331714915192,0.9257140142314105,0.9883840009581406,0.9697104936242343,0.9611323043291662,0.9718865940440365,0.9698871460318308,0.9426498698680779,0.9556006433214888,0.9243115618237375
Asia,0.8834769370962111,0.9891329872766998,1.0,0.9507790154658451,0.9081149581888915,0.9623689519388648,0.9474635501908841,0.9755284611985743,0.9643999709100506,0.9515603360245766,0.9320527393261414,0.9561093545858426,0.9550603582059711,0.9527122627744464,0.9797348414632451,0.9329049091030368,0.8616392674944432,0.9844503583179286,0.9770501277331648,0.9643499733859441,0.9384142608705137,0.9495591203232302,0.9458837907333483,0.9867022205190865,0.9281580298101144,0.9657248845716708,0.9509548040663535,0.9599435175822565,0.9770781852443069,0.931330705009575,0.9705048754064376,0.8825384259979893,0.9471852349360266,0.9435416676083818,0.9700746868574323,0.8736632211132476,0.9395495100036949,0.9087134173623495,0.9017641691449139,0.9388981646242226,0.9356030836397066,0.9916956331592343,0.8673247231948825,0.9545258844462152,0.9244090008699037,0.8897475278381154,0.9558393067609088,0.9794379247935567,0.9467896785611215,0.9296734276498697,0.9605473052219449,0.9409858902159903,0.9879587259988454,0.8941967862152247,0.9785038240299886,0.9602560054469857,0.9320526710871212,0.9532232486285612,0.9542546703724941,0.9091955565045967,0.9295547450535736,0.9016596245840959
Association_football,0.9403634986973296,0.9655503043934409,0.9507790154658451,1.0,0.9754323332684632,0.9703051695924435,0.9680755186886952,0.9755564290995378,0.9802265359091654,0.9783890438203019,0.9772733426805567,0.9717483403310421,0.9657355413793833,0.9436031807992213,0.9720617194913412,0.9663197718367378,0.8617975238217432,0.9717124501007668,0.9809800014475939,0.9700887471188282,0.9780762136338577,0.9637424425373077,0.9498441952797045,0.9817259332944782,0.9742040578953325,0.9704899715145872,0.9749582075548772,0.9725005189444654,0.9879107922228312,0.9699397412953874,0.9791402530587464,0.9460275616319037,0.9796459330609093,0.9749081088234818,0.973142565472328,0.9237439346389826,0.9574682492385473,0.9600711922226665,0.9321301318569266,0.9740321686205349,0.9688682788793069,0.9647746749293139,0.9019987228057619,0.9857591449660036,0.9661144923281788,0.9625073371981898,0.9409828546371664,0.9416865642633845,0.9675463916650932,0.9529304568493479,0.9889164105046764,0.9588830838333635,0.9689166813926837,0.9322734094258119,0.9770962165950229,0.97534968679221,0.9741450504774644,0.9660572643530752,0.9792997185138926,0.9526942231355199,0.9516503631886798,0.944829140256934
Barack_Obama,0.9786627270860544,0.9353080987318599,0.9081149581888915,0.9754323332684632,1.0,0.9586755440268524,0.9649777781669374,0.9503356136744484,0.9755189294040089,0.9768968309783265,0.9831283363357091,0.9569558889838076,0.9586498229449517,0.9451017988808896,0.9538393422200764,0.9671146637802834,0.8141675334629829,0.9479781725195331,0.9618241489244106,0.949129322451343,0.9835713464941808,0.964597580394898,0.9530726322704904,0.9516800391066371,0.9845775578171437,0.9199859492231808,0.9692681821785013,0.9719551144369813,0.9677993363090774,0.9634609825980414,0.9576351778575838,0.9642345341571753,0.9671100435385611,0.9476080949511677,0.9542415727866047,0.9205439803754527,0.9616729814768382,0.9856434000342279,0.906145938964081,0.9769708496877644,0.9808327226784008,0.9153301586422433,0.8869945858766234,0.98123762713478,0.9745464941695402,0.9854325375669905,0.9064154710956132,0.919270806514538,0.954845003597364,0.960456253201027,0.9783263576476526,0.9685528395055208,0.9235271763935419,0.9523419160822097,0.9511652761118345,0.9730568553396536,0.9794781365442133,0.969570841154389,0.9831042496633927,0.9511114714475825,0.9488718131103081,0.97797535309307
Bible,0.9505677720649439,0.9777699311236205,0.9623689519388648,0.9703051695924435,0.9586755440268524,1.0,0.9916327014363557,0.9864433474231149,0.9892525373090851,0.9896378183494602,0.9851286284831965,0.9797149761035056,0.9838427184591517,0.981754407118527,0.9874327305375071,0.9790434539592054,0.8155310977149316,0.9737280505895254,0.9831967155581512,0.9913883973114881,0.9841838719853265,0.9847047848539054,0.985769647737448,0.978875928050179,0.9770074630085224,0.960671403259451,0.989807814030504,0.984188285190217,0.9858080059679297,0.9789775471005718,0.9754964834579457,0.9623950656857246,0.9890740843632453,0.9580383889157476,0.9662862819472913,0.9408259637595384,0.9921204599165253,0.9717782007698544,0.9319115756121467,0.9804290651094488,0.9674919369783899,0.9551774143978509,0.8654582106335365,0.9739265918336735,0.9854708408663458,0.9449208872403473,0.9240094566554814,0.9790399643468504,0.9691454257342509,0.9833094322154112,0.9834841440515406,0.9767446219675533,0.9693980929751034,0.9529390500664459,0.9771866982128312,0.9786318369178494,0.9716266891480596,0.9825140536450342,0.9832023692992244,0.9671097680641421,0.9809474272178652,0.9537213811521736
Buddha,0.9635166613517183,0.9679657076432631,0.9474635501908841,0.9680755186886952,0.9649777781669374,0.9916327014363557,1.0,0.9854406754595554,0.9798382398553687,0.9903437771092499,0.9848592324475619,0.985411278084069,0.9847684612653057,0.9667084700192105,0.9774023315669453,0.9728524905742615,0.8071683026266543,0.9650063469040242,0.9738893514901551,0.9887677487052141,0.9857957385351526,0.978614745523367,0.977105578261212,0.9653816683381935,0.9834536566970048,0.9483636609119326,0.9918767369042122,0.9749415613805241,0.9813853074883792,0.9915508588575627,0.9737071553765149,0.9786619900360476,0.9881013878481033,0.9561965363667071,0.9685561638962729,0.9644295132921243,0.9851277246781602,0.9822696645914103,0.9450668094176986,0.9883434721545544,0.9637353764779283,0.9382369961590256,0.8743523035832456,0.9713026832390841,0.9868529792871765,0.9535750400481676,0.9200190422964943,0.961389508973185,0.9738165347439995,0.9824323763383688,0.9808857687080786,0.9671378262309359,0.9620589398435846,0.9415035077227978,0.9698005460231518,0.9654498108875453,0.9643827407046571,0.9766854151581843,0.9745399663747819,0.97583982191149,0.9881763584143348,0.9542351731873558
Buddhism,0.9387191660563196,0.9847261975519769,0.9755284611985743,0.9755564290995378,0.9503356136744484,0.9864433474231149,0.9854406754595554,1.0,0.9777038165125524,0.9848845515723437,0.9759015154683759,0.9887690780900669,0.9793421037060637,0.9573788714497029,0.9853874971868267,0.9657546078234482,0.8426110715775497,0.9814419424540621,0.9859630057483839,0.9936252351572806,0.975890092361565,0.9686111783832401,0.9645947375294838,0.9823101693590939,0.9681161666502767,0.9704565272025858,0.9878366048930909,0.9722939130344217,0.9901586114242181,0.9834321025950307,0.9820259769846109,0.949199787649754,0.9852133396936894,0.9630777453378785,0.9828039922026675,0.9432166228706039,0.9721370033563442,0.9574648380815414,0.9533956112974499,0.9801952798715459,0.9528952000498603,0.9690982491346902,0.8766589794906734,0.9697672387365093,0.9666566776970587,0.938456072162384,0.943955724409464,0.9707937836928784,0.9728789321259985,0.964781605487198,0.9830650758140977,0.9578049190762858,0.9850660820459926,0.9189948191779612,0.9813210169626516,0.9696074237573973,0.9548441542906675,0.9674142959105835,0.9707072751056244,0.9612079646715145,0.970459957160961,0.940118818875753
China,0.9589228618131334,0.9776822757534309,0.9643999709100506,0.9802265359091654,0.9755189294040089,0.9892525373090851,0.9798382398553687,0.9777038165125524,1.0,0.9917824712780025,0.9848530406115823,0.9717446451532284,0.9794719048698131,0.9839161512974234,0.9887458458717867,0.9810641232087223,0.8356255506483705,0.9801978918677374,0.9871256071935741,0.9796006818050428,0.9856197856310196,0.9904931728071736,0.9853493639813196,0.9874637193246202,0.9845726641679944,0.9534782090081853,0.9851330823320404,0.9971239451942553,0.9904338246675503,0.9668664901088658,0.9813337672033547,0.9545604316887107,0.9778550750079145,0.959921304883011,0.9728216910685877,0.918042734564624,0.9839821412010462,0.9748742227127719,0.9083211732944589,0.9788182979355892,0.98696260428106,0.9637659141292241,0.8890553935256467,0.9918392277006483,0.9804587365666076,0.9614292129856924,0.9358397680714345,0.9765277585933292,0.9701331624385748,0.9805328795699538,0.9907518837562804,0.9892982913247342,0.9647168230063552,0.9663665801566099,0.9818263734005319,0.9924789295056797,0.9859506604588303,0.9937815698521141,0.9972019397180519,0.9540449955833052,0.9639343734215552,0.9687007971051871
Christianity,0.9739422306595432,0.9711155560679494,0.9515603360245766,0.9783890438203019,0.9768968309783265,0.9896378183494602,0.9903437771092499,0.9848845515723437,0.9917824712780025,1.0,0.9906324904402515,0.9855078015688558,0.986680376515793,0.9758554676107871,0.9866361733790195,0.9853217205035261,0.8076900649173028,0.9765489164324395,0.9842528226725158,0.9880981583063015,0.9913188332590624,0.9897141471509349,0.9836712378278711,0.9754827846649997,0.9911542079397869,0.9476579551315074,0.992846596671982,0.9900773187872103,0.9889336411057289,0.9843400311496852,0.9784304264612186,0.974496570876697,0.9859994309611411,0.9641473498995328,0.9774669377112463,0.9532651435991476,0.988601909218765,0.9849958176562214,0.9321517879207855,0.9891671297089486,0.9779903561241257,0.949008872031885,0.8737556902177548,0.9856239737355187,0.9881423666562346,0.9651531087449977,0.9195496223675115,0.9679609040329675,0.9828111643169574,0.9891444421425195,0.9899191195750152,0.9849436836915495,0.9627412546533876,0.9631450847988023,0.9746764325124729,0.9822930508126722,0.9776231988682169,0.987462344447777,0.9899654901914494,0.9747267875530748,0.9778654134199632,0.9732877374150999
Christmas,0.9709359687196354,0.9543336318017211,0.9320527393261414,0.9772733426805567,0.9831283363357091,0.9851286284831965,0.9848592324475619,0.9759015154683759,0.9848530406115823,0.9906324904402515,1.0,0.9752146554044102,0.972586844800349,0.9629172358885971,0.9716210533425484,0.9792473448295568,0.8321221886876744,0.9613588215173053,0.9773833561379947,0.9795990548966569,0.9911570025151856,0.9726921521795658,0.9684553317801075,0.9676820209669098,0.9849585808206381,0.947599958249683,0.9907614449474014,0.9799021422634545,0.9766181703217024,0.9852534441583234,0.9743202723703029,0.9790269622422515,0.9879494636667009,0.9535937787016073,0.9576811473851222,0.9440079187263072,0.9814843487635284,0.9854843795186624,0.9343135937993229,0.9879417231143021,0.9726828553649521,0.9327774305733136,0.8936994519332622,0.9794010968062802,0.9838373349688191,0.978766984136243,0.9237185353841737,0.9478213930881162,0.9648761326811912,0.9743429363228043,0.9867897357288113,0.9725051872382854,0.9497804749409448,0.95173638578753,0.9678281261539591,0.9749698844529515,0.9739205679243609,0.9752980548499367,0.985214235170456,0.9686396156270708,0.9735955307390926,0.968495021079542
Dog,0.9545073760530434,0.974336095858214,0.9561093545858426,0.9717483403310421,0.9569558889838076,0.9797149761035056,0.985411278084069,0.9887690780900669,0.9717446451532284,0.9855078015688558,0.9752146554044102,1.0,0.9863055664519681,0.9576088330176047,0.9796544593427562,0.9715012221678075,0.8145640041662351,0.9771163500558814,0.9778116870386044,0.9832131880211026,0.9831985681906162,0.9711924526401265,0.9669336580379194,0.9683972202229821,0.9750362355355282,0.9543905957711759,0.9870953368942709,0.9710650400290255,0.986986508886162,0.9836073022941728,0.9765068810077652,0.95979245464785,0.9850321515838314,0.9713591916585034,0.9842575594813828,0.9632023205278634,0.9757399132723781,0.9700550988762718,0.9575144616446183,0.9841038258951461,0.9526560437566779,0.9520858793567629,0.8657257538091289,0.9682938279679045,0.9790118374293979,0.9392345260276753,0.9273794376438662,0.9621421282286666,0.9829195634601866,0.9693084284636242,0.9800688472943082,0.9585461839778809,0.9729246150964832,0.9301867781903712,0.9718411561747794,0.9628186809706784,0.9593936641280306,0.9685249755485791,0.9714350324384731,0.9759277151050351,0.9839742670810862,0.9505062416707318
Earth,0.9527371779700943,0.9808466671379205,0.9550603582059711,0.9657355413793833,0.9586498229449517,0.9838427184591517,0.9847684612653057,0.9793421037060637,0.9794719048698131,0.986680376515793,0.972586844800349,0.9863055664519681,1.0,0.9741952519559762,0.9886803118375611,0.9728401477991652,0.7899276944503552,0.9809665806286776,0.9762334723624614,0.9753620044425131,0.9840445612062177,0.9838489155111463,0.9767178796288042,0.9708267334277513,0.9765365877537278,0.9497254555343786,0.9815820226620452,0.9802837918522845,0.9848738792350269,0.9708150151885926,0.9748080849258639,0.9516230596369462,0.9817234877258196,0.9762881904583643,0.9795806091922228,0.9466670443112655,0.9853035551492138,0.9749661195981734,0.9263268435546897,0.9836204003033254,0.9648811800919329,0.9518824902616255,0.8543143385817028,0.9734438923127251,0.9831993865877886,0.9295413656133943,0.9161657116520475,0.9719936115177426,0.976245450057818,0.9817649100000614,0.9836376189948606,0.9715948468338538,0.9684064431302479,0.9563940999183264,0.9770000992947817,0.9653047012249303,0.9738890146070285,0.9791012571030451,0.9768836842662209,0.9855418936182055,0.9794558890037421,0.9495159167732907
English_Language,0.9429731536331516,0.9707828937995836,0.9527122627744464,0.9436031807992213,0.9451017988808896,0.981754407118527,0.9667084700192105,0.9573788714497029,0.9839161512974234,0.9758554676107871,0.9629172358885971,0.9576088330176047,0.9741952519559762,1.0,0.9819347024660171,0.9677974805507006,0.7688499166885349,0.9697663477846656,0.9673245534252833,0.9652960921710992,0.96680194529537,0.9896208290100477,0.9924291369854901,0.9647177377817459,0.9633784419131365,0.9285491048373279,0.966477560774705,0.9871314064544549,0.9711059806135783,0.9375080388687088,0.957406889360435,0.9314735651144054,0.961890958076228,0.9405461564851595,0.9504816214533603,0.9050014636281469,0.9873942901805215,0.9582077696020825,0.8803667575321075,0.9593250405773095,0.967887625241473,0.939784959415764,0.8346651936731999,0.9668040539969459,0.9750744603691908,0.9196975607900534,0.9005116948652215,0.9817955415166908,0.9492505446370529,0.9794324353602499,0.9679172764228791,0.9829107500222516,0.9454749727726243,0.9673816052722207,0.9658939662889802,0.9779945281709581,0.969881763321911,0.9883506253156743,0.9810483471686828,0.9417353128370876,0.9647786861291362,0.9568385615342361
Europe,0.9387023219216888,0.9919393865085765,0.9797348414632451,0.9720617194913412,0.9538393422200764,0.9874327305375071,0.9774023315669453,0.9853874971868267,0.9887458458717867,0.9866361733790195,0.9716210533425484,0.9796544593427562,0.9886803118375611,0.9819347024660171,1.0,0.973442114165037,0.8156602710631029,0.9918752290905783,0.9919134480725494,0.9824874712434652,0.9786010048612829,0.9861577025955012,0.9803377507756045,0.987403789167705,0.9701679675452789,0.9607016172583206,0.9773241732933394,0.9880198834318462,0.9912118037545122,0.961355586046335,0.9818105808377674,0.9347519730598608,0.978501068055733,0.9682775844290826,0.9824980942883383,0.9211122069646044,0.9824161739827021,0.960263587091891,0.9146772071941903,0.9713648044754131,0.9707070413023832,0.9767750522467915,0.85849803740541,0.9803212402568149,0.9715589196134106,0.9302609181092387,0.9305874756068886,0.9871701899342525,0.9757674043236025,0.9763685582971142,0.9863481413221131,0.9813493293607182,0.9797382209175763,0.9567870679366726,0.9841931629070692,0.9812291060429242,0.9734259922410686,0.9828994769830863,0.9842372998232161,0.9599285452784453,0.9640234821685023,0.9483347214465835
Eye,0.9639530262184725,0.9537648801509722,0.9329049091030368,0.9663197718367378,0.9671146637802834,0.9790434539592054,0.9728524905742615,0.9657546078234482,0.9810641232087223,0.9853217205035261,0.9792473448295568,0.9715012221678075,0.9728401477991652,0.9677974805507006,0.973442114165037,1.0,0.791792862993981,0.9624091636489671,0.9737530744240341,0.9737937259076536,0.9831064372963075,0.9799197102613667,0.9781865549816801,0.9616757380758153,0.9763454702143723,0.9313550362670805,0.9796290619741709,0.9787586550806459,0.9743250427568353,0.9678926182911644,0.9592175776299477,0.9607653861101061,0.9728408659084299,0.9512224179998118,0.9609164783992349,0.9410363963582403,0.9821001724564135,0.9692599230331418,0.915759291724944,0.9702699726819151,0.9657084574214172,0.9342671299717866,0.8401210487615749,0.9679450495399307,0.9780228312909575,0.9514775864255111,0.8943766920768933,0.9586989584342224,0.9681308177213753,0.9795529747038464,0.9684387372284075,0.9790115014533556,0.9438707246443945,0.9666616514278955,0.9553627250966017,0.9704643614527448,0.9682136703188489,0.9717222625827033,0.9834522635476801,0.9628325336977124,0.9615407151812358,0.9639543720884279
George_W._Bush,0.737216152379947,0.8346237369562148,0.8616392674944432,0.8617975238217432,0.8141675334629829,0.8155310977149316,0.8071683026266543,0.8426110715775497,0.8356255506483705,0.8076900649173028,0.8321221886876744,0.8145640041662351,0.7899276944503552,0.7688499166885349,0.8156602710631029,0.791792862993981,1.0,0.8441715464904466,0.8460004000086129,0.8183017181445749,0.8175893812563129,0.7628726617555571,0.7564189043218387,0.8811692396379192,0.783411702013397,0.8865399651166308,0.8423079360151987,0.8182697481330711,0.8403878909993382,0.8212812784141735,0.8880436865481579,0.7602950824658573,0.8233885688965853,0.8176491960484343,0.8147881263882425,0.7180463136514338,0.7652245512004666,0.7741710656516939,0.8183064180255687,0.8273818174949484,0.8189102949275762,0.883804060174426,0.9301312206323169,0.841154192444739,0.7667518591995389,0.8227245511331489,0.9501968058253334,0.8026744670727427,0.793579807863931,0.7382381772657368,0.8481848359177186,0.7649008951857669,0.8643556058313066,0.7020720834508131,0.873448266412959,0.8176640239169913,0.7981837522293661,0.7984383486725304,0.8307825937372479,0.7576792473687242,0.7844491355193668,0.7421526882437014
Ghana,0.9303132638336084,0.9915809694992788,0.9844503583179286,0.9717124501007668,0.9479781725195331,0.9737280505895254,0.9650063469040242,0.9814419424540621,0.9801978918677374,0.9765489164324395,0.9613588215173053,0.9771163500558814,0.9809665806286776,0.9697663477846656,0.9918752290905783,0.9624091636489671,0.8441715464904466,1.0,0.9858888843765872,0.9720987791593217,0.9688570492845665,0.9709835240292919,0.9647712737731898,0.990683799073148,0.9583487890541504,0.9656998234496279,0.9721769515159222,0.9803907286836142,0.99016635518684,0.9527182652425327,0.9834062372162585,0.9185284937782975,0.9690253147965953,0.973398616011185,0.9828038999424726,0.9105061228939326,0.9654920489031316,0.9463291110666088,0.9204342697775078,0.9705792025052374,0.9631807761949359,0.9844791275328488,0.8761013945192088,0.9761874378170501,0.9558706005725869,0.9228770370538086,0.9496353185178337,0.979201439601791,0.9672779006425938,0.9580894667203298,0.981984724203872,0.9647993658927815,0.9849406581037247,0.9342374064306863,0.9890374134607389,0.9748059989453374,0.9590075992679301,0.9726028721960216,0.9780687489505557,0.9491429399716326,0.9571083861965339,0.9398384481523234
Gold,0.9374477357405857,0.9823566930004652,0.9770501277331648,0.9809800014475939,0.9618241489244106,0.9831967155581512,0.9738893514901551,0.9859630057483839,0.9871256071935741,0.9842528226725158,0.9773833561379947,0.9778116870386044,0.9762334723624614,0.9673245534252833,0.9919134480725494,0.9737530744240341,0.8460004000086129,0.9858888843765872,1.0,0.9831139022330215,0.9813783740067481,0.9747299379216682,0.9681070736340048,0.9886903535494221,0.9701073357885652,0.9667528802330059,0.9765426188161683,0.9817119564088335,0.9895686764397225,0.9670707571030035,0.9809405703122647,0.9387434324354795,0.977905797698353,0.9614549700050631,0.9810035420623007,0.9152428551332129,0.9737296639844774,0.9597681814816215,0.9175468873362034,0.9676930474476775,0.9661441296171894,0.9787752640628394,0.8732030953735338,0.9815582541307701,0.965476190125153,0.9503433886055171,0.9421665472217073,0.976710587733258,0.9794350215486226,0.9662876282467402,0.9863121167570627,0.9758546139662736,0.9812748308040709,0.9448448691394771,0.9788046025296899,0.9831636881784948,0.9728321630871096,0.973693641161702,0.9833184517634956,0.9517067009659249,0.953595329996688,0.9486666941958257
Hinduism,0.9440688705319678,0.974508327606802,0.9643499733859441,0.9700887471188282,0.949129322451343,0.9913883973114881,0.9887677487052141,0.9936252351572806,0.9796006818050428,0.9880981583063015,0.9795990548966569,0.9832131880211026,0.9753620044425131,0.9652960921710992,0.9824874712434652,0.9737937259076536,0.8183017181445749,0.9720987791593217,0.9831139022330215,1.0,0.9767735212853528,0.9752729995037869,0.9742790433679176,0.9746381210045242,0.9720045282723893,0.9591258578802629,0.9886238178071267,0.9736992380476194,0.9838877198315371,0.9852336253919095,0.9742076145024785,0.9611270281952511,0.9860428018860847,0.9511342981023505,0.9724691746904601,0.9495189675778564,0.9809934141576425,0.9617251400171504,0.9443276354747467,0.9761369557947581,0.9517751533267358,0.9558619656712095,0.8595992292601614,0.9665009416794782,0.972746383917099,0.9425183089858276,0.9237127358727809,0.9722686035306495,0.9724995920305886,0.9754452264834617,0.9768112001068845,0.9649479670858894,0.9736167673186669,0.9297619504396574,0.9715593044323019,0.9701721419143567,0.9546241896217816,0.970170689444912,0.9712010697198399,0.9610788945252876,0.9752525741873145,0.9445611203023825
Human,0.9699088845206779,0.9624408581371278,0.9384142608705137,0.9780762136338577,0.9835713464941808,0.9841838719853265,0.9857957385351526,0.975890092361565,0.9856197856310196,0.9913188332590624,0.9911570025151856,0.9831985681906162,0.9840445612062177,0.96680194529537,0.9786010048612829,0.9831064372963075,0.8175893812563129,0.9688570492845665,0.9813783740067481,0.9767735212853528,1.0,0.9796464479131054,0.974284498676424,0.968162564160434,0.9880411665521026,0.9431772910165384,0.9867051464635492,0.9830074761596762,0.9817260409341634,0.9823109849006156,0.9758960383043137,0.9722469861084245,0.9879582227995368,0.9623844788354715,0.9711996347767435,0.9452942655898778,0.9858426271782779,0.9893582116841111,0.9258814328422953,0.9840778962781419,0.9768640794362233,0.9409674410535449,0.8690471122163566,0.9833608478740378,0.9901023424376919,0.9688639233449499,0.9170730235309251,0.9554714679453551,0.9764269579653493,0.9788641755135624,0.9875981590116534,0.9788102767671673,0.9519194245335628,0.960384732041364,0.9648168176041197,0.9752584277836508,0.9839197300701306,0.9789744663924946,0.9871325514427445,0.9764248524466276,0.9754321071153736,0.9670588902758681
India,0.9637507649162773,0.9715642961199258,0.9495591203232302,0.9637424425373077,0.964597580394898,0.9847047848539054,0.978614745523367,0.9686111783832401,0.9904931728071736,0.9897141471509349,0.9726921521795658,0.9711924526401265,0.9838489155111463,0.9896208290100477,0.9861577025955012,0.9799197102613667,0.7628726617555571,0.9709835240292919,0.9747299379216682,0.9752729995037869,0.9796464479131054,1.0,0.9944519334207141,0.9675138397786742,0.9865491696872531,0.9287036104190787,0.9754970242143703,0.9930142273320907,0.9829062899749492,0.9590810683877055,0.9633025441798309,0.9562237094330301,0.9718929318188227,0.9548664132746265,0.9714488874392799,0.9341138993859469,0.9899177204017963,0.9749913862294304,0.8961219567925984,0.9718159311141481,0.977434011266025,0.9420733925056539,0.840239537410219,0.9815244447859337,0.9865493302557926,0.9424524495059252,0.89591983519757,0.9755676897579532,0.970739375549583,0.993005136340868,0.9798495337559546,0.9935300997140032,0.9498595814069204,0.9797971288927901,0.9661435925894937,0.9825816855058539,0.9815356031843034,0.9947488533158657,0.9877383758555033,0.9612671259413545,0.9687592811932101,0.9708512883410418
Internet,0.960731496127347,0.9667260694220403,0.9458837907333483,0.9498441952797045,0.9530726322704904,0.985769647737448,0.977105578261212,0.9645947375294838,0.9853493639813196,0.9836712378278711,0.9684553317801075,0.9669336580379194,0.9767178796288042,0.9924291369854901,0.9803377507756045,0.9781865549816801,0.7564189043218387,0.9647712737731898,0.9681070736340048,0.9742790433679176,0.974284498676424,0.9944519334207141,1.0,0.9596999025363758,0.9770260237947659,0.9192261223677184,0.974923049080964,0.9888628214751658,0.9751562111402864,0.954366841082806,0.9556099997297761,0.9506920799004793,0.9642535910377614,0.9423346778015693,0.9610970503718871,0.9306219062592068,0.9931546541887454,0.968252657032264,0.8944182131850322,0.9653619796577587,0.9725140035663371,0.9339760601413768,0.827581106495098,0.9684826224764362,0.9834874974558617,0.9334397221182141,0.8877322214252741,0.9800169736531114,0.9627569179645712,0.9914061694377462,0.969016034288097,0.9884784569732359,0.9410430912914904,0.9727943452519403,0.9571235495744251,0.9776484957005079,0.9728649560097362,0.9909063316651481,0.9832467430497808,0.9501741060477499,0.971724635357525,0.9685195109376399
Iran,0.9210501626760492,0.9883561362535884,0.9867022205190865,0.9817259332944782,0.9516800391066371,0.978875928050179,0.9653816683381935,0.9823101693590939,0.9874637193246202,0.9754827846649997,0.9676820209669098,0.9683972202229821,0.9708267334277513,0.9647177377817459,0.987403789167705,0.9616757380758153,0.8811692396379192,0.990683799073148,0.9886903535494221,0.9746381210045242,0.968162564160434,0.9675138397786742,0.9596999025363758,1.0,0.95848209128106,0.9804477025454796,0.9750734698044872,0.9808373549082048,0.99113858723867,0.9565398584281052,0.9878987829893489,0.9224342037075137,0.9723621064296872,0.9660889837944813,0.9741689034098602,0.8964275957933903,0.9599808086681181,0.9439844141047785,0.9207368188504145,0.9679600213000011,0.9658282277234694,0.9897730546074109,0.9037258856635643,0.9809518335802653,0.9537342585098667,0.9357824432062577,0.9646851579778815,0.9749435452623938,0.960722265112565,0.9503027558773892,0.986039201098154,0.9624477862293012,0.9880128990455751,0.927537602617022,0.9931649414097061,0.9814875132636438,0.9653076491055739,0.9724547414595659,0.9817545449232049,0.9394334150549208,0.9482134818932447,0.934550065653563
Iraq,0.9818362972159411,0.9530289279209757,0.9281580298101144,0.9742040578953325,0.9845775578171437,0.9770074630085224,0.9834536566970048,0.9681161666502767,0.9845726641679944,0.9911542079397869,0.9849585808206381,0.9750362355355282,0.9765365877537278,0.9633784419131365,0.9701679675452789,0.9763454702143723,0.783411702013397,0.9583487890541504,0.9701073357885652,0.9720045282723893,0.9880411665521026,0.9865491696872531,0.9770260237947659,0.95848209128106,1.0,0.9222719124108099,0.980281097739032,0.9846499730218758,0.9800797514023569,0.978390958248971,0.9627520173974974,0.981779493058599,0.976283265759145,0.9558179828111839,0.9724156385209661,0.9505546792580625,0.9791881351316108,0.9920475930357119,0.9105284096174319,0.9830362102345683,0.9800976702535077,0.925896934125548,0.8727532998925909,0.9872595885059968,0.9890171454691511,0.9758523200261691,0.900193836529632,0.9456564624848492,0.9750236826760506,0.9868356582310944,0.9842645726258538,0.9848603205863214,0.9408867946886977,0.9685623545175445,0.9574195368719536,0.9758341119990925,0.9793830112249423,0.9866840637127998,0.9848447215932434,0.9690124937150655,0.9710483119352699,0.9792071918667827
Iron,0.8765367316121125,0.9694035701169631,0.9657248845716708,0.9704899715145872,0.9199859492231808,0.960671403259451,0.9483636609119326,0.9704565272025858,0.9534782090081853,0.9476579551315074,0.947599958249683,0.9543905957711759,0.9497254555343786,0.9285491048373279,0.9607016172583206,0.9313550362670805,0.8865399651166308,0.9656998234496279,0.9667528802330059,0.9591258578802629,0.9431772910165384,0.9287036104190787,0.9192261223677184,0.9804477025454796,0.9222719124108099,1.0,0.9582416101586553,0.9387292397146226,0.9694070685575336,0.9452694802384568,0.9725221062709032,0.9003908074002893,0.9681464060361583,0.958192532857075,0.9438387918198514,0.8895461871898828,0.932204584763154,0.9107889994351556,0.9379450943215212,0.951271566678101,0.9194211477387403,0.9716403456457043,0.8931532342698846,0.9449794941561095,0.9292342715256141,0.9037137579794413,0.959085869131972,0.9422777494802781,0.9335646158058949,0.9121978940847986,0.9647810493019131,0.9118706263570472,0.9868764643624418,0.8741438532320065,0.9819854052879237,0.9459212233186262,0.9344315675014097,0.9296780507550401,0.9446427289274918,0.9312690398747692,0.9349956197701562,0.8850517491975259
Islam,0.9658705010042492,0.9689603699206321,0.9509548040663535,0.9749582075548772,0.9692681821785013,0.989807814030504,0.9918767369042122,0.9878366048930909,0.9851330823320404,0.992846596671982,0.9907614449474014,0.9870953368942709,0.9815820226620452,0.966477560774705,0.9773241732933394,0.9796290619741709,0.8423079360151987,0.9721769515159222,0.9765426188161683,0.9886238178071267,0.9867051464635492,0.9754970242143703,0.974923049080964,0.9750734698044872,0.980281097739032,0.9582416101586553,1.0,0.9809571289998044,0.9851339517573877,0.9896609689359959,0.9826243657051175,0.9732017616357023,0.9874587092191437,0.9614114538786351,0.9689881239319782,0.9573752759166692,0.9825991695794819,0.9766577572098039,0.9553583013192662,0.9935664945781976,0.9664947390702222,0.9469614871543537,0.8937376577968404,0.9742128192735554,0.9823466934198383,0.9595622547474539,0.9385353963621175,0.9635793170548181,0.9712240420429304,0.9760542667684697,0.9851863540380765,0.9652482388211103,0.9659039863506381,0.9374925993897066,0.9785596486682415,0.971440640976626,0.9660048351926097,0.9776367725990206,0.9830138548507882,0.9721559045349901,0.9840657697242537,0.960278291579541
Italy,0.961972460696706,0.9761022270153352,0.9599435175822565,0.9725005189444654,0.9719551144369813,0.984188285190217,0.9749415613805241,0.9722939130344217,0.9971239451942553,0.9900773187872103,0.9799021422634545,0.9710650400290255,0.9802837918522845,0.9871314064544549,0.9880198834318462,0.9787586550806459,0.8182697481330711,0.9803907286836142,0.9817119564088335,0.9736992380476194,0.9830074761596762,0.9930142273320907,0.9888628214751658,0.9808373549082048,0.9846499730218758,0.9387292397146226,0.9809571289998044,1.0,0.9875648372327214,0.9591748427811317,0.9773175784448649,0.9494250101738084,0.9708025001626049,0.9599450535838583,0.9743024659093822,0.9178869657519891,0.9846495458511515,0.9739004029545145,0.8983567020019303,0.9761989137180056,0.9885101574729527,0.9583766466826869,0.8793010302431519,0.9914484432089116,0.9805889928260619,0.9546934831079079,0.9268300602283974,0.9777197237632489,0.9697391711431086,0.9837842762192126,0.9880921985035767,0.9925158882221742,0.9568929355918672,0.972696009347759,0.9770815730042692,0.9897879310976638,0.9841934297606469,0.9975963868482678,0.9963689523766417,0.9529322552844322,0.9644704929625584,0.9719991170645107
Japan,0.9497534523169286,0.9890566511320991,0.9770781852443069,0.9879107922228312,0.9677993363090774,0.9858080059679297,0.9813853074883792,0.9901586114242181,0.9904338246675503,0.9889336411057289,0.9766181703217024,0.986986508886162,0.9848738792350269,0.9711059806135783,0.9912118037545122,0.9743250427568353,0.8403878909993382,0.99016635518684,0.9895686764397225,0.9838877198315371,0.9817260409341634,0.9829062899749492,0.9751562111402864,0.99113858723867,0.9800797514023569,0.9694070685575336,0.9851339517573877,0.9875648372327214,1.0,0.972877692551936,0.9857680981898821,0.9466417337555021,0.9829643685583593,0.9766638064987986,0.9895992165748118,0.9315781649346151,0.9759617962332539,0.9664734045691903,0.9356899956565276,0.9819499232145854,0.9751006733544892,0.977104623677214,0.8861777813011849,0.9880457791326152,0.9768345135234218,0.9478273567618997,0.9448402777870885,0.9734747233658425,0.9793900586642531,0.9719846416886282,0.992704213614757,0.974561191379956,0.9836588921517282,0.944428227090502,0.9888754002897543,0.9859985392581957,0.9767040053781477,0.9842839160732502,0.9878969970174216,0.9605655774891255,0.9697177441590332,0.9574979774331436
Jesus,0.9619810136896255,0.9508654841939687,0.931330705009575,0.9699397412953874,0.9634609825980414,0.9789775471005718,0.9915508588575627,0.9834321025950307,0.9668664901088658,0.9843400311496852,0.9852534441583234,0.9836073022941728,0.9708150151885926,0.9375080388687088,0.961355586046335,0.9678926182911644,0.8212812784141735,0.9527182652425327,0.9670707571030035,0.9852336253919095,0.9823109849006156,0.9590810683877055,0.954366841082806,0.9565398584281052,0.978390958248971,0.9452694802384568,0.9896609689359959,0.9591748427811317,0.972877692551936,1.0,0.9675489987236507,0.9833484770410097,0.9856865863479853,0.9490433242770048,0.9644097384751364,0.9710316805523747,0.9683334082830521,0.9758352980207586,0.9607674256119603,0.9854097202982228,0.9469832837375292,0.9273935325533283,0.8760588771275301,0.9620006281368857,0.9753834236365607,0.9616361335236587,0.9152921531106475,0.9380856267482937,0.9695276360763865,0.9663136655714318,0.9739937008161214,0.9494762902126779,0.9551238257642817,0.919279721068653,0.957148186902076,0.952219435060819,0.9502295972728909,0.956513187613829,0.9628528983193843,0.9736127176795968,0.9768678431626939,0.9473749849765313
Judaism,0.9281003359944443,0.9816657660473141,0.9705048754064376,0.9791402530587464,0.9576351778575838,0.9754964834579457,0.9737071553765149,0.9820259769846109,0.9813337672033547,0.9784304264612186,0.9743202723703029,0.9765068810077652,0.9748080849258639,0.957406889360435,0.9818105808377674,0.9592175776299477,0.8880436865481579,0.9834062372162585,0.9809405703122647,0.9742076145024785,0.9758960383043137,0.9633025441798309,0.9556099997297761,0.9878987829893489,0.9627520173974974,0.9725221062709032,0.9826243657051175,0.9773175784448649,0.9857680981898821,0.9675489987236507,1.0,0.9372501485880955,0.9782053729649308,0.9656706575283248,0.9708570609195736,0.9173872534914054,0.9611141369891398,0.9549168586084857,0.9337053192454446,0.9766130173924881,0.9676617119537064,0.9739740756291129,0.9186260824960758,0.9800702233746755,0.9590686632827586,0.9414968303649849,0.9654451728704171,0.9641134910805664,0.9631752750600316,0.950269552168064,0.987512675392955,0.9550585531998721,0.979154390099687,0.9195884625126836,0.9895732618919424,0.9668745504083842,0.9645364531374341,0.9704143742704112,0.9771796808981652,0.9513531348581908,0.9636909703413841,0.9292342871693741
Julius_Caesar,0.9750674132470115,0.9116420291153273,0.8825384259979893,0.9460275616319037,0.9642345341571753,0.9623950656857246,0.9786619900360476,0.949199787649754,0.9545604316887107,0.974496570876697,0.9790269622422515,0.95979245464785,0.9516230596369462,0.9314735651144054,0.9347519730598608,0.9607653861101061,0.7602950824658573,0.9185284937782975,0.9387434324354795,0.9611270281952511,0.9722469861084245,0.9562237094330301,0.9506920799004793,0.9224342037075137,0.981779493058599,0.9003908074002893,0.9732017616357023,0.9494250101738084,0.9466417337555021,0.9833484770410097,0.9372501485880955,1.0,0.9688166351430934,0.9225512964293748,0.9312662619590625,0.9695277861949021,0.9620044803669799,0.982678675746226,0.9231901214764663,0.9751884067710986,0.9430463353728388,0.8752598280563677,0.8619974342482642,0.9510223937409705,0.9751949236707429,0.9691440088540186,0.8721900327571879,0.9083264703623212,0.9516752317666135,0.9681431109401413,0.9564491245594354,0.9510133497105638,0.9106198556489957,0.936635136345508,0.9265640371744609,0.9381995969192075,0.9421040519286141,0.9523070999231086,0.9536119413532499,0.9655247470674647,0.9692696611770375,0.9567671138598361
Koran,0.9485088085133688,0.9691881036525953,0.9471852349360266,0.9796459330609093,0.9671100435385611,0.9890740843632453,0.9881013878481033,0.9852133396936894,0.9778550750079145,0.9859994309611411,0.9879494636667009,0.9850321515838314,0.9817234877258196,0.961890958076228,0.978501068055733,0.9728408659084299,0.8233885688965853,0.9690253147965953,0.977905797698353,0.9860428018860847,0.9879582227995368,0.9718929318188227,0.9642535910377614,0.9723621064296872,0.976283265759145,0.9681464060361583,0.9874587092191437,0.9708025001626049,0.9829643685583593,0.9856865863479853,0.9782053729649308,0.9688166351430934,1.0,0.9669346078744863,0.9650858276728858,0.9514312571426132,0.9803206950191633,0.9748314867340567,0.9491953895122052,0.9854665660976849,0.9580160762318408,0.945540621580203,0.8735055460054618,0.9728484897678347,0.9840804270023594,0.9511586931966048,0.9251355423399741,0.9525065790789996,0.9653645373018798,0.968383569319026,0.9860421747449905,0.961099131640558,0.9680776425898887,0.9373615869461207,0.9757553141589214,0.9673471551133411,0.9680627649044478,0.967712188382109,0.9744000041706311,0.9780047846086113,0.9817933122965072,0.9452059463332511
