,Adolf_Hitler,Africa,Asia,Association_football,Barack_Obama,Bible,Buddha,Buddhism,China,Christianity,Christmas,Dog,Earth,English_Language,Europe,Eye,George_W._Bush,Ghana,Gold,Hinduism,Human,India,Internet,Iran,Iraq,Iron,Islam,Italy,Japan,Jesus,Judaism,Julius_Caesar,Koran,Maize,Milk,Mohandas_Karamchand_Gandhi,Money,Moon,Moses,Muhammad,New_York_City,Niger,Osama_Bin_Laden,Paris,Periodic_table,Pope_Benedict_XVI,Pope_John_Paul_II,Religion,Rice,Roman_Catholic_Church,Rome,Russia,Silver,South_Africa,South_America,Soviet_Union,Sun,United_Kingdom,United_States,Water,Wikipedia,World_War_II
Adolf_Hitler,1.0,0.9617242878393285,0.9563193343958862,0.9769528990085036,0.9699819553997121,0.9543779152838978,0.9828226085409646,0.9780948143454284,0.9528635219953105,0.988353360194214,0.9907402526319733,0.9771716564816338,0.9780837818778424,0.9658671013514748,0.9613506597419822,0.9764381537127255,0.9889247110585015,0.9806460868788687,0.9811716770518254,0.9800313766849836,0.9752446282637349,0.9588252685185048,0.9770201333004851,0.979637905353368,0.9665493972068089,0.9585852775409343,0.9820907732581275,0.9719860590408678,0.9806341833749272,0.9789964944553362,0.9863248563128519,0.969943904991186,0.9661408906939289,0.9701046150213065,0.9575137483065482,0.992324750830922,0.9755403128561105,0.9872382147969024,0.9514306175994511,0.9667643331035847,0.9564387243708997,0.9593452346769906,0.9678001287453978,0.9746297865079269,0.9618185185257127,0.9921682035382222,0.9878147656802049,0.9761089139816785,0.9854629448717783,0.986676787281254,0.9498556357406218,0.9569655276689967,0.9782278192255833,0.9782913472629068,0.9501719564033102,0.9705371447755293,0.9840573125715144,0.9634993270765794,0.9794649734807486,0.9517379648743898,0.964099195486273,0.9612760346576696
Africa,0.9617242878393285,1.0,0.9891309061672621,0.9908085660423018,0.972170293551748,0.9678686067183127,0.9645118014877189,0.9667402447245749,0.9645232837971908,0.9738923614142238,0.9796595824573966,0.9820334564932536,0.9895214834584625,0.9566056452966463,0.9955440136689958,0.9498956098528631,0.9538438720165157,0.9829093425135078,0.9671529642536538,0.9858994998260836,0.9748642110950004,0.9894303338440167,0.9837718353005718,0.9840609128721974,0.9827962399707673,0.9745885576611342,0.9632645658046407,0.9720039524150907,0.9828003314823869,0.9547200506138797,0.9811182121917954,0.9496419723060853,0.9487457014062675,0.9806021926355567,0.9586263115061634,0.9638292150977975,0.9545917681407654,0.9759349721173078,0.9243420182303608,0.9354158326577732,0.9824594457302125,0.9609014008726532,0.9538754798869918,0.9787533675132469,0.9783959827645816,0.9692877202157903,0.9593519282678716,0.9647193369182168,0.9798084116807145,0.9673911228055757,0.9844541968152523,0.9870940607749208,0.9737420978471938,0.9726493941367227,0.9695016647447308,0.9845099825750674,0.9621409198975482,0.9828131647192034,0.9838801648568795,0.9649870872319589,0.9432468738522248,0.9053660062186745
Asia,0.9563193343958862,0.9891309061672621,1.0,0.9820988489211249,0.9661548763864746,0.9746179599016438,0.9581243770625091,0.9527915448121177,0.9838645475350797,0.964906245070609,0.9697117421227934,0.9606620414725867,0.9793240979999078,0.9569347738248312,0.9955164201946993,0.9429920545189117,0.9501266801764312,0.977894541271826,0.9641019073482636,0.9738763748738714,0.95997825144271,0.9858361178322403,0.9875572746686213,0.9834213186270516,0.9880874686521023,0.9560203187863291,0.9552018906815937,0.9813142815491654,0.988768261519402,0.938898049825383,0.9751496696814914,0.9308342523015269,0.935490894967497,0.9690257729758538,0.938152171482859,0.9512736926520937,0.9497420128391505,0.9676243376741294,0.8940849374800358,0.9108765781237629,0.9897812515354898,0.961227220827902,0.9488310113152219,0.9884899824102119,0.9685852008678889,0.966458414031987,0.9490139882807638,0.944123966112547,0.967474329948981,0.9657674191826465,0.9918158430880538,0.995462753220642,0.9680845169235367,0.9765487832924263,0.9723475814680224,0.9894436360029544,0.9520268521330967,0.9899863398283226,0.984054600158314,0.9383409097995308,0.93485878579203,0.9031960455630603
Association_football,0.9769528990085036,0.9908085660423018,0.9820988489211249,1.0,0.9792398046002093,0.9739413847843338,0.9815812330737835,0.9830013689322973,0.9559042867594049,0.9816660154981236,0.9899355421026128,0.991565739666627,0.9932758363568249,0.9596571677182184,0.9866031431245781,0.9624641918036717,0.9627285964267738,0.9886460524103101,0.9773436400108635,0.9945797458391384,0.9833907702436998,0.9885684383843523,0.9858159371753875,0.9884671289877273,0.9836521297692374,0.9873977747376568,0.9736785903527848,0.9704528217204959,0.9825501896651663,0.9775274273160802,0.9858252437993772,0.9744556798178974,0.969646839527365,0.9890464240215195,0.9631789511562447,0.9813098309276704,0.9647321519865145,0.9816607995219385,0.9505510082462633,0.9641430327658298,0.9840708872686504,0.9708161447334506,0.9750052611977051,0.9795106753351152,0.9902529482906178,0.9830045921736408,0.9781591977880971,0.9792085023398528,0.989087791511723,0.9762383145146055,0.980734993036507,0.9823019970283927,0.9860467192093614,0.9808226121309812,0.9650784601951056,0.9810132648915318,0.9699964411138927,0.982384993478785,0.9815399402780234,0.9781961855998439,0.9479098418608533,0.9144070692540561
Barack_Obama,0.9699819553997121,0.972170293551748,0.9661548763864746,0.9792398046002093,1.0,0.9370129528449717,0.9585710868989576,0.9564124586699999,0.9484172722490766,0.9575080159696192,0.9708998557074571,0.9777805372943368,0.9838074438465608,0.9209389179871358,0.9681034922518671,0.9340349849434576,0.9537538364153473,0.9798673835498145,0.9450107868279448,0.9648432860223407,0.946909730985317,0.9829075646454544,0.9648715795595508,0.9807967902172445,0.9800711872669499,0.957823309760193,0.9440989857856266,0.9431514449193283,0.9638176672055528,0.9644122626312507,0.962448096349587,0.9730578825752642,0.9335124211825645,0.9577703023973091,0.9181442022835277,0.9726700538003847,0.9298830428031536,0.9720908578773372,0.9442239270690453,0.9535707296938508,0.9737957777055773,0.9642413604866037,0.9716429192482579,0.9614029715460275,0.9828007234121149,0.984837615959596,0.9786115909506076,0.9500749966567815,0.9623943919282947,0.9516432080114942,0.9768216936003472,0.9766133507136204,0.9557809200124538,0.9524405926932551,0.9218528675677777,0.9828985826008473,0.9514131312714177,0.9525047309284206,0.9600318472042927,0.9637012382872429,0.9389865974660765,0.88938348270299
Bible,0.9543779152838978,0.9678686067183127,0.9746179599016438,0.9739413847843338,0.9370129528449717,1.0,0.9734113097300705,0.9629060431858768,0.9636772563384801,0.9741914977626955,0.971031878790403,0.9532596875256325,0.9641158572205127,0.9759374292601826,0.975816947509661,0.9677466168775656,0.9451071272145075,0.9653211186332888,0.9772078757934487,0.9761918615908339,0.9666681579483323,0.9580616538312703,0.9823562497231008,0.9726305436887914,0.9623967547692567,0.9604396916347215,0.9712750862397703,0.9778689804029237,0.981272608684854,0.9534627235055213,0.9775219678939739,0.9279472943916979,0.9681777907426083,0.9757954764010801,0.9526939771168963,0.9538358097673548,0.9723931648857672,0.9602366908987126,0.9044858556704424,0.9157186615872156,0.9746431927040168,0.9421028928036074,0.9502213399058356,0.9811853864502035,0.9525578931090719,0.9537784869485219,0.9444202478673663,0.953953087681715,0.973777867816113,0.9790412289173124,0.9607374532020216,0.9688815701145637,0.9829069607051687,0.9899903789742904,0.9800788674493215,0.9622579318334971,0.9580011854694858,0.9898321179199074,0.9779076594370579,0.9336028095503642,0.9287536235676982,0.9110962121774201
Buddha,0.9828226085409646,0.9645118014877189,0.9581243770625091,0.9815812330737835,0.9585710868989576,0.9734113097300705,1.0,0.9949628617759758,0.939521702892616,0.9912418170668945,0.9886219453046475,0.9790702331030375,0.9767795156340766,0.9665699517807542,0.9609174921474222,0.9739443491944677,0.960849997188838,0.9775432819545662,0.9801619973925212,0.9859537930595926,0.9818364057274421,0.9603728760911607,0.9735853254487659,0.9806188950536449,0.9599832567224007,0.9775441099338054,0.9841910645967827,0.9641326541618898,0.9765049329170653,0.9898036918695009,0.9866139073234909,0.9741767462946499,0.9825558561298855,0.985495916771971,0.9713844322983617,0.9802761978863329,0.9733366468044937,0.9732595588448342,0.964346587912191,0.9686521185166868,0.9584534386701764,0.9542012141927335,0.9749573861107925,0.9672601792858385,0.962571769891419,0.9754643576884438,0.9746611985679903,0.9840077857785698,0.9914582934163331,0.9856524959784505,0.9473867014040585,0.954553941114966,0.9880631428825484,0.9799119451653605,0.9699447484696444,0.9589540840394157,0.9705130106412141,0.9721360240693845,0.9725273770523387,0.9688463131201606,0.9380915795528927,0.9306302080142361
Buddhism,0.9780948143454284,0.9667402447245749,0.9527915448121177,0.9830013689322973,0.9564124586699999,0.9629060431858768,0.9949628617759758,1.0,0.9239889659816309,0.9872709825475325,0.9860924289687975,0.9850507634720751,0.9750794892444995,0.9554202793502673,0.9589374022453578,0.9664432617194544,0.9536762728634551,0.9748185803811544,0.9718035073458599,0.9856717185332227,0.9836278677217488,0.9613848610766486,0.9670843309108295,0.9752849869185631,0.9535631088827085,0.9804763748852828,0.9772048358673168,0.9516933062150847,0.9672728085946133,0.9890079817082774,0.9807447560260802,0.9799941831370134,0.9817984996297464,0.987493290620122,0.973124509688093,0.9784199479260977,0.9649024227697782,0.9664790833310277,0.9757807414109423,0.9769803927693647,0.950660048345016,0.9489668685035415,0.9691288415417525,0.9545159781815449,0.9640834223508279,0.9678391623853392,0.9695412219952667,0.9890423371768646,0.9914442163146066,0.9771044819072455,0.9430600778652084,0.9482289828116939,0.9830763425207137,0.9695767394607957,0.9665253534614777,0.9525782999407941,0.9630311656946628,0.9626954523337027,0.9645993132405987,0.9774336483456771,0.9308717347879469,0.9203819444268326
China,0.9528635219953105,0.9645232837971908,0.9838645475350797,0.9559042867594049,0.9484172722490766,0.9636772563384801,0.939521702892616,0.9239889659816309,1.0,0.954281785442224,0.9557374060384038,0.9316635377984075,0.9546861552518885,0.9603126242011968,0.9806604645386003,0.9433277380147808,0.9595124572060862,0.9574946007934748,0.9567740800063406,0.9517217259792801,0.9356898042535895,0.9579050562561965,0.9820688521810088,0.9690148183675726,0.9722265541770603,0.9147760670972512,0.9465338248791154,0.9862127363397061,0.9876855287616393,0.9103360846578096,0.9636504888917533,0.8922193732623519,0.9074849476723837,0.9450180547896029,0.913652380791104,0.9356474617188356,0.951607749687815,0.9605065915819913,0.851839010289541,0.8693268570696631,0.9722574768140987,0.9360584864333095,0.9222274595286523,0.9882135466812947,0.9324663814251148,0.9583284842025406,0.9334621058954352,0.9172941180889547,0.9492283333999026,0.9631339943982394,0.9698696174758461,0.984875271939603,0.9482922585360674,0.975225530295016,0.9585856092859849,0.9864501560963648,0.9484355071066459,0.9782620816289637,0.9827965310614944,0.8933568655259656,0.9525509162240169,0.9273481235681073
Christianity,0.988353360194214,0.9738923614142238,0.964906245070609,0.9816660154981236,0.9575080159696192,0.9741914977626955,0.9912418170668945,0.9872709825475325,0.954281785442224,1.0,0.9950886610610025,0.982331890085058,0.9802827453411002,0.9836599686104769,0.9733824918975656,0.9862431878851416,0.9812197237508125,0.9779704568798189,0.9921122920639134,0.9908564844390769,0.9915427460426357,0.9586969834445351,0.9848264240600391,0.9776900467970913,0.9605908413870985,0.9718525317811372,0.9950849889445198,0.9797601839638865,0.9861534426387859,0.9813813400251601,0.996567460754676,0.962412175824675,0.9798549830197254,0.9845551918476176,0.9806729368691898,0.9830005564082515,0.9888068162739424,0.9872333057364965,0.9492463151216451,0.9593888360590407,0.95839505807456,0.9483876242799287,0.957852419457474,0.9776673242546385,0.9607817498402463,0.9785669417674597,0.9708158106410694,0.9878418532322297,0.9959331798507353,0.9947275054455337,0.9495069989955464,0.960406723917651,0.9900426307599297,0.9863367535652898,0.9744366394322622,0.9689640880191194,0.9883356225308386,0.9761524008338852,0.9889643973155666,0.9623575292611072,0.9643326590146261,0.9593415948486369
Christmas,0.9907402526319733,0.9796595824573966,0.9697117421227934,0.9899355421026128,0.9708998557074571,0.971031878790403,0.9886219453046475,0.9860924289687975,0.9557374060384038,0.9950886610610025,1.0,0.9905141532488992,0.9901296478672948,0.9785509476283311,0.9772910691096782,0.9824397074045242,0.9812166020446534,0.9859161918032514,0.9915117720164246,0.994700304223086,0.9910538387109642,0.9712638282809115,0.9879658302221848,0.9833097864303446,0.9708331191977159,0.9821134544798649,0.9895018098656241,0.9771455565640073,0.9862787365938528,0.982382374808471,0.9951498681976784,0.9701523292210119,0.9785339286755416,0.9880303051592011,0.9777039754071215,0.9866894150064581,0.9851248951470163,0.9915592073142871,0.9537878055026185,0.966618823009742,0.969170722228978,0.9607936503277392,0.9634956557319749,0.9802207702281956,0.9746385226370347,0.986393026016851,0.9791405535173232,0.9872864104312717,0.9956751158514813,0.9911386499719976,0.960965928714608,0.9686335928593661,0.9931513599185554,0.9860855501454295,0.9675362737229843,0.9759773684939649,0.9890414246130917,0.9766334005804322,0.9891163595432039,0.9731159447885682,0.9643926994730636,0.9508867826683172
Dog,0.9771716564816338,0.9820334564932536,0.9606620414725867,0.991565739666627,0.9777805372943368,0.9532596875256325,0.9790702331030375,0.9850507634720751,0.9316635377984075,0.982331890085058,0.9905141532488992,1.0,0.9898978107492992,0.9524737674931029,0.9722888598606644,0.9625116854642408,0.9623769485747532,0.9811738473769113,0.9733119535601412,0.9909094047029967,0.9860832732689627,0.9751176533234011,0.9738175037432739,0.9767860923381283,0.9649135578724487,0.9879935110559431,0.9743387644279194,0.9528718882267024,0.9674960563315995,0.982951466622685,0.9823910844959266,0.9814819487900011,0.971846169624249,0.9852096213005275,0.971936852099323,0.9823548349564541,0.9630731032013924,0.9813332408706448,0.9681502849380642,0.9759272690679714,0.9619041779561697,0.9568466320355694,0.964506172783596,0.959753236418309,0.9837700095181735,0.9778282623395289,0.9751848887044007,0.988907156058928,0.9889557960163123,0.973199331954576,0.9587226167609036,0.962712169000362,0.9822133039739889,0.9654693043308011,0.9508428507144419,0.9683792744797955,0.9734715221825969,0.9611840164511172,0.9720498714437071,0.9902843992029052,0.9490356917848044,0.9174500569323258
Earth,0.9780837818778424,0.9895214834584625,0.9793240979999078,0.9932758363568249,0.9838074438465608,0.9641158572205127,0.9767795156340766,0.9750794892444995,0.9546861552518885,0.9802827453411002,0.9901296478672948,0.9898978107492992,1.0,0.9571260375112258,0.9831584509133326,0.9623026822488634,0.9637829458662356,0.9929636133252452,0.975573740056917,0.9892565738726775,0.9792088343992558,0.9886229799251838,0.9805255956370043,0.9880394859178842,0.9847640046327835,0.9859471244262975,0.9693536247895063,0.9666158071683414,0.9811268801892027,0.9749462878137997,0.9855785947850224,0.9718195661563405,0.9616930625830665,0.9831736642627563,0.9593458477395523,0.9810994781502005,0.9594200824034271,0.988979073556792,0.9509655811306712,0.9639113089375099,0.9832501852031944,0.9782236673113367,0.9692057259315041,0.9794217204335104,0.9897870629118449,0.9871361983629433,0.9809315061016958,0.9728404961161895,0.9871333188918974,0.9727483887737266,0.980635643142217,0.979271925462444,0.9836735798631002,0.9739791181603024,0.9564853234523129,0.9799716569034062,0.9768602055970752,0.9751920721210365,0.9818346029157273,0.9774982664782736,0.9465549172371823,0.9164994704271048
English_Language,0.9658671013514748,0.9566056452966463,0.9569347738248312,0.9596571677182184,0.9209389179871358,0.9759374292601826,0.9665699517807542,0.9554202793502673,0.9603126242011968,0.9836599686104769,0.9785509476283311,0.9524737674931029,0.9571260375112258,1.0,0.9649287791484055,0.9827984391341418,0.9723512153556625,0.9532036544030106,0.9914192223965947,0.9758842830974809,0.979793543663512,0.930795745126671,0.9823410553792389,0.9525535000262559,0.93881009963343,0.9474485131137422,0.9838060625388864,0.987202475345392,0.9826659995448453,0.9444889614476323,0.9847436849033478,0.9126649292623265,0.9631866224441673,0.9677181367176633,0.9697539319902339,0.9528799747214746,0.9916370234199177,0.9741732159809723,0.8912799155982072,0.9093512886704026,0.9449349583548513,0.9211115509487837,0.9193567542305114,0.9787045283153959,0.9333489216219897,0.9519756587667316,0.9356229984047032,0.9626399768588493,0.9771695760343156,0.9887649725774842,0.9322011167843751,0.9490752435283425,0.9822789858792441,0.9860615187324266,0.9700058461482107,0.955238322614863,0.9840214135873799,0.9736935147477372,0.9879671065187852,0.921517326166066,0.9643699757773351,0.9679626265531569
Europe,0.9613506597419822,0.9955440136689958,0.9955164201946993,0.9866031431245781,0.9681034922518671,0.975816947509661,0.9609174921474222,0.9589374022453578,0.9806604645386003,0.9733824918975656,0.9772910691096782,0.9722888598606644,0.9831584509133326,0.9649287791484055,1.0,0.9525238623287564,0.9582367228359531,0.9796490802904166,0.9709241698490939,0.9820696859087005,0.9708157412246612,0.9856386305788903,0.9910094204407737,0.9834557932374475,0.9845790125815106,0.9634681875126054,0.9645969574205918,0.9825360804760025,0.9894640358438632,0.9455689016518761,0.9815017676152066,0.9366564640334947,0.9440453636193148,0.977600345766567,0.9527463452903168,0.9586974621248762,0.9612123819421473,0.9741673875125235,0.9044021799146005,0.9186400665937656,0.985890875179867,0.9567015681931117,0.9471257924058211,0.9872252719471271,0.9712365575120324,0.9688284201184992,0.9528599292509314,0.9568373558754383,0.9757698805428052,0.9724756466105897,0.9865821543450727,0.9937086732351015,0.973235030408358,0.9793021005179436,0.974765756928549,0.9902306202110301,0.9618671734428642,0.989508491285348,0.989677223573482,0.9495868224019594,0.9485581519115996,0.9143109932030956
Eye,0.9764381537127255,0.9498956098528631,0.9429920545189117,0.9624641918036717,0.9340349849434576,0.9677466168775656,0.9739443491944677,0.9664432617194544,0.9433277380147808,0.9862431878851416,0.9824397074045242,0.9625116854642408,0.9623026822488634,0.9827984391341418,0.9525238623287564,1.0,0.9779898775603487,0.9580441727840525,0.9886196459566254,0.9759640530951549,0.9756858442891801,0.929248528552865,0.9739926197280142,0.9550260589507962,0.9366660186252965,0.9539200752788677,0.9855852720652659,0.9709737347112806,0.9745302218629986,0.9641443518467049,0.9818556073292724,0.9369327232376871,0.9688370406855474,0.9708320028475815,0.962630663186516,0.9708255665585257,0.9909177498705587,0.9811437161877041,0.9287529918809083,0.938073955081808,0.9410765762628965,0.9247381508546212,0.9318298371692973,0.9680877329670812,0.9386349799641226,0.963965505173886,0.9531194814093247,0.9674323293912901,0.9840256127561238,0.988042284218004,0.9261292965698321,0.9366725354623041,0.9825021795813387,0.9818194563438475,0.9528696213602835,0.951523823793174,0.9886427180799854,0.9585080220748332,0.9787899089068179,0.9374447971687314,0.9650866295732121,0.962925325127657
George_W._Bush,0.9889247110585015,0.9538438720165157,0.9501266801764312,0.9627285964267738,0.9537538364153473,0.9451071272145075,0.960849997188838,0.9536762728634551,0.9595124572060862,0.9812197237508125,0.9812166020446534,0.9623769485747532,0.9637829458662356,0.9723512153556625,0.9582367228359531,0.9779898775603487,1.0,0.9602511436809487,0.9799194880587606,0.9699035415559484,0.9680340560571106,0.9381131975384217,0.9764048000053035,0.9586208239977154,0.9480106775305683,0.9357629291685458,0.9803533171292377,0.9770384692225338,0.9783668082063752,0.9556609822120229,0.9806810830387137,0.9394866591557214,0.948614671790605,0.9526217823333578,0.9483021852830354,0.9765630589226374,0.9790415109482746,0.9869873900083428,0.9149690361447619,0.9362732332275527,0.9422202768103559,0.9294361697175308,0.9356814086637703,0.9732779914565356,0.9436580374819077,0.978921809426509,0.9662340688456142,0.9635403390694666,0.9735046943419604,0.9832680372485954,0.9382707036425019,0.9503646405348629,0.9653812245898709,0.9756407261991085,0.936642800907802,0.9697768852466232,0.9881478558848809,0.9540843318694773,0.9830483945122132,0.9269302638752555,0.9857527925007175,0.9796442854965255
Ghana,0.9806460868788687,0.9829093425135078,0.977894541271826,0.9886460524103101,0.9798673835498145,0.9653211186332888,0.9775432819545662,0.9748185803811544,0.9574946007934748,0.9779704568798189,0.9859161918032514,0.9811738473769113,0.9929636133252452,0.9532036544030106,0.9796490802904166,0.9580441727840525,0.9602511436809487,1.0,0.9715360492811713,0.982760303745826,0.9706484856777392,0.9896230431875942,0.978535127811408,0.9946484457293032,0.9898418020153466,0.9774388126089849,0.9658061256293159,0.9680428388508884,0.980684463256191,0.9705406574433686,0.9826392395922178,0.970407184454728,0.9577500106065917,0.9829459111224969,0.9502989772182682,0.9840904246188233,0.9581563797811942,0.9806349957491804,0.9492477002054005,0.9601517903307794,0.985217259703601,0.9891581592021068,0.9760592515009262,0.9804569746522754,0.9822820198477215,0.987991827218402,0.9841434507515288,0.9650979746336175,0.9839492934127598,0.9720572188523237,0.9791717357570311,0.9785244052698162,0.9797344826084413,0.9748026307931623,0.9617404126089933,0.9766502626900756,0.9675972909067931,0.9791848463170281,0.9778977130808473,0.9665626357717766,0.9334879146144313,0.9120290495901275
Gold,0.9811716770518254,0.9671529642536538,0.9641019073482636,0.9773436400108635,0.9450107868279448,0.9772078757934487,0.9801619973925212,0.9718035073458599,0.9567740800063406,0.9921122920639134,0.9915117720164246,0.9733119535601412,0.975573740056917,0.9914192223965947,0.9709241698490939,0.9886196459566254,0.9799194880587606,0.9715360492811713,1.0,0.9890699980229708,0.9890086165266634,0.9495076126326502,0.9864526644500268,0.9677695235053799,0.9568748296056399,0.9692368554186334,0.993333793048266,0.9852124979061381,0.9848034100173466,0.9692289897689795,0.9946045740999682,0.9449885411286515,0.9759238998286552,0.9794465071980544,0.9793018138049108,0.9750746846538764,0.9947411466686088,0.9866850496740898,0.9251398638987753,0.9442944109305622,0.9593130483132956,0.9459647071114591,0.9448711462793685,0.9829196927901178,0.9582053922282636,0.973816255372381,0.9614521132075124,0.9789109583542203,0.9893242772524126,0.9948720196824156,0.9462477708502001,0.9576174142467716,0.9928220796952913,0.9899195211969931,0.9700245361930664,0.9638036699917776,0.9914929226839262,0.9779537428382413,0.9895867777351821,0.9504107731174286,0.964194300746728,0.9632589619364885
Hinduism,0.9800313766849836,0.9858994998260836,0.9738763748738714,0.9945797458391384,0.9648432860223407,0.9761918615908339,0.9859537930595926,0.9856717185332227,0.9517217259792801,0.9908564844390769,0.994700304223086,0.9909094047029967,0.9892565738726775,0.9758842830974809,0.9820696859087005,0.9759640530951549,0.9699035415559484,0.982760303745826,0.9890699980229708,1.0,0.9944252400873593,0.9747664780802147,0.98731694665645,0.9814087123003987,0.971333012815417,0.9871948988258938,0.9865995519470775,0.9764056162532277,0.9831762679569073,0.97836407567997,0.9929202823266587,0.9668682523559343,0.9785464014131312,0.9903284036908129,0.981818767607329,0.9813030290315008,0.9801310276362651,0.9855404888302411,0.9495799419085008,0.9627743648025444,0.9718100816708873,0.9594621282347543,0.9638670718701334,0.9785406594738747,0.9797276393439364,0.9794042585577278,0.9726228650059446,0.9885951165184872,0.9947855716384915,0.9868803837003227,0.9649357149864305,0.9705931473067849,0.9919671105128304,0.9848476151212671,0.9725954236784893,0.9720988094871679,0.9809825486954838,0.9818005833084683,0.986952887378113,0.9753978193137568,0.9556766376604449,0.9359252808003836
Human,0.9752446282637349,0.9748642110950004,0.95997825144271,0.9833907702436998,0.946909730985317,0.9666681579483323,0.9818364057274421,0.9836278677217488,0.9356898042535895,0.9915427460426357,0.9910538387109642,0.9860832732689627,0.9792088343992558,0.979793543663512,0.9708157412246612,0.9756858442891801,0.9680340560571106,0.9706484856777392,0.9890086165266634,0.9944252400873593,1.0,0.9557262124443201,0.9792507262637141,0.965357072384692,0.950558391912945,0.9811863110407221,0.9881676738437499,0.9709174762007706,0.9747911595405531,0.9751838498857366,0.9902451668727646,0.9594832447345953,0.9815465582724637,0.9845281018314391,0.9886927621506639,0.975111858988176,0.9813723843128029,0.9816087729826741,0.9448766464989404,0.960575961992055,0.951828183103138,0.9437367409489903,0.9474520403258477,0.9674928124438873,0.9670296442569235,0.9669842714732003,0.9597197186496118,0.992732414758293,0.992964756348806,0.9850800506158347,0.9443964441588888,0.952040670787688,0.9888702358619832,0.9765131370325011,0.9683023756972311,0.9565832415670574,0.9835232054785471,0.9700931235925889,0.9820617764340355,0.9695937715125251,0.955008571886357,0.9474300473500946
India,0.9588252685185048,0.9894303338440167,0.9858361178322403,0.9885684383843523,0.9829075646454544,0.9580616538312703,0.9603728760911607,0.9613848610766486,0.9579050562561965,0.9586969834445351,0.9712638282809115,0.9751176533234011,0.9886229799251838,0.930795745126671,0.9856386305788903,0.929248528552865,0.9381131975384217,0.9896230431875942,0.9495076126326502,0.9747664780802147,0.9557262124443201,1.0,0.9737473189896052,0.9912277425822608,0.9937590322565577,0.9717867257835969,0.9434037500105663,0.9560920940046682,0.9729036302913677,0.9525641945648397,0.9675022966266833,0.9590473328004511,0.9370475172985205,0.9729758395163448,0.9322791831247096,0.9629599035340439,0.9325038866020708,0.9647388415098324,0.9304068550040456,0.9414673172170408,0.9910967973848324,0.9802425659339087,0.9687868331332404,0.9723450442986433,0.9849654816815124,0.9748368580115716,0.9687548807069486,0.9493822449887107,0.9678672712610741,0.9515628920176386,0.9925912580574303,0.9890100528266753,0.9642890895012678,0.9619515493521656,0.9554827278726623,0.9810174922968983,0.9424618299281904,0.9767085748137961,0.9680353724200823,0.963257690055405,0.9174903836294511,0.8748953889579824
Internet,0.9770201333004851,0.9837718353005718,0.9875572746686213,0.9858159371753875,0.9648715795595508,0.9823562497231008,0.9735853254487659,0.9670843309108295,0.9820688521810088,0.9848264240600391,0.9879658302221848,0.9738175037432739,0.9805255956370043,0.9823410553792389,0.9910094204407737,0.9739926197280142,0.9764048000053035,0.978535127811408,0.9864526644500268,0.98731694665645,0.9792507262637141,0.9737473189896052,1.0,0.9828361463851829,0.9781047300550682,0.9647103598071675,0.9809757084287151,0.9919637614910537,0.9950584124429223,0.9566201898729367,0.9893081045013302,0.9421242675814561,0.9608654435696082,0.979239523548279,0.9612382441261214,0.9694125943537927,0.9823452085664387,0.9837849701964099,0.91159896732724,0.9278004072030065,0.9803045935195215,0.9534708087474775,0.9508099407886178,0.9910411651034418,0.9664154484463845,0.9766932975186733,0.9615950097328752,0.9661365476457842,0.9823444345881874,0.9893048011527541,0.9743783596524337,0.9851813029026066,0.9855754835369918,0.9915206451874929,0.9762668097242917,0.9891430876226177,0.9777889392370968,0.9904653459317123,0.9961112233194204,0.9469920215265812,0.9637102375836304,0.9426090863476293
Iran,0.979637905353368,0.9840609128721974,0.9834213186270516,0.9884671289877273,0.9807967902172445,0.9726305436887914,0.9806188950536449,0.9752849869185631,0.9690148183675726,0.9776900467970913,0.9833097864303446,0.9767860923381283,0.9880394859178842,0.9525535000262559,0.9834557932374475,0.9550260589507962,0.9586208239977154,0.9946484457293032,0.9677695235053799,0.9814087123003987,0.965357072384692,0.9912277425822608,0.9828361463851829,1.0,0.9934048925925065,0.970374016604049,0.9663887256564943,0.9727218664843708,0.9853366324752266,0.968257116690944,0.9819128887107559,0.9646354836196627,0.9551920245728044,0.9803759062134134,0.9478051827089043,0.9793568045044442,0.9571124186582949,0.9753097204552069,0.9404784711632108,0.9495566934894571,0.9883431574532456,0.9813242702622538,0.9800310891502088,0.9828822774564501,0.9750603788434489,0.986527264533048,0.9822158087975172,0.9616447803553665,0.9807589090869819,0.9747067985390881,0.9832914005402413,0.9855529566965459,0.9768536274561307,0.979585477549854,0.9704101329390704,0.9836028284716394,0.9595878300614539,0.986131778957024,0.9795162610119881,0.9601243829696416,0.9331953009827302,0.907927867928243
Iraq,0.9665493972068089,0.9827962399707673,0.9880874686521023,0.9836521297692374,0.9800711872669499,0.9623967547692567,0.9599832567224007,0.9535631088827085,0.9722265541770603,0.9605908413870985,0.9708331191977159,0.9649135578724487,0.9847640046327835,0.93881009963343,0.9845790125815106,0.9366660186252965,0.9480106775305683,0.9898418020153466,0.9568748296056399,0.971333012815417,0.950558391912945,0.9937590322565577,0.9781047300550682,0.9934048925925065,1.0,0.960162669928502,0.9482556440567255,0.9683269074679783,0.9806859963000587,0.9483757526333743,0.9709654376824708,0.9506528303571713,0.9322790081181564,0.9666632041182937,0.9262093672740941,0.9665827287973403,0.9406681269459092,0.9691520954407431,0.9158579787476706,0.9321895608378339,0.993023121781666,0.9846896264071814,0.9699725558794221,0.983468917379637,0.9776680320788637,0.9826387885657547,0.973322186869676,0.9403794906625101,0.9654677506578473,0.9588997199690371,0.9919086664760849,0.9913390539172766,0.9650763046487737,0.9691132117168818,0.9562651212465203,0.9850819814462137,0.9486012189921366,0.9821758216995583,0.9735894340995497,0.9459035294289135,0.9244672823994801,0.8917340732156118
Iron,0.9585852775409343,0.9745885576611342,0.9560203187863291,0.9873977747376568,0.957823309760193,0.9604396916347215,0.9775441099338054,0.9804763748852828,0.9147760670972512,0.9718525317811372,0.9821134544798649,0.9879935110559431,0.9859471244262975,0.9474485131137422,0.9634681875126054,0.9539200752788677,0.9357629291685458,0.9774388126089849,0.9692368554186334,0.9871948988258938,0.9811863110407221,0.9717867257835969,0.9647103598071675,0.970374016604049,0.960162669928502,1.0,0.9648791333721976,0.9426970761864694,0.9582400036243109,0.9777398522969991,0.9744182376286961,0.9732104145658367,0.9749424967351402,0.9874561288200031,0.9697071632011828,0.9679050913204381,0.9553851361639218,0.9677493942622376,0.9614359808618791,0.9697441926796274,0.9628325848330134,0.9612931616156775,0.9622160373242914,0.9535256967200112,0.9820728797470801,0.9643742273539652,0.9645093283410928,0.9778102061293554,0.9826499471778389,0.9633604655513506,0.9550462929700401,0.9532958720122054,0.9862246496776446,0.9603432180412051,0.9516882120805917,0.9492296319352563,0.9609389299181361,0.9626362957742017,0.9606677249741354,0.9897087735675053,0.9152343916252595,0.8894557350169876
Islam,0.9820907732581275,0.9632645658046407,0.9552018906815937,0.9736785903527848,0.9440989857856266,0.9712750862397703,0.9841910645967827,0.9772048358673168,0.9465338248791154,0.9950849889445198,0.9895018098656241,0.9743387644279194,0.9693536247895063,0.9838060625388864,0.9645969574205918,0.9855852720652659,0.9803533171292377,0.9658061256293159,0.993333793048266,0.9865995519470775,0.9881676738437499,0.9434037500105663,0.9809757084287151,0.9663887256564943,0.9482556440567255,0.9648791333721976,1.0,0.9791556070132904,0.9784676426509014,0.9764128478790863,0.9931919898216187,0.9524198965721842,0.9830504009456669,0.9741781509622337,0.9833838728034884,0.9788322770323785,0.9918323531247748,0.9810790816752841,0.9345368688612287,0.9505889857061256,0.9477742614792857,0.9330651477539736,0.9510912070315515,0.9719446344719477,0.9501217693784334,0.9705707331704624,0.9641735662752414,0.9854920883577071,0.9872167979495879,0.9952785709725595,0.9367046631312345,0.9493899553991232,0.9868897561374791,0.984361598479793,0.9687675126854327,0.9596162805487904,0.9862615879953784,0.9733609864648948,0.9841185924122717,0.9530073281764782,0.9609687714924772,0.9590294759524306
Italy,0.9719860590408678,0.9720039524150907,0.9813142815491654,0.9704528217204959,0.9431514449193283,0.9778689804029237,0.9641326541618898,0.9516933062150847,0.9862127363397061,0.9797601839638865,0.9771455565640073,0.9528718882267024,0.9666158071683414,0.987202475345392,0.9825360804760025,0.9709737347112806,0.9770384692225338,0.9680428388508884,0.9852124979061381,0.9764056162532277,0.9709174762007706,0.9560920940046682,0.9919637614910537,0.9727218664843708,0.9683269074679783,0.9426970761864694,0.9791556070132904,1.0,0.9945840910968543,0.940887776537554,0.9864713798792379,0.9172693485414278,0.9495603039374769,0.9643965702557787,0.9547113335521875,0.9608063099171064,0.9800505132491019,0.9781924532117307,0.882241390645073,0.9061534164299812,0.9694521236556533,0.9453374796590378,0.9392311709363613,0.9942878908197186,0.9456370922677033,0.9678967674980238,0.9511758060914375,0.9537018336808057,0.9734839913084932,0.986455597052301,0.9621488776486135,0.9749753712130709,0.9749631163566823,0.9910083395237902,0.976540166746757,0.9787369755616872,0.9759902764226858,0.9896991050350682,0.994716157893594,0.9170259937856141,0.9638724567924536,0.9566183017763923
Japan,0.9806341833749272,0.9828003314823869,0.988768261519402,0.9825501896651663,0.9638176672055528,0.981272608684854,0.9765049329170653,0.9672728085946133,0.9876855287616393,0.9861534426387859,0.9862787365938528,0.9674960563315995,0.9811268801892027,0.9826659995448453,0.9894640358438632,0.9745302218629986,0.9783668082063752,0.980684463256191,0.9848034100173466,0.9831762679569073,0.9747911595405531,0.9729036302913677,0.9950584124429223,0.9853366324752266,0.9806859963000587,0.9582400036243109,0.9784676426509014,0.9945840910968543,1.0,0.9566015750034271,0.9905731300481342,0.9392555007016229,0.9546979796338115,0.9773813391057904,0.955379850072608,0.9695643862318812,0.9782307631164839,0.9851961136436342,0.9099489497724123,0.9261702201293383,0.980393894359975,0.958080517201769,0.9538398683504563,0.9963481954799784,0.9618308401837583,0.9795496871299092,0.9640354358882128,0.9612413688748639,0.9839362390053542,0.9875695814801837,0.9759424923845028,0.9852796753075165,0.9823884967842019,0.99246812755326,0.976886185830141,0.9890344287962176,0.9789945459261647,0.9902705024452179,0.9966687106971266,0.9383422918376136,0.9660823928274975,0.9504135853421171
Jesus,0.9789964944553362,0.9547200506138797,0.938898049825383,0.9775274273160802,0.9644122626312507,0.9534627235055213,0.9898036918695009,0.9890079817082774,0.9103360846578096,0.9813813400251601,0.982382374808471,0.982951466622685,0.9749462878137997,0.9444889614476323,0.9455689016518761,0.9641443518467049,0.9556609822120229,0.9705406574433686,0.9692289897689795,0.97836407567997,0.9751838498857366,0.9525641945648397,0.9566201898729367,0.968257116690944,0.9483757526333743,0.9777398522969991,0.9764128478790863,0.940887776537554,0.9566015750034271,1.0,0.9770487376812088,0.9906303274137683,0.9827981344275714,0.974009938253658,0.9608045531335482,0.9861959317940776,0.958203423981602,0.9709061789347235,0.9790496410713675,0.9883707144822836,0.9472376635230297,0.9488061236268529,0.9799243914268394,0.9495808493014712,0.9705311919526345,0.9754275702152544,0.9817724324395307,0.9852969235616784,0.9834739249714969,0.9721831459969497,0.9384038325414914,0.9383520295916346,0.9792964478607856,0.9635828239994024,0.9395606281252578,0.9465507521266077,0.9677322525957486,0.9508950193840959,0.9549879852762206,0.9781477748085677,0.9316634477068546,0.9145476517508724
Judaism,0.9863248563128519,0.9811182121917954,0.9751496696814914,0.9858252437993772,0.962448096349587,0.9775219678939739,0.9866139073234909,0.9807447560260802,0.9636504888917533,0.996567460754676,0.9951498681976784,0.9823910844959266,0.9855785947850224,0.9847436849033478,0.9815017676152066,0.9818556073292724,0.9806810830387137,0.9826392395922178,0.9946045740999682,0.9929202823266587,0.9902451668727646,0.9675022966266833,0.9893081045013302,0.9819128887107559,0.9709654376824708,0.9744182376286961,0.9931919898216187,0.9864713798792379,0.9905731300481342,0.9770487376812088,1.0,0.9582214471947403,0.9756972405141895,0.9837805752198872,0.9789674852606216,0.98193758317713,0.9866909539499525,0.990389084744482,0.9374303769811062,0.9542925278273674,0.9699819745086948,0.958765432576774,0.9606457389643835,0.9868311264979748,0.9683271170598271,0.9823000804068811,0.9721076120025527,0.9844624127670679,0.9941263992440954,0.9941413455923082,0.9622543584028286,0.9707965187229214,0.9919519695753759,0.989974563061798,0.9767020493113299,0.9757135405931784,0.9889901527997799,0.9841210020020653,0.9927904383726295,0.9608148578418927,0.9644800042398799,0.9552206754489911
Julius_Caesar,0.969943904991186,0.9496419723060853,0.9308342523015269,0.9744556798178974,0.9730578825752642,0.9279472943916979,0.9741767462946499,0.9799941831370134,0.8922193732623519,0.962412175824675,0.9701523292210119,0.9814819487900011,0.9718195661563405,0.9126649292623265,0.9366564640334947,0.9369327232376871,0.9394866591557214,0.970407184454728,0.9449885411286515,0.9668682523559343,0.9594832447345953,0.9590473328004511,0.9421242675814561,0.9646354836196627,0.9506528303571713,0.9732104145658367,0.9524198965721842,0.9172693485414278,0.9392555007016229,0.9906303274137683,0.9582214471947403,1.0,0.9634288738993352,0.9639101501011116,0.9376203939898412,0.9823284005782457,0.9306736363068006,0.9574783056878531,0.9860139225836498,0.9933571527388494,0.9431165350980908,0.9548006174206554,0.981364638324278,0.9320091391382843,0.9767201756105032,0.9727274150949053,0.982984070493802,0.9718918928715207,0.9691357120208176,0.9487787640600862,0.9403124939810126,0.9351564491249574,0.9617913628361234,0.9402952622794118,0.9150153302142048,0.941427535017949,0.9468859606318043,0.9337790503389252,0.936293905355247,0.9809203828547873,0.9114325012278536,0.8828393302631327
Koran,0.9661408906939289,0.9487457014062675,0.935490894967497,0.969646839527365,0.9335124211825645,0.9681777907426083,0.9825558561298855,0.9817984996297464,0.9074849476723837,0.9798549830197254,0.9785339286755416,0.971846169624249,0.9616930625830665,0.9631866224441673,0.9440453636193148,0.9688370406855474,0.948614671790605,0.9577500106065917,0.9759238998286552,0.9785464014131312,0.9815465582724637,0.9370475172985205,0.9608654435696082,0.9551920245728044,0.9322790081181564,0.9749424967351402,0.9830504009456669,0.9495603039374769,0.9546979796338115,0.9827981344275714,0.9756972405141895,0.9634288738993352,1.0,0.9705349562609623,0.9745016127015044,0.9721787758891741,0.9701782636784486,0.96088901176539,0.9525490516537005,0.9658986658618028,0.9373569335342528,0.9306505125451587,0.9591343552806707,0.9480605153927413,0.9549154272574275,0.9531863749932266,0.9587639203140347,0.9850218339258721,0.9778992949902892,0.9772735564202336,0.9233357347544395,0.9286932236954454,0.9856036881343901,0.9679591797262651,0.9556626291656819,0.9322913209712639,0.9670625746704598,0.9589818115363486,0.9571884321985263,0.9606945351218596,0.9221559418725996,0.9184099068044207
