,Adolf_Hitler,Africa,Asia,Association_football,Barack_Obama,Bible,Buddha,Buddhism,China,Christianity,Christmas,Dog,Earth,English_Language,Europe,Eye,George_W._Bush,Ghana,Gold,Hinduism,Human,India,Internet,Iran,Iraq,Iron,Islam,Italy,Japan,Jesus,Judaism,Julius_Caesar,Koran,Maize,Milk,Mohandas_Karamchand_Gandhi,Money,Moon,Moses,Muhammad,New_York_City,Niger,Osama_Bin_Laden,Paris,Periodic_table,Pope_Benedict_XVI,Pope_John_Paul_II,Religion,Rice,Roman_Catholic_Church,Rome,Russia,Silver,South_Africa,South_America,Soviet_Union,Sun,United_Kingdom,United_States,Water,Wikipedia,World_War_II
Adolf_Hitler,1.0,0.9935376655960548,0.9847251322651875,0.9963645050567916,0.9935851663260691,0.9928454267931731,0.9927158044775519,0.9850028631084841,0.9934688419726269,0.9939460492522573,0.9974414139693744,0.995848354210401,0.9915535168328561,0.9834800067120819,0.9930139870116955,0.9924384700227803,0.9903751266435138,0.9954714619314166,0.9959330288555555,0.9725674707395094,0.9930179987954364,0.9941145026030506,0.9950701268334553,0.9935376604774956,0.9936293298935042,0.9911826264916701,0.9853192601705268,0.9938628741691343,0.9930400676546465,0.9922650284294703,0.9948986246959041,0.9957038685854748,0.9950401486834356,0.9957012989365104,0.9928460712153339,0.9912495300881803,0.9953558494793333,0.9912990562772701,0.9980909912285709,0.9950525350630743,0.9826525556442961,0.9911630356741351,0.9894359355154217,0.9904211787773898,0.9941318495191592,0.9952954339683744,0.9957104731326795,0.9943699105592049,0.9936736597087824,0.9906314429720413,0.9843453839840436,0.9923784494841996,0.9916499191132022,0.9926592881734719,0.9806103709443563,0.993723831888176,0.9942982785593926,0.9907978322728014,0.9899971803691259,0.9911688366043624,0.9965446062694069,0.9969960450202876
Africa,0.9935376655960548,1.0,0.9915728377980477,0.995062894193507,0.9876190172410492,0.9973938382261083,0.9883591044801766,0.9888123724273536,0.996383748465777,0.9974214536725473,0.9952845884681351,0.9952163973991198,0.9933759240952482,0.9919782733367225,0.9986273574410114,0.9908826259226906,0.9836727597944857,0.9962939783314794,0.9949064551894877,0.9798525626766474,0.99515044741751,0.9965325077139681,0.9935826615284236,0.9963243749779951,0.9955667687494126,0.9960030827501425,0.9882171875362281,0.997382524203659,0.9976987555029172,0.9923282935527357,0.9924982089959861,0.9868670743279101,0.9966295636262283,0.9971407784268008,0.9953495239596233,0.9818218635977902,0.9919535584582784,0.9899722005409604,0.992877661434752,0.9918796021556919,0.983141853190092,0.9918746381343583,0.9816256524698799,0.9938924380742346,0.9939967639887436,0.9889699546371471,0.9883188357416703,0.9902066480669379,0.995578328187224,0.993075596322319,0.9913688006409846,0.9957536481065254,0.9943955599782236,0.9955199526507259,0.991796809877141,0.9976136740083741,0.9936070724399505,0.9951242219030252,0.9965857152151076,0.9944870903000269,0.9907115484124936,0.9931401458891321
Asia,0.9847251322651875,0.9915728377980477,1.0,0.9873853274798604,0.9760295508668617,0.9881242765934708,0.989477554337447,0.9947043494226229,0.9843288277527819,0.9927221908247958,0.9869981967373596,0.9921004525917262,0.9819276460908531,0.9914997361660237,0.994604371543338,0.986049191825162,0.9713755959204555,0.98813742158462,0.9842140750558235,0.9888558218014222,0.9856306300353839,0.9900931329901657,0.9867511890825025,0.9916219316325033,0.9887957652811896,0.9850012449393996,0.9900837068772752,0.9913984339900612,0.9874848763203756,0.9881236972301967,0.9899906339228903,0.9823859749432782,0.9900192011205401,0.9890961905208298,0.9936801770634135,0.9818932983348566,0.9875999590094272,0.9756506490077764,0.9851489934428069,0.9884860550740415,0.9790853175877409,0.9846180026974581,0.9721338854725152,0.9828591269535187,0.9839365001448411,0.9803788339205328,0.9800411104343083,0.9872376574443898,0.9860977235738985,0.9905392249012516,0.989346678569411,0.9879209754186629,0.9876964410954624,0.9844420510693335,0.9874002795537239,0.9920371176142612,0.9835971765152463,0.9930832669337148,0.9916937141547619,0.9915176628325607,0.9809656842614211,0.9846159708633383
Association_football,0.9963645050567916,0.995062894193507,0.9873853274798604,1.0,0.9949118730664156,0.9935731871330615,0.9887331779514583,0.9859508652692125,0.994925993774969,0.9944427848002179,0.9978096906519561,0.9931083555823481,0.9918313481862209,0.9818264905305701,0.9939457945993984,0.9917368559293794,0.9926718830192539,0.9978545730912651,0.9962178886095842,0.9712874810255921,0.9910519379695711,0.9964017403533374,0.996282147998294,0.9948360502575195,0.9965611535137415,0.9922234162407495,0.9848711956635178,0.996328329031637,0.9958019067525508,0.9901269774324086,0.9903351137792612,0.9912305552159354,0.9936886793147333,0.9968698572390213,0.9910663395222032,0.9840947661138688,0.9926450405121735,0.9914741925426759,0.9944047370984904,0.9929875736652976,0.9881138089090542,0.9956387020722458,0.9914180739911103,0.9940651164322096,0.990774309661489,0.9956896149873906,0.9963024319488424,0.9888846327980915,0.9952080255782446,0.9879820003032816,0.9904285325552676,0.9950832787242063,0.9925166791484573,0.9966530267897193,0.9864961771086967,0.9936699388770757,0.993552555825327,0.9946556630403682,0.9950393215831124,0.991938732243622,0.9958405402509198,0.9964104446172218
Barack_Obama,0.9935851663260691,0.9876190172410492,0.9760295508668617,0.9949118730664156,1.0,0.9869571118483266,0.9822473883634967,0.9765561329620771,0.9936126062330184,0.9875828632090358,0.9932866874747602,0.9854784135503195,0.9880892545974496,0.9726516383864632,0.987411906535246,0.984370531737029,0.9974325949598791,0.9945735686246392,0.994689284573572,0.9568463612623884,0.985203298949424,0.9921028138309381,0.9953891970091068,0.9895031427694001,0.9947270099031771,0.9875473848353182,0.9739566707829866,0.993257211733536,0.9929828146301867,0.9836652091648956,0.9832407167861326,0.991002471474537,0.9866604336855573,0.9920869552095846,0.9816825715538479,0.9785782984233977,0.98516795365177,0.9898588114555776,0.9910006419408637,0.9882918692504653,0.9901688137809157,0.992560921639688,0.9959011491048354,0.9939204541203162,0.9858797823901292,0.9967993601539724,0.9965961988080667,0.9803381918027507,0.9916075677956111,0.9773286471055866,0.9867790926208747,0.9925463806627792,0.9896229118865352,0.9938307027397527,0.9810850397424872,0.989210979503996,0.9895386709795977,0.9913007717791201,0.9900299802704196,0.9879577028926003,0.9968408494976018,0.9942715166325035
Bible,0.9928454267931731,0.9973938382261083,0.9881242765934708,0.9935731871330615,0.9869571118483266,1.0,0.9891972389177344,0.9874909025957628,0.9960907273267577,0.9966679157407073,0.9949915899726254,0.9952374931583716,0.9927074759826824,0.9881538060473508,0.995230570808687,0.9934942372568416,0.9825819928019324,0.9965353076758416,0.9940396384684944,0.9768175343863704,0.9950363567238028,0.9955993021902332,0.9932773817764067,0.9955541730198557,0.9943047691612185,0.9949473530288824,0.9886408973580771,0.995776894529897,0.9959238921722096,0.9905411732213156,0.9912171844837903,0.9858755641154613,0.9965570045650781,0.995273219256654,0.9948249231824445,0.9809775201884389,0.9921359862639064,0.991403395212569,0.9923953079395879,0.9925467966226,0.9800764887488599,0.9916217648318196,0.9827909325498294,0.9904399683120119,0.9928641262757116,0.9882040151064816,0.9878987189586143,0.9886470242562119,0.9950074737533773,0.994037044225531,0.9893757748239744,0.9942358544575703,0.9927673287719562,0.9934990000080199,0.9851586680215262,0.9946353952475874,0.9939341025881125,0.9916724112476667,0.9946396744239883,0.9925933656073526,0.991330362644374,0.9924685774828421
Buddha,0.9927158044775519,0.9883591044801766,0.989477554337447,0.9887331779514583,0.9822473883634967,0.9891972389177344,1.0,0.9893857590094065,0.9855041281471578,0.9935988797918569,0.9903686687645624,0.9954299328373434,0.9835828702225116,0.9836258767822686,0.9884130714939491,0.9915518958491633,0.9772791475214055,0.9910167325705384,0.9863106403316877,0.981200723929484,0.9886120530043365,0.9895532207946526,0.9885685872148303,0.9910390285375867,0.987371843858225,0.984664814826735,0.9890828418393705,0.9885097244663159,0.9844973996984858,0.9902035632848892,0.9953726325164042,0.9930397759790618,0.9927753632657409,0.9887080828364828,0.9913619259701772,0.9957717478016754,0.9953953333908234,0.9809654524691493,0.9934210012783488,0.9942161485140758,0.9746540793312,0.9862543754002142,0.9813500212377447,0.9784671978402084,0.9891733086177741,0.9867941558599511,0.9885874724501899,0.9947060542502195,0.9856502514269213,0.9949483688043944,0.9797526328030146,0.9863041806331955,0.9858262023570745,0.9846726016616176,0.9738515752253698,0.9877473528297339,0.9912217474113895,0.9859257920369526,0.9870557106263405,0.987515889774364,0.9868719560391678,0.9891322313331877
Buddhism,0.9850028631084841,0.9888123724273536,0.9947043494226229,0.9859508652692125,0.9765561329620771,0.9874909025957628,0.9893857590094065,1.0,0.9805716531863921,0.988437118753022,0.9860032871743639,0.9910987451837543,0.9753574663123135,0.9928909311782909,0.9907931367404273,0.9815873430281499,0.9681413319236363,0.9870299486479,0.9817600135670643,0.9945471424294188,0.9802658184401204,0.9838536754334903,0.9890070642301606,0.9844261311442734,0.9844934156119471,0.9856294348395932,0.9972363504724101,0.9872813730410989,0.9841568871215387,0.9951993387974608,0.9902629614817898,0.9856096298825157,0.9927164852566498,0.986764117162,0.9929708289913659,0.9864059921130164,0.9828655978566568,0.9697567225991535,0.9882386244877102,0.994293041434211,0.9796000352332624,0.9785191691725429,0.974796042253298,0.9787164615984966,0.9795768453905879,0.9801473506219207,0.980097087122078,0.9858546590092023,0.9890583894709429,0.9925295960007242,0.9906720152924029,0.9817365567968659,0.9816527854711417,0.9797325507532654,0.9850507619623361,0.988997365139774,0.9799126748631896,0.9888229250905256,0.9860114313995411,0.9871476272105607,0.9823291503461882,0.9789375930076782
China,0.9934688419726269,0.996383748465777,0.9843288277527819,0.994925993774969,0.9936126062330184,0.9960907273267577,0.9855041281471578,0.9805716531863921,1.0,0.9953720458010583,0.9955446356183162,0.9922211800847094,0.996768421481959,0.9830690317803675,0.9953503991331221,0.9917932200388725,0.9904850259066708,0.9977058517107147,0.9982249399060271,0.9656288381849202,0.995144810441733,0.9979355087950973,0.9945984899507951,0.9966008160186102,0.9979573667844204,0.9957921698145206,0.9792495523851921,0.9978311215477472,0.998889853118623,0.9862272055880478,0.9862532664829043,0.9870897062227251,0.9918495037928933,0.9971191269746638,0.9898901199172548,0.9769932726893662,0.990818592252453,0.9953723015855444,0.9916000749774628,0.9882896778497339,0.984345795038201,0.9961131861633185,0.9869240536123676,0.997366306992966,0.9931594750697517,0.9927934320532071,0.9925896955865872,0.984892706198328,0.9957178665190158,0.9861177650548881,0.9894079857222156,0.9985952585819656,0.9969562914380303,0.9978498008112271,0.9888317408334085,0.9950509628282624,0.9958926672237011,0.9943200225728785,0.9965425487657729,0.995009004414967,0.9944919892361115,0.9958968357105022
Christianity,0.9939460492522573,0.9974214536725473,0.9927221908247958,0.9944427848002179,0.9875828632090358,0.9966679157407073,0.9935988797918569,0.988437118753022,0.9953720458010583,1.0,0.9959899741623918,0.9957374147535568,0.9919343365280175,0.9877908586102506,0.996790306394267,0.9938381767690346,0.9845716501902347,0.9964778831011378,0.9939972915144356,0.9785901922808347,0.9942579883752392,0.9978789997537978,0.993248597985302,0.9981382847057174,0.9963147704726744,0.9916908238262855,0.9880435127949357,0.9972288237476483,0.9954186801128005,0.9903697316692961,0.9935192258155238,0.9888663132516164,0.9958292551152691,0.9954678457791322,0.9949453215861804,0.9852717295642036,0.9951011596457434,0.9892662646727417,0.99341637067393,0.9922805989559202,0.9808272733846221,0.9944725580117205,0.9829500686943119,0.9911878669606186,0.9924359563061627,0.9907846001471307,0.990478848202179,0.992007161418113,0.9920557149688057,0.994063332048737,0.9885170339970754,0.9962340352940814,0.9945616052442995,0.9949212701903775,0.9864770918884437,0.9963403296205254,0.9943342474266544,0.9941782023326465,0.9971216552427603,0.9948986448971713,0.990821859449254,0.9950369961806699
Christmas,0.9974414139693744,0.9952845884681351,0.9869981967373596,0.9978096906519561,0.9932866874747602,0.9949915899726254,0.9903686687645624,0.9860032871743639,0.9955446356183162,0.9959899741623918,1.0,0.9944532948557442,0.9931282657456652,0.9823806392185723,0.9948769719476852,0.9939624725991302,0.9912378300742882,0.9971294197470871,0.9973721707443297,0.9720597139706553,0.9926362598796884,0.9968551076203935,0.996157966027423,0.995222140936501,0.9963528253944429,0.9923129092081319,0.9854105383234881,0.9965948967116198,0.9960219637428699,0.9913261695085842,0.9916859856759442,0.9915659058324711,0.9944463805297131,0.9970298067459658,0.992652759301509,0.9848598723342924,0.9943377265511079,0.9928816921239572,0.9966601282011336,0.9928970469400029,0.9833800427931839,0.9949916111674776,0.9884360576745029,0.9940073215531252,0.992590253255208,0.9965030253802547,0.9959532571820908,0.991422813340084,0.9950446197001601,0.990516840486557,0.9874735741188273,0.9955486225466449,0.9936893558425663,0.9954562532145613,0.9842351525700775,0.9945000156109879,0.9943575868156799,0.9934330193716204,0.9937383193281725,0.9928728591126902,0.9960545150825618,0.997324629708706
Dog,0.995848354210401,0.9952163973991198,0.9921004525917262,0.9931083555823481,0.9854784135503195,0.9952374931583716,0.9954299328373434,0.9910987451837543,0.9922211800847094,0.9957374147535568,0.9944532948557442,1.0,0.9920059005868627,0.9909835727653359,0.9952935635742622,0.9951996616981869,0.9808544081608438,0.9944029833449941,0.9937326544569142,0.9822920051599245,0.9960177178209462,0.9940732795744995,0.9932424285207614,0.9952808606382847,0.9917716426987778,0.9935635931282621,0.9903020170370486,0.993568611724546,0.9918166054489824,0.9931263831209175,0.9959941074558984,0.9926018922735562,0.9964848882921151,0.9960309134838253,0.9978103052763175,0.9920457684491556,0.9967865567391185,0.9888524445654375,0.9952802992470182,0.9953087420220309,0.9797716639380424,0.9900969869284116,0.9818440737993249,0.9873107632399759,0.9947332030062167,0.9881100158017365,0.9895765419362468,0.9965816702488173,0.9940830319713159,0.9956839633829162,0.9868752724727456,0.9915417632669362,0.9936018890568813,0.9902649510254434,0.9838305667719109,0.9939597152982186,0.994676302567951,0.9915335672151273,0.9917168215244633,0.9943616477413962,0.9923739454764896,0.9929068612121855
Earth,0.9915535168328561,0.9933759240952482,0.9819276460908531,0.9918313481862209,0.9880892545974496,0.9927074759826824,0.9835828702225116,0.9753574663123135,0.996768421481959,0.9919343365280175,0.9931282657456652,0.9920059005868627,1.0,0.9782332919391554,0.9928543005957607,0.9933728610405053,0.9872011546459104,0.9937135843999083,0.9968644620955268,0.9593590015393434,0.9970422043445905,0.9963371353584705,0.9885836278085937,0.9948506160897638,0.9932875436938281,0.993460457635983,0.9726269294084439,0.9936286296232003,0.994912014035605,0.9802043152733988,0.9844023415645212,0.9833972907063439,0.9872282901896026,0.9958298197985795,0.9880492186650829,0.9748917762186203,0.991666651080465,0.9976958268240864,0.9885751623861208,0.9829979274394726,0.9791340901311687,0.9938225341851509,0.9799439881827776,0.9936328310042675,0.9943358740802545,0.9876989575773203,0.9888519000662073,0.9867796562033773,0.9923400050803042,0.9842057986713613,0.9814206136791177,0.9950617246874746,0.9957808925952403,0.9950111816588209,0.9835246576718938,0.9898251636465708,0.9967022482896987,0.9898445326851572,0.9926001013023772,0.9930764021122352,0.9910645187551776,0.9945026295462442
English_Language,0.9834800067120819,0.9919782733367225,0.9914997361660237,0.9818264905305701,0.9726516383864632,0.9881538060473508,0.9836258767822686,0.9928909311782909,0.9830690317803675,0.9877908586102506,0.9823806392185723,0.9909835727653359,0.9782332919391554,1.0,0.9928444959240452,0.9786382582329392,0.9638202777575215,0.9850222282517429,0.9815463503068829,0.9920214950551857,0.9856387092832367,0.9828411194367087,0.9856494605274745,0.984931419166017,0.9831253552449123,0.9892249817736332,0.9919631026177083,0.9872943416838068,0.9857051302896422,0.9928559220162295,0.9896261909527848,0.9809314544118615,0.9928738578099715,0.9865244982244202,0.9932796863720975,0.9816969415448745,0.9819734818888273,0.9718637353375911,0.984911231598586,0.9898999346033912,0.9766366798600952,0.9743976080054125,0.9688995378617807,0.9804659001734375,0.9849527583031509,0.9750160654914237,0.9736888457375752,0.9852918485997775,0.9884946205305307,0.9911081557932511,0.9892927179193532,0.9821693186385648,0.984155332593887,0.9792868798164349,0.9890765383585833,0.9914534687182549,0.9803866671021852,0.9889780505745983,0.9857412503817237,0.9870802181208196,0.9786677698016253,0.9773011483541999
Europe,0.9930139870116955,0.9986273574410114,0.994604371543338,0.9939457945993984,0.987411906535246,0.995230570808687,0.9884130714939491,0.9907931367404273,0.9953503991331221,0.996790306394267,0.9948769719476852,0.9952935635742622,0.9928543005957607,0.9928444959240452,1.0,0.9901707159474092,0.9832366801007133,0.9950150329646072,0.9951138428340843,0.9818110238086604,0.994172224181437,0.9964866536076346,0.9938577514137162,0.9964397146105943,0.9960819212073684,0.9945282226778344,0.9879815837086505,0.9978771830165845,0.9969209986575654,0.9923244733393135,0.9923065562238121,0.9881560320494598,0.9948037034292447,0.9971610847909805,0.9960372550729792,0.9822215244208629,0.9912282345922885,0.9886491826751577,0.9926643719806122,0.9915651629959201,0.9846814493093964,0.9915526042267584,0.980716888969951,0.9946572825802907,0.9925083001345799,0.9892207773740157,0.9881949217062846,0.990074452985445,0.995222905989643,0.991407211288398,0.9921316133334578,0.9961289259538327,0.9958764685106702,0.9937152397838706,0.9930952894932937,0.998356214995487,0.9921900700290419,0.9968283337592372,0.9963381389268657,0.9970091498135666,0.9910296531696651,0.9932616969805231
Eye,0.9924384700227803,0.9908826259226906,0.986049191825162,0.9917368559293794,0.984370531737029,0.9934942372568416,0.9915518958491633,0.9815873430281499,0.9917932200388725,0.9938381767690346,0.9939624725991302,0.9951996616981869,0.9933728610405053,0.9786382582329392,0.9901707159474092,1.0,0.9826122544080168,0.9938472816402537,0.9930594966258252,0.9684291778518841,0.9949869162615831,0.9943073126886741,0.9898282893218204,0.9942517953179215,0.9909954839819679,0.989932382903301,0.9808673455002778,0.9921070591982267,0.9900987390379417,0.9833236977925951,0.9891820209962252,0.9865790935316247,0.9904524330631117,0.992643943470524,0.9907358571662473,0.9830413468624585,0.9969900788672279,0.9934313572217409,0.9914423835296495,0.9883249282085298,0.974749906848609,0.9930072471514723,0.9806249917945093,0.9857185525440135,0.9926386978756389,0.9882994780487052,0.9902259254606331,0.9907828393109389,0.9897781311667493,0.9898842506982833,0.9810633096795022,0.9922897763378937,0.992259767735113,0.9896053701330279,0.9766847971428773,0.9883824309191025,0.9961540957232892,0.9879150031779454,0.9903777077494882,0.9907095270185139,0.9896717389479267,0.9933723673867342
George_W._Bush,0.9903751266435138,0.9836727597944857,0.9713755959204555,0.9926718830192539,0.9974325949598791,0.9825819928019324,0.9772791475214055,0.9681413319236363,0.9904850259066708,0.9845716501902347,0.9912378300742882,0.9808544081608438,0.9872011546459104,0.9638202777575215,0.9832366801007133,0.9826122544080168,1.0,0.9910179620872938,0.9920065750121216,0.9458254819664855,0.9829625472011416,0.9911090608532904,0.9900808086287236,0.9885765011689985,0.9921966559087341,0.9810023919009297,0.9648137974098075,0.9906242996380017,0.9899592009096152,0.9754941888025311,0.9793659875634331,0.9849881889198596,0.9815955379652567,0.9885595150857148,0.9761833460135784,0.9721303246521628,0.9839411288173251,0.9905998205086414,0.9851782544567731,0.9813405191456384,0.9882256273504298,0.9914891933749922,0.994428874305161,0.991511978117406,0.9840382099685687,0.9951054296497743,0.9937759728613516,0.9786238556011493,0.9850449362755773,0.9715023030414428,0.9806154063933749,0.9901989219084978,0.9867217507919328,0.9927676026906868,0.9751124643758032,0.9847913196579411,0.9865651557942295,0.9883274611479833,0.9878601462451472,0.9838351011572222,0.9935828291295589,0.9940124813044594
Ghana,0.9954714619314166,0.9962939783314794,0.98813742158462,0.9978545730912651,0.9945735686246392,0.9965353076758416,0.9910167325705384,0.9870299486479,0.9977058517107147,0.9964778831011378,0.9971294197470871,0.9944029833449941,0.9937135843999083,0.9850222282517429,0.9950150329646072,0.9938472816402537,0.9910179620872938,1.0,0.9968554470707688,0.9733873256651076,0.993632157910598,0.9976706193352691,0.9969506580346215,0.996470320581821,0.9981330722085939,0.9950783080778841,0.9863015052852844,0.9980706665879555,0.9973062481778706,0.9909086673103557,0.9909486742636507,0.9915353577673701,0.9952549165090896,0.9967074910175094,0.9916129850505527,0.9843114096178484,0.9937375087291729,0.9929614437177049,0.9948081801561743,0.9940571177451443,0.98859457543316,0.9965194595471585,0.9918892093398347,0.9946819188839112,0.9927869918986895,0.9953032936402274,0.9957789312161381,0.9883279370092202,0.9961885525465113,0.9904416468428914,0.9924495004614686,0.9973332359593153,0.9946793427864996,0.9969772385434189,0.9886494435607687,0.9947689488078799,0.9960971152940394,0.9958582334109869,0.9971316849840111,0.9936973932519276,0.9952860151693268,0.9957069280301338
Gold,0.9959330288555555,0.9949064551894877,0.9842140750558235,0.9962178886095842,0.994689284573572,0.9940396384684944,0.9863106403316877,0.9817600135670643,0.9982249399060271,0.9939972915144356,0.9973721707443297,0.9937326544569142,0.9968644620955268,0.9815463503068829,0.9951138428340843,0.9930594966258252,0.9920065750121216,0.9968554470707688,1.0,0.9653771239268459,0.9947420400618935,0.9971465193707134,0.9961665012860526,0.9955787569230393,0.9970002619632458,0.9953419434839754,0.979203413035066,0.996957138678926,0.99739729278588,0.9876367337784479,0.9873813730621119,0.9911922887216617,0.9912747636851357,0.9985793569516744,0.9912491210824124,0.9807749835278495,0.9923523118100911,0.9957202897898361,0.9942691688921562,0.9897393285973431,0.9850695312141302,0.9962016037198491,0.9875511472242234,0.9974721261981904,0.9930640170160887,0.9943955927774221,0.9951641988130594,0.9879916889282032,0.9968286863435281,0.9854662347716632,0.9884572073853417,0.9973859931309833,0.9977063904996959,0.9966938192806777,0.9872760618346098,0.9943395824747893,0.9961285176272239,0.9937751299395886,0.9942149602800363,0.9961431743945677,0.9973962103473435,0.9972005700088743
Hinduism,0.9725674707395094,0.9798525626766474,0.9888558218014222,0.9712874810255921,0.9568463612623884,0.9768175343863704,0.981200723929484,0.9945471424294188,0.9656288381849202,0.9785901922808347,0.9720597139706553,0.9822920051599245,0.9593590015393434,0.9920214950551857,0.9818110238086604,0.9684291778518841,0.9458254819664855,0.9733873256651076,0.9653771239268459,1.0,0.9680408140924649,0.9695169993932825,0.9749200953077402,0.9718889913500527,0.9702384517526801,0.9740348342929274,0.9954194055957548,0.9740397099058068,0.9702306392645728,0.9900576013541746,0.9843618331790798,0.97285475921315,0.9859483384976123,0.9724770132082841,0.9853483708163028,0.980730438805887,0.9727646139799129,0.9513924000661186,0.978036083802383,0.9858718863197785,0.9622625163233829,0.9609701515472491,0.9559022093786743,0.9615833825076107,0.968814054500963,0.9644162352123826,0.9630507291807378,0.9780162579245079,0.975787880681843,0.9877968583124804,0.9784466269681973,0.9675729058865356,0.9667344102426584,0.963233305186213,0.9768906848633454,0.9806333511196487,0.9662933466475842,0.9771557346371995,0.9733556879626121,0.9744089695957255,0.9643273723889161,0.9628918989549099
Human,0.9930179987954364,0.99515044741751,0.9856306300353839,0.9910519379695711,0.985203298949424,0.9950363567238028,0.9886120530043365,0.9802658184401204,0.995144810441733,0.9942579883752392,0.9926362598796884,0.9960177178209462,0.9970422043445905,0.9856387092832367,0.994172224181437,0.9949869162615831,0.9829625472011416,0.993632157910598,0.9947420400618935,0.9680408140924649,1.0,0.9951398030593316,0.9890731618698517,0.9957867338231802,0.9916703953337971,0.9936171937770749,0.9787218873301096,0.9938364087381221,0.9932782006033252,0.9844300171527397,0.990900141744869,0.9866342278570804,0.9918548466678878,0.9956520862537214,0.9931508773234126,0.9816005648847356,0.9946179469878137,0.9953596281837324,0.9903822405488252,0.9878017543878017,0.9791876990246837,0.9906905739955624,0.9800692461552414,0.9902884143584636,0.9970661472281935,0.985391878638412,0.9864629617503278,0.9923832338207612,0.9921828578984784,0.9902624524540422,0.983024673306671,0.9932264394786977,0.9956257830391605,0.9920983232415364,0.9817415561913799,0.9913931338747031,0.996692651162285,0.9897404516799565,0.9921261252829827,0.9930118126988856,0.9902726767631668,0.9936784900913984
India,0.9941145026030506,0.9965325077139681,0.9900931329901657,0.9964017403533374,0.9921028138309381,0.9955993021902332,0.9895532207946526,0.9838536754334903,0.9979355087950973,0.9978789997537978,0.9968551076203935,0.9940732795744995,0.9963371353584705,0.9828411194367087,0.9964866536076346,0.9943073126886741,0.9911090608532904,0.9976706193352691,0.9971465193707134,0.9695169993932825,0.9951398030593316,1.0,0.9939631798170623,0.9991326921705768,0.9984796898341093,0.9924081333524967,0.9815210682699286,0.998468058273796,0.9976253350440852,0.9862340454102695,0.9898198509226553,0.9878591127725024,0.9924522770389309,0.997189788384568,0.9920627585245774,0.9803639302876858,0.9941740146064665,0.9944118974712864,0.9918560945145405,0.9891902568520479,0.9851046685352347,0.9978616010553999,0.9866548385226439,0.9954268526803711,0.9929974959902051,0.9932304886506915,0.9930592190773456,0.9892184507155839,0.9932644932570739,0.9885286457403852,0.9888480406071953,0.9986339235555324,0.9967653408195692,0.9980264743852613,0.9876968971454104,0.9954980820738227,0.9955523203860267,0.996017339520932,0.9983048268150202,0.9958514933432864,0.993833707645424,0.9976568712658108
Internet,0.9950701268334553,0.9935826615284236,0.9867511890825025,0.996282147998294,0.9953891970091068,0.9932773817764067,0.9885685872148303,0.9890070642301606,0.9945984899507951,0.993248597985302,0.996157966027423,0.9932424285207614,0.9885836278085937,0.9856494605274745,0.9938577514137162,0.9898282893218204,0.9900808086287236,0.9969506580346215,0.9961665012860526,0.9749200953077402,0.9890731618698517,0.9939631798170623,1.0,0.9928715878142673,0.9961312780852318,0.9938465447001746,0.9870911974080689,0.9963836804238443,0.9951350468528577,0.9931687530148904,0.9894256933697981,0.9937273580753537,0.9941653284266685,0.9958451277553717,0.9914014914358924,0.9856917588982808,0.9903579051354159,0.988007520457607,0.9953011184597569,0.9949739472663244,0.9888705230739012,0.9935273983722678,0.9915088863940154,0.9940502307261169,0.9884310730314477,0.9955309153787647,0.9959126826231052,0.9867401311404208,0.9968936175413139,0.9875655292882202,0.9938620561692123,0.9945008373440083,0.993565954622336,0.993370996816035,0.9884572787424045,0.9950078893307612,0.9915397961708542,0.9954939606913167,0.9935829633493203,0.9938942870007172,0.9972067214592693,0.9934854809204839
Iran,0.9935376604774956,0.9963243749779951,0.9916219316325033,0.9948360502575195,0.9895031427694001,0.9955541730198557,0.9910390285375867,0.9844261311442734,0.9966008160186102,0.9981382847057174,0.995222140936501,0.9952808606382847,0.9948506160897638,0.984931419166017,0.9964397146105943,0.9942517953179215,0.9885765011689985,0.996470320581821,0.9955787569230393,0.9718889913500527,0.9957867338231802,0.9991326921705768,0.9928715878142673,1.0,0.9972660280697828,0.9914011566084551,0.9821808743721483,0.9979251445506202,0.9962427004758435,0.9860712708047901,0.9914363591675436,0.9881149914918235,0.9930098916066875,0.9965178670842707,0.993643102593802,0.9822009492898738,0.9953024688854023,0.9929957896623426,0.9906110566000405,0.9894283085379086,0.9837901898147897,0.9962235327413738,0.9851671227451926,0.993253006926308,0.9939738441371347,0.9908423299383853,0.9906894803818244,0.9908592991850074,0.9916385937406221,0.9896019763031445,0.9883071755552787,0.9977007216207949,0.99665448275055,0.996333923243467,0.9862592468002047,0.9958248838703144,0.9950676725007264,0.9954498786933362,0.9977025762855856,0.9958932370631167,0.9925226125052407,0.9970321708701246
Iraq,0.9936293298935042,0.9955667687494126,0.9887957652811896,0.9965611535137415,0.9947270099031771,0.9943047691612185,0.987371843858225,0.9844934156119471,0.9979573667844204,0.9963147704726744,0.9963528253944429,0.9917716426987778,0.9932875436938281,0.9831253552449123,0.9960819212073684,0.9909954839819679,0.9921966559087341,0.9981330722085939,0.9970002619632458,0.9702384517526801,0.9916703953337971,0.9984796898341093,0.9961312780852318,0.9972660280697828,1.0,0.9923744091492559,0.982179264950786,0.9990458944071539,0.9980867453007347,0.9879726849744097,0.9880053927152467,0.9891467876164605,0.9920780665690234,0.9962495179652369,0.9898857505765754,0.9793394284763772,0.9910421074258263,0.9916658565574306,0.9923092225954979,0.9900871961415002,0.9884057078354668,0.997557243706077,0.9901649667184081,0.9970743035818463,0.990189052778228,0.9956345140175601,0.9949675103206694,0.9851638423641625,0.9941421003120798,0.9856396164091109,0.992264262645535,0.9991119709722688,0.9959938617531503,0.9975773226013144,0.9907130597261482,0.996585960553204,0.9934750467857565,0.9971305052170979,0.9980251819851443,0.9953032147243165,0.9945122896128689,0.996650613684179
Iron,0.9911826264916701,0.9960030827501425,0.9850012449393996,0.9922234162407495,0.9875473848353182,0.9949473530288824,0.984664814826735,0.9856294348395932,0.9957921698145206,0.9916908238262855,0.9923129092081319,0.9935635931282621,0.993460457635983,0.9892249817736332,0.9945282226778344,0.989932382903301,0.9810023919009297,0.9950783080778841,0.9953419434839754,0.9740348342929274,0.9936171937770749,0.9924081333524967,0.9938465447001746,0.9914011566084551,0.9923744091492559,1.0,0.9840598437947801,0.9942805325751558,0.9958898315444649,0.9902341970276858,0.9859404301369646,0.9864045596825927,0.9927683404969063,0.9962754921210916,0.9916511799817226,0.9794200457644434,0.9888417449398638,0.9902752822464539,0.9913522192809006,0.9897002891507634,0.9810617821018471,0.9901240485970401,0.9801848950768289,0.9933945841249294,0.9926629444108888,0.9871460841125917,0.9883922959988195,0.9847946457264858,0.9977087837935174,0.9890484425066802,0.9909363649487543,0.9932398480336341,0.9942190592995149,0.9928133195234694,0.9909468536009142,0.9931295676267817,0.9940736519462285,0.9917789491631239,0.992355729962004,0.9935351782396433,0.9911118936772568,0.989153362400691
Islam,0.9853192601705268,0.9882171875362281,0.9900837068772752,0.9848711956635178,0.9739566707829866,0.9886408973580771,0.9890828418393705,0.9972363504724101,0.9792495523851921,0.9880435127949357,0.9854105383234881,0.9903020170370486,0.9726269294084439,0.9919631026177083,0.9879815837086505,0.9808673455002778,0.9648137974098075,0.9863015052852844,0.979203413035066,0.9954194055957548,0.9787218873301096,0.9815210682699286,0.9870911974080689,0.9821808743721483,0.982179264950786,0.9840598437947801,1.0,0.9842802997398924,0.9819712062525128,0.9963126753091116,0.9906316688548934,0.9833900242124709,0.9949717968615894,0.9835291908413691,0.9915796143939798,0.9875327982456803,0.9831708550778415,0.9679573424528785,0.9890197245129205,0.995315147071548,0.9735550366653581,0.9757992074872078,0.9738149510246301,0.9740905703430409,0.9780052459153797,0.9795163836591779,0.9789854910156347,0.9855564550451115,0.9874170161470367,0.9943307155177463,0.9866499276834414,0.9791352019404698,0.9772608970062587,0.9774272220620754,0.9813599270050299,0.9875749940966974,0.9787804679373623,0.9849404922236394,0.9833133346532666,0.9825231073525577,0.9801421542739865,0.9769401132780575
Italy,0.9938628741691343,0.997382524203659,0.9913984339900612,0.996328329031637,0.993257211733536,0.995776894529897,0.9885097244663159,0.9872813730410989,0.9978311215477472,0.9972288237476483,0.9965948967116198,0.993568611724546,0.9936286296232003,0.9872943416838068,0.9978771830165845,0.9921070591982267,0.9906242996380017,0.9980706665879555,0.996957138678926,0.9740397099058068,0.9938364087381221,0.998468058273796,0.9963836804238443,0.9979251445506202,0.9990458944071539,0.9942805325751558,0.9842802997398924,1.0,0.998576615311875,0.9894952890895103,0.9904401262493997,0.9894805933801436,0.9938846824224253,0.9971967370306067,0.9927583354439707,0.9805603335447629,0.9921697480017162,0.9922424940442847,0.992553711226908,0.9913362377742613,0.9890979597622972,0.9960148022840959,0.9885208625820934,0.9971074089028327,0.9927076889421186,0.9939920496096223,0.9929505274893062,0.9876468603600383,0.9950679400633222,0.9887834635340642,0.9938659177973964,0.9987454230444239,0.9969867649464824,0.9968804965348957,0.9913558971999163,0.9974693870752087,0.9941147182219139,0.9980861405352125,0.9983808324143287,0.9963750267850912,0.9941299891213222,0.9961344141218863
Japan,0.9930400676546465,0.9976987555029172,0.9874848763203756,0.9958019067525508,0.9929828146301867,0.9959238921722096,0.9844973996984858,0.9841568871215387,0.998889853118623,0.9954186801128005,0.9960219637428699,0.9918166054489824,0.994912014035605,0.9857051302896422,0.9969209986575654,0.9900987390379417,0.9899592009096152,0.9973062481778706,0.99739729278588,0.9702306392645728,0.9932782006033252,0.9976253350440852,0.9951350468528577,0.9962427004758435,0.9980867453007347,0.9958898315444649,0.9819712062525128,0.998576615311875,1.0,0.9882446285995824,0.98678155662031,0.9859402196509054,0.9927817258415861,0.997487305943864,0.9910693348678223,0.9759468556718252,0.9892379039109814,0.9928108561698653,0.9912139591973912,0.9886396608772616,0.985657474078787,0.995014580185987,0.9858253491420532,0.9980051700338447,0.9925757170086306,0.9927223079223931,0.9915951717521819,0.9846118155904966,0.9960272061750896,0.9867331721866212,0.9921464426072732,0.9982275360504873,0.9957056005903487,0.9981408793045563,0.9917235593684832,0.9969184311258212,0.9933973384937597,0.9960864449209211,0.9971788856388797,0.9946749693860949,0.9935030822449878,0.9951610682370768
Jesus,0.9922650284294703,0.9923282935527357,0.9881236972301967,0.9901269774324086,0.9836652091648956,0.9905411732213156,0.9902035632848892,0.9951993387974608,0.9862272055880478,0.9903697316692961,0.9913261695085842,0.9931263831209175,0.9802043152733988,0.9928559220162295,0.9923244733393135,0.9833236977925951,0.9754941888025311,0.9909086673103557,0.9876367337784479,0.9900576013541746,0.9844300171527397,0.9862340454102695,0.9931687530148904,0.9860712708047901,0.9879726849744097,0.9902341970276858,0.9963126753091116,0.9894952890895103,0.9882446285995824,1.0,0.9934030352184947,0.9914404859663708,0.996715588638738,0.9903537975096518,0.9929534664241941,0.9909971209501632,0.9869001711864682,0.9762788355207144,0.9953172550680893,0.9974469795834853,0.9798993162845485,0.9815526684243587,0.9814821110115349,0.9838463936391959,0.9851250357531119,0.9875883646013014,0.9871433993472717,0.9894928178766409,0.9933989303898018,0.9934244696973045,0.9889780209591889,0.9853538904491811,0.9842662614248913,0.984302367013989,0.986496742805981,0.9925234877630374,0.9850967069266257,0.9890256588880967,0.986254372288177,0.9877407466415878,0.9886550291136447,0.9846553975777029
Judaism,0.9948986246959041,0.9924982089959861,0.9899906339228903,0.9903351137792612,0.9832407167861326,0.9912171844837903,0.9953726325164042,0.9902629614817898,0.9862532664829043,0.9935192258155238,0.9916859856759442,0.9959941074558984,0.9844023415645212,0.9896261909527848,0.9923065562238121,0.9891820209962252,0.9793659875634331,0.9909486742636507,0.9873813730621119,0.9843618331790798,0.990900141744869,0.9898198509226553,0.9894256933697981,0.9914363591675436,0.9880053927152467,0.9859404301369646,0.9906316688548934,0.9904401262493997,0.98678155662031,0.9934030352184947,1.0,0.9928112643584733,0.9962014642289218,0.9904214448042209,0.9947193610019334,0.9942137292093216,0.9942401699851605,0.982618442818143,0.9947733054727151,0.9958271231585009,0.9798295555117734,0.9833588855037491,0.9824495395948423,0.9812833689411378,0.9924114387840535,0.986602099723758,0.9863001310088398,0.9970046267948083,0.9878029567968978,0.995302202662072,0.9825861947654873,0.9864663845791707,0.9860499510454453,0.9852773014991834,0.9780655705100869,0.9919607660103877,0.9895366789495842,0.9885488312603108,0.9874728725826775,0.9874086407454855,0.988255824637703,0.9901568641952566
Julius_Caesar,0.9957038685854748,0.9868670743279101,0.9823859749432782,0.9912305552159354,0.991002471474537,0.9858755641154613,0.9930397759790618,0.9856096298825157,0.9870897062227251,0.9888663132516164,0.9915659058324711,0.9926018922735562,0.9833972907063439,0.9809314544118615,0.9881560320494598,0.9865790935316247,0.9849881889198596,0.9915353577673701,0.9911922887216617,0.97285475921315,0.9866342278570804,0.9878591127725024,0.9937273580753537,0.9881149914918235,0.9891467876164605,0.9864045596825927,0.9833900242124709,0.9894805933801436,0.9859402196509054,0.9914404859663708,0.9928112643584733,1.0,0.9902486157724479,0.9915013805075521,0.9893612290412045,0.994440823967756,0.9908814724814713,0.9825139504744451,0.9963476576654072,0.9952545166813143,0.9836830718205833,0.9866619009173672,0.9891016868193498,0.9853062415660051,0.9876402754191104,0.9910951090752371,0.9936142278295407,0.9909411761360333,0.9902862892704313,0.9863659529551854,0.9833767657193765,0.9872247047512464,0.988419188132389,0.985740358348387,0.9768516609758655,0.9886053260918412,0.9902524507186048,0.9872217698174547,0.9847607498479599,0.9891164934887277,0.9944672114251188,0.9912714709813867
Koran,0.9950401486834356,0.9966295636262283,0.9900192011205401,0.9936886793147333,0.9866604336855573,0.9965570045650781,0.9927753632657409,0.9927164852566498,0.9918495037928933,0.9958292551152691,0.9944463805297131,0.9964848882921151,0.9872282901896026,0.9928738578099715,0.9948037034292447,0.9904524330631117,0.9815955379652567,0.9952549165090896,0.9912747636851357,0.9859483384976123,0.9918548466678878,0.9924522770389309,0.9941653284266685,0.9930098916066875,0.9920780665690234,0.9927683404969063,0.9949717968615894,0.9938846824224253,0.9927817258415861,0.996715588638738,0.9962014642289218,0.9902486157724479,1.0,0.9933532548975886,0.9957007504891571,0.9900608007688734,0.9930538776019288,0.9853173648650284,0.9952821604270419,0.9975305567898181,0.9825478146008452,0.9874005310837837,0.985103519200848,0.9869870150998136,0.9916807146160717,0.9897373001763043,0.988922473526829,0.9933543103426,0.9941415674304857,0.9967805867515422,0.9901156794864543,0.9904552700798047,0.9891070470740978,0.9903460280418102,0.9862449639497803,0.9950777443413622,0.9911248704622553,0.9921429543563929,0.9922881357150038,0.9903678867009753,0.9908085340871944,0.9902595713943324
