,Adolf_Hitler,Africa,Asia,Association_football,Barack_Obama,Bible,Buddha,Buddhism,China,Christianity,Christmas,Dog,Earth,English_Language,Europe,Eye,George_W._Bush,Ghana,Gold,Hinduism,Human,India,Internet,Iran,Iraq,Iron,Islam,Italy,Japan,Jesus,Judaism,Julius_Caesar,Koran,Maize,Milk,Mohandas_Karamchand_Gandhi,Money,Moon,Moses,Muhammad,New_York_City,Niger,Osama_Bin_Laden,Paris,Periodic_table,Pope_Benedict_XVI,Pope_John_Paul_II,Religion,Rice,Roman_Catholic_Church,Rome,Russia,Silver,South_Africa,South_America,Soviet_Union,Sun,United_Kingdom,United_States,Water,Wikipedia,World_War_II
Adolf_Hitler,1.0,0.9842443193377429,0.9817596100462256,0.9940590985882521,0.9812168877190551,0.9683906131780783,0.9936953854874564,0.990747025703679,0.9897508613570571,0.9944556161891308,0.996466814887519,0.9667987452920672,0.9883083759999176,0.9632605933263007,0.9865111038485521,0.9823196995169782,0.9763736690753542,0.9915121025337652,0.957525552431957,0.9836156923969991,0.9912990543663242,0.988156403748902,0.992671018374786,0.9933645434446694,0.9941267268773107,0.9902081965564162,0.9862452582634018,0.9859028547121114,0.9844950814126675,0.9968362718473123,0.996351776661096,0.9844041190940808,0.9949398933402479,0.980192283767841,0.9827754172781284,0.9829099754016972,0.9896111581112086,0.9866353716319323,0.970739144606864,0.9971205305967138,0.9843644714302221,0.9836860502569088,0.9838606056645649,0.9873967709387167,0.9805152903155602,0.9902806511131478,0.976280920796213,0.9800639808713909,0.9301043845677607,0.9832633049304362,0.9870119964516966,0.987228507337585,0.9813065437510211,0.9889630608190431,0.9779900185478034,0.9929012082786022,0.9798557519869595,0.9918970090495836,0.9764307231913062,0.9869642928882103,0.9754557501072885,0.996398118951968
Africa,0.9842443193377429,1.0,0.9969077820726611,0.9839749552942946,0.9573456294422131,0.96376530620636,0.98166891999254,0.9782683459743623,0.9777704175101405,0.990143439841939,0.9795350067638581,0.9679545734818017,0.9774057196512305,0.9678162730890737,0.9906314767057559,0.9833307106377873,0.9351912948243623,0.98220327368209,0.9345092615109929,0.9837281544550618,0.9921567319244994,0.983330523690546,0.9762498668430774,0.9825280541953485,0.9832708910276022,0.9766222703677175,0.9872474508778636,0.9779299590083222,0.9669399371277096,0.9871481430457166,0.9856750258901045,0.980598982945695,0.9920178047984518,0.980526797131601,0.9869358724139008,0.9678291406774259,0.9861060905712402,0.9777510947893346,0.9489341074713975,0.9823216860984212,0.9787816836549237,0.981908707937323,0.9611592298575519,0.97086928181889,0.9743111979545506,0.968965582853789,0.9458903930309995,0.9693086191474215,0.908495289636358,0.9754312707600268,0.9778259059903605,0.9775398963608084,0.9704021263700544,0.9844002659620795,0.9780502939226682,0.9799256524618561,0.9714950237176746,0.9865156789230802,0.9685610134969052,0.9791806640872978,0.9587242244559627,0.9838628002383699
Asia,0.9817596100462256,0.9969077820726611,1.0,0.9863221913410872,0.959167202411366,0.9677014170576649,0.9816861582243198,0.9807184216320829,0.9826210453106093,0.992056751231727,0.9795671162971653,0.9622462867474093,0.9808109179633293,0.9773140947095792,0.9944679597142021,0.985022396783727,0.9362118273851685,0.9832313022200698,0.9414196502351446,0.9835528297957382,0.9944868171119853,0.9898627635705585,0.9747555753697938,0.9862511093930276,0.9857806864350642,0.978708718429629,0.9908088923127009,0.9831575311537517,0.9745739156389346,0.9856332965543897,0.9849936521551687,0.9784026834333908,0.9896097298140145,0.9886716538758816,0.9876601910160024,0.9693080213673941,0.9849005857100545,0.9801103021985444,0.9397295287425091,0.9782835712414714,0.9829784492426986,0.9845898334125509,0.9599051806227435,0.9741204511087495,0.979237124029401,0.970340773382019,0.9533395057788858,0.9703916523604005,0.9199836849866201,0.9819595968414119,0.9844016648915073,0.9830120949577287,0.9760014622210781,0.9904318156414801,0.9855180168439351,0.9834479859411364,0.9729077078538184,0.9914091639681133,0.9788356254005944,0.9821329362408683,0.9639403562511345,0.9845335463915518
Association_football,0.9940590985882521,0.9839749552942946,0.9863221913410872,1.0,0.9803678299523969,0.969499597292334,0.9907229439252521,0.9887507465653435,0.9909966981974715,0.9956389842649664,0.993889910939333,0.9682840616025757,0.9932075724457164,0.9753610490180497,0.9905076093687437,0.9842918219826267,0.971218221087098,0.9877936229290861,0.9680132544234054,0.9834738046000729,0.9954747819630135,0.9951171306789518,0.9913053874993362,0.994792609190098,0.9933935527705005,0.9929597243844082,0.9876753311014554,0.9910416827725581,0.9896017523448248,0.9925425844407757,0.994341008437865,0.979702802466252,0.99371651997046,0.9899440797728934,0.9898466871629715,0.9825930505649911,0.9906860400189968,0.9884686683814058,0.9569693566954517,0.9935335378289462,0.9866007161801076,0.9898455010008455,0.9819517680360478,0.9852059584432262,0.9882116770618243,0.9901453651741133,0.9798600950429909,0.9795013377967197,0.9448202370640962,0.9870448498560082,0.9902430877742274,0.9880470445200645,0.9921210218629424,0.9917479560254229,0.9879863593891196,0.9924153224212178,0.9823775367985815,0.994862561423865,0.9837590536715719,0.9924486636468017,0.9823858526002678,0.9957445616202365
Barack_Obama,0.9812168877190551,0.9573456294422131,0.959167202411366,0.9803678299523969,1.0,0.9220964295682276,0.9705407282304848,0.9647216553978023,0.9830146142764518,0.9773065088899937,0.9830411800615964,0.9272776480081871,0.9807955823865777,0.9493615009830995,0.9607730776577026,0.9693553809987363,0.9746934192114596,0.9763975548095875,0.94156394633619,0.9448908952057066,0.9702841823009642,0.9716798487133057,0.9709601802602726,0.9774849735233527,0.9769082828683838,0.9779138896680541,0.967369731810163,0.9740242063964286,0.9722854285849383,0.9718485031076958,0.9828107314938487,0.9650233612741255,0.9751201777480404,0.962271779646171,0.9676912848577972,0.9896158644129146,0.9735346398387633,0.9842869860215123,0.9281635056313601,0.9821744173105731,0.9648844701535867,0.976240945290318,0.9869283982461138,0.9654316736210622,0.9589977243739423,0.9878873611468042,0.9815846506927982,0.9503114540672465,0.916801819223747,0.9608166549979422,0.9714547336021423,0.9791053649807355,0.9716315244613397,0.9715896047446275,0.9585599895444806,0.9787130865201319,0.9843370037113451,0.9742670541124725,0.9640791671891868,0.9632918498853688,0.9458672187627105,0.9872421226007102
Bible,0.9683906131780783,0.96376530620636,0.9677014170576649,0.969499597292334,0.9220964295682276,1.0,0.9705570975744553,0.9832436908566973,0.9608070290032035,0.9704420612942145,0.9647016456227318,0.9522178215705729,0.9654024816521464,0.9582546497200817,0.9802775837254782,0.9571814047763061,0.941618425487248,0.9610874196300737,0.9677688175905551,0.9881296327536772,0.9761562731256112,0.9791071350736157,0.9659244349858858,0.9732040176007518,0.9723781615395198,0.9698437862611622,0.9607267079465318,0.9658658938720641,0.9756066914753653,0.9712288308020516,0.9597578498660947,0.9412898398273989,0.9603127487572003,0.9772741082872657,0.9601169477062002,0.9238972378329849,0.9548768402522589,0.9493565272805642,0.9601063547091161,0.9590654922630215,0.9787523394475827,0.9600288590629789,0.9257816087001524,0.9759397388997275,0.9804184035819806,0.950540675735932,0.9437796069521719,0.9723938564193778,0.9471183330229969,0.9773536714981007,0.9740618805488602,0.9597077861471462,0.9653570201532815,0.9761793479418056,0.9827888020957586,0.9745018742654536,0.9293706313918334,0.977454285676491,0.9745145727918582,0.9837243177413438,0.9826980967378135,0.9608449296334902
Buddha,0.9936953854874564,0.98166891999254,0.9816861582243198,0.9907229439252521,0.9705407282304848,0.9705570975744553,1.0,0.9877751035730112,0.9818827602286189,0.9918680829910332,0.9911630833940747,0.9744593797908525,0.9808529636548907,0.9588324250000642,0.9858465586579124,0.9825160483118824,0.968362993845461,0.9887624314320765,0.9497546664269816,0.9880510978345326,0.9894487600820034,0.9888476147674635,0.9876553138821399,0.9898424816320286,0.9914104236087325,0.9847934688368465,0.9873739906700594,0.9837776462104872,0.9830976036778729,0.9940326695914925,0.9908390043609974,0.9899276481592568,0.9915793953730534,0.983531944504616,0.9759859952833293,0.9735032031996518,0.9812001554782631,0.978845761480724,0.9744100037780986,0.9894601281081221,0.9795073115271047,0.9802369498240991,0.9764715879223268,0.986485252453987,0.9748516410949324,0.9842722871100186,0.9694165648390118,0.9843302243373213,0.9294994500018697,0.9830184999587049,0.9841419874021228,0.9812651694536777,0.9777009371974894,0.9890883167145709,0.9790886948963174,0.986542459308927,0.9676807670776414,0.989966660656454,0.9742721533176067,0.9840906403243115,0.9775270743772777,0.9898869976941026
Buddhism,0.990747025703679,0.9782683459743623,0.9807184216320829,0.9887507465653435,0.9647216553978023,0.9832436908566973,0.9877751035730112,1.0,0.9847297572931611,0.9881562491378589,0.9894451549228502,0.9644671579074391,0.9834139747640648,0.9676051691967381,0.9881893048712996,0.9797208151925475,0.9718438483590771,0.9829657756744697,0.9678615596340138,0.9873600123788987,0.9887917847231021,0.990782311329072,0.9854591694875331,0.9931860831615529,0.9923805719353168,0.9872178450759159,0.9855900039146169,0.9881026803978916,0.9889534252716621,0.9908371093124696,0.9866395391582612,0.9722328605861975,0.985988174512229,0.9879382505691676,0.9765622460959218,0.9677391429361285,0.9812418176161646,0.9778089875969805,0.9650714767757126,0.98440217591955,0.9919432785261185,0.9830820986233034,0.96760660154919,0.9946901748582384,0.9821648845161041,0.9807909339878627,0.9767316774487835,0.9856929130098193,0.9501990486349984,0.9858269633197235,0.991736637784596,0.9818553301006079,0.9828118442454733,0.9887458334813813,0.9859221182883776,0.989137218508032,0.9650670520296296,0.9923464170708098,0.9849308942873324,0.9886824290744203,0.9860602419708684,0.9854559478786865
China,0.9897508613570571,0.9777704175101405,0.9826210453106093,0.9909966981974715,0.9830146142764518,0.9608070290032035,0.9818827602286189,0.9847297572931611,1.0,0.9944310543860935,0.9911779496869009,0.9409782227255118,0.9932404953736984,0.9833661150752543,0.9891210180024821,0.9791457050355213,0.967560532856436,0.9921966525166926,0.9605866386298364,0.9703746240371793,0.9911831402913204,0.9909141030582043,0.9865235996331875,0.995100177620696,0.9938230811593355,0.9899973135529904,0.9888941040228483,0.9891693175592597,0.9907182669403956,0.9893349819130528,0.9922854252869535,0.9703582523689721,0.9877004237697892,0.9849649298353058,0.9806808568137344,0.9891076100289976,0.9894200387862856,0.9950564466056363,0.9363662066627568,0.9847644300071252,0.9851920356002103,0.982689508390997,0.9808257829665723,0.9817907357883545,0.9861585346406189,0.9831793287003836,0.9800522732313951,0.9708375046772975,0.9317431695180337,0.9924026330767837,0.9935602160923384,0.9985056542185875,0.9822676361042535,0.9924808644727345,0.9847660514848918,0.9971178538889403,0.9884550630020076,0.994926489454777,0.9921031463000863,0.9838473754501259,0.9709818954177862,0.9953117829636209
Christianity,0.9944556161891308,0.990143439841939,0.992056751231727,0.9956389842649664,0.9773065088899937,0.9704420612942145,0.9918680829910332,0.9881562491378589,0.9944310543860935,1.0,0.9935017093009036,0.960820922696985,0.9911947567297441,0.9804212937483773,0.9952611178374575,0.9886119294468343,0.9645907794710807,0.9949380956538291,0.9543215022598973,0.9853651741428979,0.99689518242013,0.9953037580803613,0.9877850228034191,0.9955725038083568,0.9956741646092739,0.9893050731504317,0.9930054011193745,0.9902922089218325,0.9875428856370271,0.9950628383765372,0.9964725681607722,0.9831134913752676,0.9956449557779802,0.9907026191218387,0.9883614329431873,0.9837820592743484,0.9917338195541844,0.9912059867678412,0.9536237541266804,0.9917883149539906,0.9877045758863862,0.9857881163136912,0.9798380889960101,0.9844300006873467,0.9872487152507163,0.9866737257327787,0.9722577601136944,0.9792122446418285,0.9285115602176265,0.9915611533035197,0.9913803816617545,0.9947364064054177,0.982256964115442,0.995765216013485,0.9870720633023244,0.9958487068917797,0.9826787859877616,0.997253837318703,0.9863775476551847,0.9889310137620693,0.9747881826623185,0.9963711428459183
Christmas,0.996466814887519,0.9795350067638581,0.9795671162971653,0.993889910939333,0.9830411800615964,0.9647016456227318,0.9911630833940747,0.9894451549228502,0.9911779496869009,0.9935017093009036,1.0,0.9623807153228136,0.990906631994871,0.9622598658982344,0.9861169387339478,0.9829542905084011,0.9763957590289797,0.9877677989124138,0.9617949968664897,0.9814825216579139,0.9904949077532123,0.9904843448997092,0.9923098968774459,0.9959846715016433,0.9947915176738693,0.9935658816903278,0.9878912038174804,0.9908640663476663,0.9899019554224407,0.9963261597351473,0.996720793273428,0.9815055698972042,0.9937113824260466,0.9836874839186136,0.981635077746102,0.9815571276441273,0.9897472827101393,0.9889911453140813,0.9661842842866956,0.9927969602277775,0.9807898798256222,0.9880860919819084,0.981199731830064,0.9888704180729837,0.9782475985477971,0.9863420719188833,0.9785401914140983,0.9846151091983288,0.933258750960047,0.9834644533903716,0.9904235297618702,0.9879408764411634,0.9850088908732594,0.9896893749995157,0.9788423699302479,0.9935919602368437,0.9821889812289047,0.9918071860328733,0.9805241231875669,0.9884474313412954,0.9790114353054064,0.9958346915411219
Dog,0.9667987452920672,0.9679545734818017,0.9622462867474093,0.9682840616025757,0.9272776480081871,0.9522178215705729,0.9744593797908525,0.9644671579074391,0.9409782227255118,0.960820922696985,0.9623807153228136,1.0,0.9551472968142193,0.9214443065171278,0.9620137640186467,0.9679784595963232,0.9255084712556568,0.9517695645167396,0.9361948371709473,0.9750415038863504,0.9699229817848563,0.9609749086845756,0.9702510361010653,0.9608720378648162,0.9602159668589657,0.9639422817510505,0.9640063504555766,0.95326790919204,0.9497346418474691,0.971536447198361,0.95975196006938,0.9724010645099394,0.9711894215735141,0.9610170219560799,0.9677939079660267,0.936620795542755,0.9661174510158689,0.9432862992165817,0.9730684689612418,0.9631896635190048,0.949592111609763,0.96645038478598,0.9329814013685712,0.9543897182410397,0.9514893911543425,0.949388637362704,0.9274458211291475,0.9636412210283324,0.9273065833833869,0.9485146409995704,0.9523114115482493,0.9348708031428504,0.9656998016680685,0.956259507361672,0.9531678795307899,0.9479209034332051,0.9370738430196208,0.9604313455846148,0.9361891003391993,0.9702909365116102,0.9624541110174377,0.958079234246658
Earth,0.9883083759999176,0.9774057196512305,0.9808109179633293,0.9932075724457164,0.9807955823865777,0.9654024816521464,0.9808529636548907,0.9834139747640648,0.9932404953736984,0.9911947567297441,0.990906631994871,0.9551472968142193,1.0,0.9739540432248536,0.9858169572971526,0.9828856219815703,0.9673043043476668,0.9862930778539222,0.9729396266287325,0.9744449375892781,0.9939132394065819,0.9911277624877322,0.9886159347033237,0.9926400277537417,0.9905323061541428,0.9951758993176989,0.9815356077954429,0.983411317871244,0.9896323427429183,0.9865526460931986,0.9881142546156172,0.9644908175272497,0.9864288146947097,0.9854357976784442,0.9890450190778227,0.9800890613592247,0.9911209230607408,0.9940346376046777,0.947464765631536,0.986211972248706,0.9843448635641331,0.9904049780451442,0.9715637777251713,0.9781924710735339,0.9890307845711408,0.9813199065725633,0.9758444078279401,0.9694357226371365,0.9550573299312586,0.9885402881968032,0.9913924594675867,0.989165376149668,0.9906792964875937,0.990058812539218,0.9863594482724782,0.9932693539493823,0.9905051482911975,0.9916811615319265,0.9882584048901886,0.9910796269264237,0.9756386005467714,0.9925224494184247
English_Language,0.9632605933263007,0.9678162730890737,0.9773140947095792,0.9753610490180497,0.9493615009830995,0.9582546497200817,0.9588324250000642,0.9676051691967381,0.9833661150752543,0.9804212937483773,0.9622598658982344,0.9214443065171278,0.9739540432248536,1.0,0.9847367588537634,0.9612686054355015,0.9290977337878666,0.9708226150953163,0.9544291252560034,0.9580571705389648,0.9790664957100765,0.9806943820335773,0.9618056839461085,0.9751157054534426,0.9723416274041864,0.9710228190415896,0.973263515939152,0.9750376358547255,0.974892935407773,0.9658235782044348,0.9691042003728764,0.9415774340645859,0.9647621928125288,0.9806550462760971,0.9713974955148358,0.966540276719172,0.9699690553030413,0.9718879529110177,0.8937418728432218,0.9578443862914731,0.9724672338518987,0.9626249499875003,0.9519408126817281,0.9573156730026369,0.9870200655710984,0.9602465067775661,0.9552971993876521,0.9514086247997354,0.922920474054082,0.9868865129781093,0.9756264476557632,0.984684851027343,0.9696828987285376,0.9784996044942709,0.9833288550052344,0.9805905043428969,0.9614416351545171,0.9822730636340106,0.9869466446940072,0.9742376970362795,0.9592909230137279,0.9741288738814778
Europe,0.9865111038485521,0.9906314767057559,0.9944679597142021,0.9905076093687437,0.9607730776577026,0.9802775837254782,0.9858465586579124,0.9881893048712996,0.9891210180024821,0.9952611178374575,0.9861169387339478,0.9620137640186467,0.9858169572971526,0.9847367588537634,1.0,0.9842478715089629,0.9479794391714804,0.9867108963782286,0.9584967374475386,0.9901466981224121,0.9962249612071147,0.9954419756438853,0.981935808912128,0.9927474159966388,0.9905212309936036,0.9860218591188215,0.9930391290432311,0.9897527325951335,0.9870136889910203,0.9916240190859871,0.989154777936793,0.9756164108723245,0.9891116673781267,0.9939815076648707,0.9850294708217668,0.9706866202598236,0.9856285815810801,0.9819171664506454,0.9497588075796245,0.9801602030604345,0.9864321889558773,0.982555306730927,0.9615988773604268,0.9813227873650348,0.9888988709058607,0.9735405105670858,0.9615606518808772,0.9813948074007846,0.9290825781162141,0.9913562562022092,0.9908752108880172,0.9896451892140089,0.9805018243658321,0.9942891154069539,0.9912934410711485,0.992510056215297,0.9701404671099244,0.996941491127905,0.9888518037095594,0.9906398758383301,0.9789887008409052,0.9890876478287016
Eye,0.9823196995169782,0.9833307106377873,0.985022396783727,0.9842918219826267,0.9693553809987363,0.9571814047763061,0.9825160483118824,0.9797208151925475,0.9791457050355213,0.9886119294468343,0.9829542905084011,0.9679784595963232,0.9828856219815703,0.9612686054355015,0.9842478715089629,1.0,0.9518668405992512,0.9864040497577576,0.9397222868106635,0.9773990726529698,0.9884888313383454,0.9868315046795512,0.9755618680097634,0.9853747453673354,0.9850071141336185,0.979637990144815,0.9865663606287487,0.9770748937694919,0.9750328934568365,0.9838087825978143,0.983438031483783,0.9802544279426949,0.9867316740082444,0.9868861350573364,0.9880611516809299,0.9743977431210007,0.9869782927048237,0.982971372293033,0.9534950246904713,0.9807214217215028,0.9803731695959741,0.9836656202972037,0.9616374746711382,0.9724237103576752,0.9738533963846127,0.9762152988183369,0.9588307979365354,0.9698713976918732,0.9299958790527296,0.9766811317483853,0.9796339313071238,0.9787971813297845,0.9739878402142917,0.9857280592686715,0.9758071806615723,0.9805007017161045,0.9740706114480462,0.9864131668625176,0.9728734825182014,0.979664377576898,0.9617163830722196,0.9834129011067139
George_W._Bush,0.9763736690753542,0.9351912948243623,0.9362118273851685,0.971218221087098,0.9746934192114596,0.941618425487248,0.968362993845461,0.9718438483590771,0.967560532856436,0.9645907794710807,0.9763957590289797,0.9255084712556568,0.9673043043476668,0.9290977337878666,0.9479794391714804,0.9518668405992512,1.0,0.9650084867905135,0.9491029942037149,0.952398005900189,0.9576323567003023,0.964204900195156,0.9676158227849411,0.9714305532222113,0.9761273339698104,0.9686399349450301,0.9514363373942231,0.9684047190669984,0.9744839492086106,0.9650136720140379,0.9704629626807072,0.9467955009236485,0.9627739134463998,0.9541532572269621,0.9459960327937003,0.9608104382864835,0.9533771320011705,0.9629473635747499,0.9524095381081145,0.9747484911596065,0.9714347296096476,0.9633283862481923,0.9791848344699056,0.9816463051259192,0.9516592295614283,0.9858047613182653,0.9874873024499069,0.9616378897988032,0.932938145613263,0.9567240463176334,0.9693883162817742,0.9627488319377153,0.9601900899294807,0.9655540384070709,0.9563952637795416,0.970478137510164,0.9520030630975725,0.9664984745644943,0.9589869974743184,0.9600306492154341,0.9667581438374002,0.9681411110173239
Ghana,0.9915121025337652,0.98220327368209,0.9832313022200698,0.9877936229290861,0.9763975548095875,0.9610874196300737,0.9887624314320765,0.9829657756744697,0.9921966525166926,0.9949380956538291,0.9877677989124138,0.9517695645167396,0.9862930778539222,0.9708226150953163,0.9867108963782286,0.9864040497577576,0.9650084867905135,1.0,0.9405812515748315,0.9762573281894924,0.9900280860901145,0.9874272847067712,0.9855951302491319,0.9909178259283306,0.9934196030293176,0.9823536110280932,0.9887458766332153,0.9788378641809938,0.9807673021478207,0.9902355037151929,0.9911127941094886,0.9812523911159328,0.9908938634697307,0.9821986166683944,0.9794221790390807,0.9849658990481625,0.988715305851575,0.9919828054966121,0.9516090507653647,0.9888245320534955,0.9854240646392133,0.9752065801533287,0.9794182733958641,0.9792950537082987,0.9807186058814572,0.9825282156890843,0.9672199276067213,0.969063237555221,0.9185016338706379,0.9885773752537566,0.9863136340594457,0.9939917952710547,0.9701801974078849,0.9909291019632539,0.9781507015251987,0.9925203011984327,0.9821448554633523,0.992284441580971,0.9809668862148685,0.9776008809890094,0.963389576394869,0.9922810862589819
Gold,0.957525552431957,0.9345092615109929,0.9414196502351446,0.9680132544234054,0.94156394633619,0.9677688175905551,0.9497546664269816,0.9678615596340138,0.9605866386298364,0.9543215022598973,0.9617949968664897,0.9361948371709473,0.9729396266287325,0.9544291252560034,0.9584967374475386,0.9397222868106635,0.9491029942037149,0.9405812515748315,1.0,0.9546170001737112,0.9626162313819129,0.9673675100734146,0.969341738244705,0.9656010412407837,0.9594651170845906,0.9810596947118784,0.9411063811155188,0.9606049875534521,0.9780868139074157,0.955429202424779,0.9497931733903346,0.9136993321071573,0.9437451263912732,0.964861280640978,0.9598970751955604,0.9335531850250511,0.9540402004014462,0.9515327385539587,0.9292899294970784,0.950021811942564,0.9583336420543624,0.9658729941632319,0.9293455302957455,0.959258044939552,0.9792058948648712,0.9504637753380164,0.9611806969085902,0.9508313315431317,0.9773599771303171,0.9669488754973707,0.9652511509658986,0.9505758385638955,0.9842131311930078,0.9582360306000638,0.9735857464723798,0.9672747943005197,0.9429315710749033,0.9633712948415254,0.9722971415250743,0.9833592374664446,0.9808224343301397,0.9588494330021614
Hinduism,0.9836156923969991,0.9837281544550618,0.9835528297957382,0.9834738046000729,0.9448908952057066,0.9881296327536772,0.9880510978345326,0.9873600123788987,0.9703746240371793,0.9853651741428979,0.9814825216579139,0.9750415038863504,0.9744449375892781,0.9580571705389648,0.9901466981224121,0.9773990726529698,0.952398005900189,0.9762573281894924,0.9546170001737112,1.0,0.9884829941419692,0.9881952278604524,0.9776364688896815,0.984030849795562,0.9847349587879132,0.9797970938183866,0.9810381452624778,0.9805545247180837,0.9801013717732656,0.9872975531711701,0.9804056371878775,0.973303293772269,0.9833769554727997,0.9868369910390385,0.9747979659965733,0.9466321636186013,0.9722157595145512,0.9635079102790491,0.9761336151166207,0.9771836355437488,0.9815901167223475,0.9777278235282931,0.9492704898613794,0.9839719765369066,0.977073335386325,0.9687953956579493,0.9517767448901847,0.9885061034459901,0.9326749985424962,0.9787994930369747,0.9815795303848337,0.9704057745991875,0.9719900682635799,0.9871373203965313,0.9843440269369997,0.9817176104264963,0.9477464382314913,0.9878416811691105,0.9734927024177289,0.988511936946262,0.9848709885325425,0.9767978958869031
Human,0.9912990543663242,0.9921567319244994,0.9944868171119853,0.9954747819630135,0.9702841823009642,0.9761562731256112,0.9894487600820034,0.9887917847231021,0.9911831402913204,0.99689518242013,0.9904949077532123,0.9699229817848563,0.9939132394065819,0.9790664957100765,0.9962249612071147,0.9884888313383454,0.9576323567003023,0.9900280860901145,0.9626162313819129,0.9884829941419692,1.0,0.9960485014282504,0.9883165684818092,0.9948674021995118,0.9937684760228876,0.9913857112344333,0.9918810876809968,0.9886084908752152,0.9879418313594464,0.9933161645143526,0.9917780619963549,0.9792129411551918,0.993997781506338,0.9925811857548444,0.9918965065520874,0.9767157527061302,0.9924208014902209,0.9892595366592561,0.9564948409228659,0.9878261314010024,0.9890126517769673,0.9908709899649875,0.9699325390983788,0.9831878587504058,0.9894344589602002,0.9807780025973241,0.9687076662605513,0.9797533394700257,0.9430581240545316,0.991301928441333,0.9930503340035284,0.9894029114272218,0.9877884897322793,0.9958339021745142,0.9918771491654406,0.9929032960480534,0.9820647699343111,0.997092957277974,0.987682992588755,0.9931205436275693,0.9792549283255159,0.9927652570916818
India,0.988156403748902,0.983330523690546,0.9898627635705585,0.9951171306789518,0.9716798487133057,0.9791071350736157,0.9888476147674635,0.990782311329072,0.9909141030582043,0.9953037580803613,0.9904843448997092,0.9609749086845756,0.9911277624877322,0.9806943820335773,0.9954419756438853,0.9868315046795512,0.964204900195156,0.9874272847067712,0.9673675100734146,0.9881952278604524,0.9960485014282504,1.0,0.9840059914790613,0.9965273079423086,0.9944794304945161,0.9906482413174692,0.9905360573530354,0.9935310510475805,0.9945073129207721,0.9899845041153845,0.9898703899294401,0.9756131580418325,0.98841603193549,0.9976395823428228,0.9858460515539478,0.9737651546045014,0.9849370749263252,0.9859252520380871,0.9526993178631862,0.983914658856931,0.9904974754629772,0.9889620717548484,0.9695348467051575,0.9882138596644229,0.9892907497716583,0.9828815841748962,0.9769092456906548,0.984354984200117,0.9467812596923311,0.9917298977627554,0.9949532401180908,0.9902391375094974,0.9887494399183359,0.997358059641281,0.9949121934304013,0.9939750036566262,0.9745315382909682,0.9979515715881155,0.9925319608326219,0.9933623756294512,0.9848995691449579,0.9907272430153521
Internet,0.992671018374786,0.9762498668430774,0.9747555753697938,0.9913053874993362,0.9709601802602726,0.9659244349858858,0.9876553138821399,0.9854591694875331,0.9865235996331875,0.9877850228034191,0.9923098968774459,0.9702510361010653,0.9886159347033237,0.9618056839461085,0.981935808912128,0.9755618680097634,0.9676158227849411,0.9855951302491319,0.969341738244705,0.9776364688896815,0.9883165684818092,0.9840059914790613,1.0,0.9906632537017301,0.9901227955494142,0.9940082527697041,0.9820192264774974,0.9793683890906422,0.9844973199273971,0.9931033071155115,0.9886362573948551,0.9740075533878336,0.989643561039223,0.9787277772339498,0.9831066177838452,0.9766364539570993,0.9918610190946061,0.9862155646758644,0.9648424988003086,0.9889757687766456,0.9762338472551091,0.9821925436341608,0.9742563617132878,0.9807505422266498,0.9838229025592488,0.9774388139077905,0.9692530063316144,0.9739358914511688,0.941435798254977,0.985883957456958,0.9840168497027717,0.981386855777998,0.9864044841999889,0.9823046310451307,0.9777562213578933,0.9886996387343587,0.979698808900201,0.9869193941379769,0.9766987415759542,0.988680659470011,0.980816750206261,0.990953167492062
Iran,0.9933645434446694,0.9825280541953485,0.9862511093930276,0.994792609190098,0.9774849735233527,0.9732040176007518,0.9898424816320286,0.9931860831615529,0.995100177620696,0.9955725038083568,0.9959846715016433,0.9608720378648162,0.9926400277537417,0.9751157054534426,0.9927474159966388,0.9853747453673354,0.9714305532222113,0.9909178259283306,0.9656010412407837,0.984030849795562,0.9948674021995118,0.9965273079423086,0.9906632537017301,1.0,0.9982307941527374,0.993047703262406,0.9935317732754974,0.9944708358992563,0.9948493416883429,0.9952444915932015,0.994492838948207,0.9796665485608929,0.9925163461186447,0.9919798688205549,0.9835658063174442,0.9816214269783923,0.9905413852427902,0.9913420521136522,0.9576533582571276,0.9881929141017095,0.989575087917331,0.9890108416634869,0.9773810368419517,0.9917566920054932,0.9856991787362902,0.9842240702268719,0.9813173934702145,0.9848911187586878,0.9406749722842296,0.9911534691428461,0.9973327082934993,0.9929215895586452,0.988123909906584,0.9955723654685802,0.9888990385305687,0.9958764482063461,0.9820028477541469,0.9974816632169935,0.9910309715337743,0.9910121277372805,0.9829478045969948,0.9943079860880958
Iraq,0.9941267268773107,0.9832708910276022,0.9857806864350642,0.9933935527705005,0.9769082828683838,0.9723781615395198,0.9914104236087325,0.9923805719353168,0.9938230811593355,0.9956741646092739,0.9947915176738693,0.9602159668589657,0.9905323061541428,0.9723416274041864,0.9905212309936036,0.9850071141336185,0.9761273339698104,0.9934196030293176,0.9594651170845906,0.9847349587879132,0.9937684760228876,0.9944794304945161,0.9901227955494142,0.9982307941527374,1.0,0.9908801815725602,0.9921014631561901,0.9925830824204772,0.9926422463511313,0.9940839802664084,0.994081347514105,0.980462753131381,0.9930986280569958,0.9893460676033966,0.9812158085479138,0.981211893148052,0.9887061315998409,0.9902790910814576,0.9604060313357053,0.9893891955978629,0.9916283417773015,0.9878319482882061,0.9812449313222142,0.9935163912311017,0.983277425902368,0.9864184383916561,0.9811270012039393,0.984791137594922,0.9365200243108825,0.9902010995167638,0.9959445191014267,0.9925346104842645,0.9832620447376159,0.9961580559120803,0.9877879940592288,0.9950955089713114,0.9802347297706715,0.9967074361300227,0.988933460727475,0.9878261811321107,0.9812445845936363,0.9927181365950596
Iron,0.9902081965564162,0.9766222703677175,0.978708718429629,0.9929597243844082,0.9779138896680541,0.9698437862611622,0.9847934688368465,0.9872178450759159,0.9899973135529904,0.9893050731504317,0.9935658816903278,0.9639422817510505,0.9951758993176989,0.9710228190415896,0.9860218591188215,0.979637990144815,0.9686399349450301,0.9823536110280932,0.9810596947118784,0.9797970938183866,0.9913857112344333,0.9906482413174692,0.9940082527697041,0.993047703262406,0.9908801815725602,1.0,0.9818765988029751,0.9862906249707197,0.9924063337161143,0.9895387632222724,0.9880000935880396,0.9673483959388209,0.9859602133505737,0.9870182665176324,0.9872816559241419,0.9759867986119921,0.9896965445201223,0.9874972852049061,0.9565761641554041,0.9853100743543863,0.9796624148006092,0.9915203429985581,0.9695933369140148,0.9821534879059279,0.9887325700604493,0.9803818395553515,0.9760528020368543,0.9776166619994892,0.956450222669138,0.9879908357329693,0.989202433360194,0.9847586973039935,0.993841381668628,0.9879947071813591,0.9864674275589068,0.9929324734201294,0.9817198842853478,0.9907604249023804,0.9865959668816638,0.9955657715317646,0.98401652318656,0.9921488370731959
Islam,0.9862452582634018,0.9872474508778636,0.9908088923127009,0.9876753311014554,0.967369731810163,0.9607267079465318,0.9873739906700594,0.9855900039146169,0.9888941040228483,0.9930054011193745,0.9878912038174804,0.9640063504555766,0.9815356077954429,0.973263515939152,0.9930391290432311,0.9865663606287487,0.9514363373942231,0.9887458766332153,0.9411063811155188,0.9810381452624778,0.9918810876809968,0.9905360573530354,0.9820192264774974,0.9935317732754974,0.9921014631561901,0.9818765988029751,1.0,0.990463814504359,0.9833617669449825,0.9929008200725691,0.9916696048096437,0.9879426017282894,0.9929339605568331,0.9893674737301054,0.9791142634043526,0.9806708993202005,0.988057373688838,0.985287278373488,0.9478239293653471,0.9795871714185347,0.9812781817015488,0.9827925530226748,0.9711335836490425,0.9824188986760243,0.9746895004507091,0.9745578619001823,0.965396467514169,0.9811417109437344,0.9162406871836537,0.9852011856309093,0.9911362989988604,0.9889413524672159,0.9765979569480836,0.9913080458126238,0.9811037122443262,0.9869229977935766,0.9757479169375064,0.9940849519337573,0.9826926013632192,0.9801042552765626,0.9708159656684798,0.9886773779503165
Italy,0.9859028547121114,0.9779299590083222,0.9831575311537517,0.9910416827725581,0.9740242063964286,0.9658658938720641,0.9837776462104872,0.9881026803978916,0.9891693175592597,0.9902922089218325,0.9908640663476663,0.95326790919204,0.983411317871244,0.9750376358547255,0.9897527325951335,0.9770748937694919,0.9684047190669984,0.9788378641809938,0.9606049875534521,0.9805545247180837,0.9886084908752152,0.9935310510475805,0.9793683890906422,0.9944708358992563,0.9925830824204772,0.9862906249707197,0.990463814504359,1.0,0.9930647537985535,0.9885420726583607,0.9908471258338796,0.975514517412911,0.9869851978636324,0.9899637819763198,0.9749297956339376,0.9759114891686727,0.9792633316920936,0.9799850677538013,0.9465528485455249,0.9795863077523834,0.9843487504099387,0.9882790730097086,0.9767863438384388,0.9908835624476298,0.9762202550460419,0.9829706778024592,0.9830848728699227,0.988430081859813,0.9310156237587672,0.9823261971702043,0.9932796891179607,0.9866332805189335,0.9841683626674926,0.9918793409958842,0.9875399657836587,0.9893533514326376,0.9697653448282757,0.9936543582480222,0.9877509600231321,0.9855750043219839,0.9830971760642357,0.9879797725435723
Japan,0.9844950814126675,0.9669399371277096,0.9745739156389346,0.9896017523448248,0.9722854285849383,0.9756066914753653,0.9830976036778729,0.9889534252716621,0.9907182669403956,0.9875428856370271,0.9899019554224407,0.9497346418474691,0.9896323427429183,0.974892935407773,0.9870136889910203,0.9750328934568365,0.9744839492086106,0.9807673021478207,0.9780868139074157,0.9801013717732656,0.9879418313594464,0.9945073129207721,0.9844973199273971,0.9948493416883429,0.9926422463511313,0.9924063337161143,0.9833617669449825,0.9930647537985535,1.0,0.9857657174601216,0.9845181064457353,0.9636966022735811,0.9793040910565292,0.9912413763544623,0.973980119784951,0.9701480651064845,0.977894656787302,0.9822245574575182,0.9513765450855569,0.9761656052998663,0.9854699005602414,0.9857958566997848,0.9686228179485702,0.990213717337198,0.98553793219343,0.9799177094287179,0.9847519911239614,0.9847718655060924,0.954497954448706,0.9905224595492588,0.9950988173705791,0.9874141700128242,0.988075217765749,0.9928687996322314,0.9920258444367228,0.993487047402537,0.9695779788221505,0.9936922761131135,0.9950526376786817,0.9912756642647121,0.9903588929651226,0.9864354167262097
Jesus,0.9968362718473123,0.9871481430457166,0.9856332965543897,0.9925425844407757,0.9718485031076958,0.9712288308020516,0.9940326695914925,0.9908371093124696,0.9893349819130528,0.9950628383765372,0.9963261597351473,0.971536447198361,0.9865526460931986,0.9658235782044348,0.9916240190859871,0.9838087825978143,0.9650136720140379,0.9902355037151929,0.955429202424779,0.9872975531711701,0.9933161645143526,0.9899845041153845,0.9931033071155115,0.9952444915932015,0.9940839802664084,0.9895387632222724,0.9929008200725691,0.9885420726583607,0.9857657174601216,1.0,0.9964325645101061,0.9873697270089548,0.996320770652749,0.9844877968039671,0.982309676102266,0.9787484182875086,0.9912756000478099,0.9859502107573829,0.970288513919088,0.9914399968085859,0.9815001988567993,0.9836389591809487,0.976166891371866,0.9870458229851413,0.9799657582442117,0.9811433517812465,0.9687761223707075,0.9849899132625929,0.9254415432883434,0.9863387105353275,0.9894280794989625,0.98722820202588,0.9809847867427294,0.9900228921674246,0.9797855042749326,0.9921291071433403,0.9771081076276735,0.993354798494458,0.9790807149533917,0.9881703541155321,0.9787186225526615,0.9945137253508948
Judaism,0.996351776661096,0.9856750258901045,0.9849936521551687,0.994341008437865,0.9828107314938487,0.9597578498660947,0.9908390043609974,0.9866395391582612,0.9922854252869535,0.9964725681607722,0.996720793273428,0.95975196006938,0.9881142546156172,0.9691042003728764,0.989154777936793,0.983438031483783,0.9704629626807072,0.9911127941094886,0.9497931733903346,0.9804056371878775,0.9917780619963549,0.9898703899294401,0.9886362573948551,0.994492838948207,0.994081347514105,0.9880000935880396,0.9916696048096437,0.9908471258338796,0.9845181064457353,0.9964325645101061,1.0,0.9856769224431439,0.9967407792966714,0.9830886218418496,0.9824355642597102,0.9872268099504093,0.9906249327047402,0.9899696819667507,0.957370390712244,0.994556808493141,0.9817780302653722,0.9845121544361237,0.9863325314379837,0.984872271635716,0.9776609018006098,0.9881303416006452,0.9750278266048952,0.9809062039135932,0.9176917995023166,0.9828364866609023,0.9887319841299245,0.9913880388363261,0.9799431388273905,0.9898742367478008,0.9777361397498872,0.9926981237305194,0.9835747513595497,0.9929142833552778,0.9785122316511247,0.9835915205395653,0.9720461308025518,0.9970077581849534
Julius_Caesar,0.9844041190940808,0.980598982945695,0.9784026834333908,0.979702802466252,0.9650233612741255,0.9412898398273989,0.9899276481592568,0.9722328605861975,0.9703582523689721,0.9831134913752676,0.9815055698972042,0.9724010645099394,0.9644908175272497,0.9415774340645859,0.9756164108723245,0.9802544279426949,0.9467955009236485,0.9812523911159328,0.9136993321071573,0.973303293772269,0.9792129411551918,0.9756131580418325,0.9740075533878336,0.9796665485608929,0.980462753131381,0.9673483959388209,0.9879426017282894,0.975514517412911,0.9636966022735811,0.9873697270089548,0.9856769224431439,1.0,0.9897554002220407,0.9708895955594422,0.9676204588811104,0.9740390570197565,0.977234621861158,0.9702131492700662,0.9614571479249824,0.9810328553268771,0.9633607025268356,0.9707548308910325,0.9723335190862512,0.9710657744655302,0.9519287596507857,0.9738974193342039,0.9533439896204575,0.9732948321658947,0.8917244510550386,0.9629924823774806,0.9709386330016935,0.9703123750882672,0.9619973975781473,0.9772295732170176,0.9590295019788958,0.970501464024726,0.9632971290419893,0.9788069967084352,0.9534929544558735,0.9647039133452353,0.9524534813690541,0.9821763851134122
Koran,0.9949398933402479,0.9920178047984518,0.9896097298140145,0.99371651997046,0.9751201777480404,0.9603127487572003,0.9915793953730534,0.985988174512229,0.9877004237697892,0.9956449557779802,0.9937113824260466,0.9711894215735141,0.9864288146947097,0.9647621928125288,0.9891116673781267,0.9867316740082444,0.9627739134463998,0.9908938634697307,0.9437451263912732,0.9833769554727997,0.993997781506338,0.98841603193549,0.989643561039223,0.9925163461186447,0.9930986280569958,0.9859602133505737,0.9929339605568331,0.9869851978636324,0.9793040910565292,0.996320770652749,0.9967407792966714,0.9897554002220407,1.0,0.9832190805234402,0.986635012993713,0.9826507954265828,0.9935086882144377,0.9884966548586297,0.9616184919161962,0.9939319163566824,0.9824373275465828,0.9867582302271823,0.9818371096033449,0.9834538293293656,0.975913059474373,0.9840564913292045,0.9667553044140357,0.97945820040173,0.9190033699375729,0.9816184736276858,0.9867393015646458,0.9860959339445959,0.9790984124617426,0.9888616089047418,0.9778224331718802,0.9880714269288747,0.9827857146337062,0.9916966173886422,0.9740143599804773,0.9830828350364985,0.9708500448175676,0.9937878493622848
