,Adolf_Hitler,Africa,Asia,Association_football,Barack_Obama,Bible,Buddha,Buddhism,China,Christianity,Christmas,Dog,Earth,English_Language,Europe,Eye,George_W._Bush,Ghana,Gold,Hinduism,Human,India,Internet,Iran,Iraq,Iron,Islam,Italy,Japan,Jesus,Judaism,Julius_Caesar,Koran,Maize,Milk,Mohandas_Karamchand_Gandhi,Money,Moon,Moses,Muhammad,New_York_City,Niger,Osama_Bin_Laden,Paris,Periodic_table,Pope_Benedict_XVI,Pope_John_Paul_II,Religion,Rice,Roman_Catholic_Church,Rome,Russia,Silver,South_Africa,South_America,Soviet_Union,Sun,United_Kingdom,United_States,Water,Wikipedia,World_War_II
Adolf_Hitler,1.0,0.9799337418191753,0.9814149660254523,0.9888573579025938,0.9887663849207684,0.9759119991404096,0.9878322245909388,0.987258264558987,0.981465209143489,0.9938153390018896,0.9880368857311821,0.9868380856713077,0.9803386728817316,0.9673599040598063,0.9775017353747143,0.9770224860486264,0.990386863813851,0.9864750610588059,0.980299242383847,0.9749760835844882,0.9807237537489409,0.9879825615891764,0.9848088703332913,0.9880208631387604,0.9875492246520001,0.9654819652273829,0.9943532510207693,0.9898438133566432,0.9849260923600122,0.9965254082476814,0.9870517644118582,0.9927069968156406,0.9871603853860904,0.9512779180022843,0.9825063808830565,0.9972564912849592,0.9807897735057596,0.9805653632898675,0.9929386348198082,0.9881551845154359,0.9694014850260335,0.990892977017603,0.9814847707588155,0.9850810519768352,0.9891902024097309,0.9967878949339213,0.9911304008225292,0.9849666775483531,0.9652749937062045,0.9773820735521959,0.985679302007431,0.9852342335878957,0.901736466176938,0.9768520264390993,0.934459377895047,0.9872547966603459,0.9829433116910843,0.9822807942276911,0.9819733573614261,0.9864840141838888,0.9881713601258743,0.9861324892747505
Africa,0.9799337418191753,1.0,0.9949083118400349,0.9765109062939107,0.970408234208961,0.9870546424912549,0.9654297171113012,0.9893636884258153,0.9898312628329254,0.9881733109907057,0.9721241799800842,0.9881670260426184,0.9864725899016341,0.9919830044531308,0.9963643220846135,0.9761520274221284,0.9663656700273339,0.9941596559276886,0.9886715455421999,0.9895406440910409,0.9908553071274651,0.9955599235583523,0.981907936416087,0.9840442938484729,0.9816970499603036,0.9851092127776325,0.9907409425911126,0.9883694923107378,0.9959358654853375,0.9832425042597048,0.9907528549696677,0.9658056077580137,0.986553795422025,0.9785669194659936,0.9877642785362523,0.9791131887681784,0.9715273613001495,0.9844689196569298,0.9735760326133883,0.9751706407188958,0.9755330245315652,0.990847334088991,0.9675337983803047,0.9921760844384955,0.9812341619402344,0.9721237905204602,0.9767868733794643,0.9920635138161459,0.9755214956247762,0.9572756040305189,0.9714243388044368,0.9912466698538562,0.9403911549587248,0.9875072114291356,0.9737130794645562,0.9805462788166509,0.9793093324403643,0.9865304854828595,0.9894800919126843,0.9906721856273795,0.983860842098594,0.9813774430775695
Asia,0.9814149660254523,0.9949083118400349,1.0,0.9838128049647301,0.9775760642619836,0.9908956763731976,0.9616608776135983,0.9849285778026904,0.9896349021042923,0.9916090891031678,0.9810469785346205,0.9800570951488554,0.9861475571085927,0.9861701299804309,0.9950466281836681,0.9685195713106214,0.9720983028035797,0.9940824161272453,0.9829268520616166,0.9852894078380814,0.9866906914318481,0.9961007554281796,0.9802648646589834,0.9886098312691171,0.98608957705436,0.9759665198473148,0.9899285874326493,0.9927555557447555,0.9934947631923385,0.9818785964859805,0.9921451202111277,0.9628583498863902,0.9888946958755143,0.9682527109027171,0.9811262496535552,0.9790801107066367,0.9775993705434185,0.9758121997608036,0.9709308977327556,0.9713398375497341,0.9821043203165779,0.9936708164125216,0.9669476778189374,0.993890386894654,0.9809144154227155,0.9739187401199173,0.9837170882239435,0.9903624200208997,0.9658393329677105,0.9667990811489865,0.9767742300373261,0.9949411679131868,0.9301683254284407,0.9875550049930023,0.9716140586816637,0.9874925247420006,0.9812143613303409,0.9927574387226097,0.9939355646464306,0.9886940111435347,0.9793863005963444,0.9884569104666509
Association_football,0.9888573579025938,0.9765109062939107,0.9838128049647301,1.0,0.9890584222363487,0.9696054939644174,0.9648724152222,0.9739379575861862,0.986814331607536,0.9918845498993208,0.9967121428166563,0.9779265819613336,0.9846089610770012,0.9621291598906483,0.9758323900936523,0.9758621395603393,0.9913018701910413,0.9872974561824175,0.973945223455355,0.9598644839395513,0.9828378474167998,0.986909148919512,0.9887961719884075,0.994599905132248,0.9929839831434181,0.9605896078404245,0.9852226468845195,0.9945868702742503,0.9829320385062571,0.9849494300259427,0.9887364463051075,0.9732951432575194,0.9777481158906319,0.9514498582101081,0.9801048216195185,0.9878431082499511,0.9910247708547233,0.9769468559942811,0.9702997546592993,0.9676272991856897,0.9749617390389859,0.993077857947927,0.9706994018468778,0.9819734300455859,0.9810024963250266,0.9861079478375666,0.9919824165488962,0.9831586759288162,0.9584881080921522,0.9807638189393227,0.9937715454764647,0.9896667446530905,0.8960199748107858,0.9862022378089322,0.9324522574094503,0.9935552112126956,0.9913193711062275,0.9902042612230627,0.9883168345995955,0.9875316844205252,0.9858759766846111,0.9959727273930074
Barack_Obama,0.9887663849207684,0.970408234208961,0.9775760642619836,0.9890584222363487,1.0,0.9651749877975648,0.9703491672145079,0.9692531506321667,0.9795377568130587,0.9843669074971585,0.989103662628189,0.9781295164094257,0.9764482236418526,0.9538876025750269,0.9669688491808189,0.9677801376145178,0.9955413022488098,0.9834476284465551,0.9669642315669204,0.9528005022720772,0.9798161238383758,0.980538720266275,0.9818396498745185,0.9915217751490302,0.9914044910052892,0.9531947839963767,0.9830052792796563,0.9906421154125771,0.9744013986920468,0.9857515299543766,0.9833520522746624,0.9801440140740217,0.9706299016596701,0.9456307649506719,0.9742357772143619,0.991718660631025,0.9855108681696573,0.9724044357378795,0.9735160543725534,0.9730877551878173,0.9735349726322564,0.9861155876087483,0.9855288630661803,0.9806542951892464,0.9752013813263639,0.9902554440698526,0.9942584420301488,0.9757525928123078,0.9479868751408355,0.9823529553983247,0.9873090063118481,0.9826515460148851,0.8789971284770374,0.975556536676195,0.9207812520848305,0.9841712860236262,0.9770716886185574,0.9810468872105215,0.9836878874449796,0.9808823125533084,0.9797626810456348,0.9891598030580646
Bible,0.9759119991404096,0.9870546424912549,0.9908956763731976,0.9696054939644174,0.9651749877975648,1.0,0.9597581599400005,0.9841587831615665,0.9775234504675596,0.9879420815301294,0.9685511703517287,0.9698770115464138,0.9788104184218345,0.9758546321525915,0.985931091447424,0.9581244471474778,0.9603095608757627,0.981467720549739,0.9728603706076449,0.9850561743223151,0.9703419372694149,0.9871477232121582,0.9670689575197108,0.9734297535463168,0.9701120892287605,0.9635064426927035,0.9829009801371084,0.9789477902552037,0.9827290332078683,0.9754326410661377,0.9836872623923406,0.9563642651132117,0.9896097739027147,0.95165292292271,0.9683644847124421,0.9684186868958702,0.9668233325393378,0.9642998996704311,0.9716599288959646,0.9678949941281748,0.9738003486746881,0.9812050237508884,0.9547632994107209,0.9856074092094997,0.9779918072879269,0.9639748522780692,0.969998318563953,0.9846347731159443,0.9518562772555682,0.961472303164116,0.9602190994207211,0.986063004156796,0.9245437282893786,0.9745594668116038,0.9702439458933876,0.9788803390106766,0.972361683500121,0.9808069511590909,0.9828484506330416,0.9788308887010074,0.9639789793867204,0.9737647662019522
Buddha,0.9878322245909388,0.9654297171113012,0.9616608776135983,0.9648724152222,0.9703491672145079,0.9597581599400005,1.0,0.9849139391697387,0.9549027727276872,0.9761699916646424,0.9629087040485567,0.9778878827578946,0.9638236607466651,0.9610613518346561,0.9646256757464818,0.9636207328194819,0.9679761250545408,0.9670462430472231,0.9654982193738756,0.9698327950499601,0.9628207400211553,0.9743621980031139,0.9683366909168354,0.9632169410991712,0.962933650944654,0.9571186536072812,0.9850664189266327,0.9678695898416222,0.9697328462760529,0.9902335777367883,0.9736426055553383,0.991220691793768,0.9777642615594851,0.9444063097245097,0.971294613508592,0.9836049352137125,0.9549409599783082,0.9694295774371013,0.9943940919650404,0.9880944711641666,0.9458096783422897,0.9696885431353739,0.9724120105591223,0.9696576915177861,0.9715186091598574,0.9857731148205918,0.9693540404063766,0.9679981024015989,0.9581528493328613,0.950893286741651,0.9632992380593594,0.9639410940718846,0.8979665269104463,0.9541734263920248,0.9196341914400831,0.9592249717520864,0.960581788463839,0.9537431297855941,0.9575182606374931,0.9694373161245528,0.9724705099963171,0.9622293002035025
Buddhism,0.987258264558987,0.9893636884258153,0.9849285778026904,0.9739379575861862,0.9692531506321667,0.9841587831615665,0.9849139391697387,1.0,0.9794998482016197,0.9905473319560751,0.9726467117684516,0.9873101710932075,0.9802366738424724,0.9856906058728813,0.9892924789525881,0.9787498450348341,0.9655601814745395,0.9853618875629594,0.9834464241436074,0.9918345396122741,0.9835887620019211,0.9903700092795251,0.9783474707159489,0.9759698420082523,0.9730508893688236,0.9767419593523858,0.9939470652065249,0.9808059033269754,0.9908719473058195,0.9882587210820414,0.9881309795950453,0.9774788509674341,0.9905340403705803,0.9664941882930806,0.985573662189247,0.9812045924696451,0.9703677840224403,0.9792231154240507,0.9888637987932837,0.9841003872324916,0.9639842948383537,0.9840550923414881,0.967939766727895,0.9853214080154149,0.9855212585044065,0.9795148236590858,0.9739250412761216,0.9929527020522124,0.9754149185511319,0.9566032376486934,0.9663866469283604,0.982788409498126,0.9263874169994255,0.9778409461883867,0.9626034160049081,0.9752481018327107,0.9771455095401086,0.977256826023195,0.9783840344626096,0.9865053135536829,0.983232681436862,0.975652014635154
China,0.981465209143489,0.9898312628329254,0.9896349021042923,0.986814331607536,0.9795377568130587,0.9775234504675596,0.9549027727276872,0.9794998482016197,1.0,0.9908650539177516,0.9842679975400384,0.9852225216242361,0.986541084957488,0.9742968772996258,0.9884112274451168,0.9848692429835902,0.9800731016548577,0.9963618928940797,0.9848491004673842,0.9756491149931715,0.9940799936416238,0.9898959607913735,0.9852521890895151,0.9950153114730893,0.9922716367239778,0.9753115886646494,0.984442010648122,0.9939042546573094,0.9936347234884016,0.9785137627004694,0.9878962628916067,0.9657003308921668,0.9744742768943716,0.9681242637970284,0.9856405112601606,0.9822408868550668,0.9857452574687284,0.9843637288169608,0.9645933178923319,0.9637898732723814,0.9756722184398378,0.9947980701891612,0.9693113295619785,0.989170801528815,0.9877708919548116,0.9777887135014905,0.9860389482164388,0.9931699104824302,0.9685814560346022,0.9756850600271754,0.9840014313804685,0.9945714612730325,0.920410297696568,0.9940661380815297,0.9605413930851885,0.9921819129558651,0.989234121789983,0.9945840626452872,0.9931504667160949,0.990752272208965,0.9884041429301393,0.9913018887312951
Christianity,0.9938153390018896,0.9881733109907057,0.9916090891031678,0.9918845498993208,0.9843669074971585,0.9879420815301294,0.9761699916646424,0.9905473319560751,0.9908650539177516,1.0,0.9923031043203429,0.9844652523014563,0.986776045158215,0.9748040290813782,0.9877345605730019,0.9808766730831772,0.9861100671476248,0.9923101539558099,0.9819127578293102,0.9824094931591585,0.9856619680246224,0.99324148310002,0.9868719438945701,0.9926078568893604,0.9904672914554664,0.9699242803116046,0.9946069183286197,0.9942516831333925,0.992347473854401,0.9901644298138874,0.9927140526409809,0.980268873915589,0.9910858274466317,0.957422973529738,0.9844411841147076,0.9894497763459403,0.9878897574171446,0.9804671375237738,0.9843405641744027,0.9802697457806636,0.9795296191773856,0.9952637459547263,0.9750386878641829,0.9912324198225633,0.9926359223618809,0.9881757598111759,0.9909455231068791,0.994276196642162,0.9677992683345794,0.9812870531469066,0.9867133943245495,0.9939162238052882,0.9154938219147319,0.9881714291928678,0.9592716044480671,0.9945253783363164,0.990541122080583,0.9928884283557184,0.991851919224631,0.9910174200415981,0.9875584294221178,0.9922675953430529
Christmas,0.9880368857311821,0.9721241799800842,0.9810469785346205,0.9967121428166563,0.989103662628189,0.9685511703517287,0.9629087040485567,0.9726467117684516,0.9842679975400384,0.9923031043203429,1.0,0.975364244820273,0.9795762168673847,0.9571750646394042,0.9731733458980057,0.9761822779886135,0.9918803982513612,0.9849659636697582,0.9703263480454895,0.9589140416489957,0.9799006292047985,0.9832520395842403,0.9872190715306438,0.9935896432403053,0.9929892517081779,0.9548411539030514,0.9849070480605672,0.9927236936355902,0.9808913283637865,0.9828435668696353,0.9877254494715467,0.9735490600758502,0.9771891523787769,0.9456602333033479,0.9777525780949512,0.9872761795019911,0.991590200524692,0.9732729414543545,0.9713963098427822,0.9698688356551742,0.9767530299276236,0.9904171962408013,0.9754820342047569,0.9818284262108004,0.9800562296679839,0.986078869233693,0.9931998170430262,0.9830402832105237,0.959025802176804,0.9818616543682066,0.9935310718642867,0.987713930526615,0.8891202847445888,0.9844718280078153,0.9338083860835402,0.9922225346951047,0.9872700762905955,0.9879214249063911,0.9888220122255854,0.985617209383121,0.983325653238521,0.995195168608812
Dog,0.9868380856713077,0.9881670260426184,0.9800570951488554,0.9779265819613336,0.9781295164094257,0.9698770115464138,0.9778878827578946,0.9873101710932075,0.9852225216242361,0.9844652523014563,0.975364244820273,1.0,0.9876412637837388,0.9837392530027834,0.9855959368176787,0.989346894964352,0.976013129066251,0.99168458921973,0.9945400316412106,0.9805075962150943,0.9926807179671979,0.9905351497055885,0.9913601869301766,0.9838633890322345,0.9843843119637339,0.9889831406240774,0.9908493430257609,0.9870039632555047,0.9912417352973175,0.9921551531070341,0.9911785101314519,0.9799930850887046,0.9802492989964985,0.9829867309609023,0.99734345119582,0.9892537672712577,0.976575480478605,0.9956144288881967,0.9832848572055991,0.9852926184935209,0.9661479514543208,0.9866368676980717,0.9798440074309986,0.9857723706422636,0.9821140689592589,0.9835429237697602,0.9781335633106233,0.9885982869559145,0.9853940784929017,0.9551829465322204,0.9780189177394782,0.9842719539888167,0.9293429906844848,0.9859776883827194,0.9409830690493592,0.9749703061700152,0.9818213651337041,0.9743004355478154,0.9824561608335689,0.9938568666798382,0.9930005960859962,0.98110472755393
Earth,0.9803386728817316,0.9864725899016341,0.9861475571085927,0.9846089610770012,0.9764482236418526,0.9788104184218345,0.9638236607466651,0.9802366738424724,0.986541084957488,0.986776045158215,0.9795762168673847,0.9876412637837388,1.0,0.9762940273305123,0.9835299185989977,0.9805089448922641,0.9758748192299711,0.9928779758431235,0.9844701744571536,0.9745194829273103,0.9852842008016326,0.9923129598912723,0.9882632789259799,0.9858284403400749,0.9864475045186841,0.9817008446980701,0.9838923563260903,0.9903306313946363,0.990135257274458,0.984601513134579,0.9940703156939383,0.965966700475909,0.9825834627018013,0.9793228767270296,0.9906470733115971,0.9787797587539938,0.9813556605219858,0.9899998347667008,0.9706690743362214,0.9729878069266552,0.9798039479715235,0.9888301428167332,0.9693998142857214,0.9888340720149835,0.9774695545310926,0.9746800578391702,0.9785925647489253,0.9854947918407552,0.9758167652291659,0.9625811658707878,0.9811466894179536,0.9917377797905234,0.9261860839459626,0.993024584988041,0.9486769651600875,0.9837585015132481,0.9931052131985512,0.9820738109224125,0.9900331240634472,0.9932938492634606,0.9824399414459175,0.9879794410383798
English_Language,0.9673599040598063,0.9919830044531308,0.9861701299804309,0.9621291598906483,0.9538876025750269,0.9758546321525915,0.9610613518346561,0.9856906058728813,0.9742968772996258,0.9748040290813782,0.9571750646394042,0.9837392530027834,0.9762940273305123,1.0,0.9933347692513644,0.9695439859315006,0.9443171277441375,0.9829555864943745,0.9867505900595746,0.9895662112458365,0.9839557939159672,0.9895147073669079,0.9754884401650648,0.9672457732209846,0.9645446040457073,0.9858202691439262,0.9833559349630109,0.9751219120456248,0.9892976433047941,0.9760122371800078,0.9860413487080562,0.9508660489629212,0.980397641736774,0.9818485684116111,0.9847423603625033,0.96615700966296,0.9558226408438343,0.9770413634438243,0.9675076377846917,0.9685725585835985,0.9540179136394932,0.9773443589994768,0.9503663974929027,0.9790098524367258,0.9661994568966428,0.9575386114243927,0.9580470864506775,0.9852908138530401,0.976259597098372,0.9283046439987217,0.9533028145958408,0.9786533141251099,0.9407331882110366,0.9754256795074691,0.9606882048164667,0.9609047365002364,0.9631236544518637,0.968746429936068,0.9738190302808732,0.984174584556578,0.9766784384256778,0.9676992831437623
Europe,0.9775017353747143,0.9963643220846135,0.9950466281836681,0.9758323900936523,0.9669688491808189,0.985931091447424,0.9646256757464818,0.9892924789525881,0.9884112274451168,0.9877345605730019,0.9731733458980057,0.9855959368176787,0.9835299185989977,0.9933347692513644,1.0,0.9774123691849997,0.9614661760278667,0.9927522499155735,0.9885538725555898,0.991251820592695,0.9905544251219044,0.9944253146893591,0.9797494042913565,0.9830904114152126,0.9797920723665918,0.9840730299140021,0.9889564263339325,0.9873904876173518,0.9963277284028523,0.9807458056443943,0.9915359973485831,0.9612162747927926,0.9853942245129507,0.9791815016002384,0.986570520283845,0.974964328470537,0.9712939436950705,0.9817309693101648,0.9719066640853438,0.9714308026660033,0.9713586925722465,0.989354073021532,0.9626770318923739,0.9911268314394805,0.9791850912227704,0.9693555785850538,0.9744579642404134,0.9927874278245857,0.9768504140905233,0.9548439636376745,0.9707963105115794,0.9912976587825393,0.9427397936560649,0.9881881055192344,0.9760702273900986,0.9797239114389336,0.9776388411914992,0.9856014451822401,0.9886506406384524,0.989830586214123,0.9813573438782096,0.9827651153311809
Eye,0.9770224860486264,0.9761520274221284,0.9685195713106214,0.9758621395603393,0.9677801376145178,0.9581244471474778,0.9636207328194819,0.9787498450348341,0.9848692429835902,0.9808766730831772,0.9761822779886135,0.989346894964352,0.9805089448922641,0.9695439859315006,0.9774123691849997,1.0,0.9711248123041598,0.9839617337965457,0.9835660583640555,0.9706212127195751,0.9893527178446592,0.9794176994462422,0.98664246728053,0.9795699240425197,0.9797582922188067,0.9759825509794836,0.9792768422472108,0.978772741008358,0.9862481967492405,0.9785101244925838,0.9839850906854222,0.9679932156177123,0.9646310380058545,0.9692392633093708,0.9899980495129407,0.9770653496687103,0.9750338909764528,0.9922512414983711,0.9701546651521336,0.9676247844821638,0.9532481680852968,0.9791194696703145,0.9672429620440179,0.9754609855853426,0.9806910932054502,0.9749946652549709,0.9716674830713679,0.98744807032472,0.9801614005470998,0.9537820949211023,0.9770708195118171,0.9807577877153874,0.9137243585779982,0.9850634261346287,0.9354363201765812,0.9745469155316216,0.9813370182807097,0.9717955688064155,0.976070358834814,0.9876726921837546,0.990142349601911,0.9779924102582053
George_W._Bush,0.990386863813851,0.9663656700273339,0.9720983028035797,0.9913018701910413,0.9955413022488098,0.9603095608757627,0.9679761250545408,0.9655601814745395,0.9800731016548577,0.9861100671476248,0.9918803982513612,0.976013129066251,0.9758748192299711,0.9443171277441375,0.9614661760278667,0.9711248123041598,1.0,0.9812293408895519,0.9650258594784976,0.9487786933983522,0.9756786322162508,0.9770528537313758,0.9819641780194466,0.9919493781891077,0.9930653478849297,0.9489935920515048,0.9812307993403045,0.9897178286469832,0.9727334141072158,0.9846921459179677,0.9794833448975948,0.9835177858117803,0.9687038870999276,0.938311307018825,0.9729094949936367,0.9921412850496416,0.9872593791294202,0.9741295383927582,0.9729824672095435,0.9718292464637036,0.9738347776779146,0.9860815840722087,0.9844028414200278,0.9780761359490836,0.9798281713443125,0.9923513291384467,0.995747310761253,0.9737482610623748,0.9460881988443652,0.9869042647943664,0.9924438127220511,0.9814295974155147,0.8751998816177486,0.9760268064801174,0.9178044857810386,0.9882935864459252,0.9827922293347312,0.9821382492687961,0.9827829517603702,0.9793887811227787,0.9819383458926053,0.9887236288819926
Ghana,0.9864750610588059,0.9941596559276886,0.9940824161272453,0.9872974561824175,0.9834476284465551,0.981467720549739,0.9670462430472231,0.9853618875629594,0.9963618928940797,0.9923101539558099,0.9849659636697582,0.99168458921973,0.9928779758431235,0.9829555864943745,0.9927522499155735,0.9839617337965457,0.9812293408895519,1.0,0.9905473938920826,0.9831197055997668,0.9944815616790861,0.9965423224393926,0.9899736221400277,0.9947991666086952,0.9944733766556478,0.9838441636707125,0.9917032249523275,0.9967890308377676,0.9973396916734394,0.9875563255148349,0.9945794258396801,0.9741529539981023,0.9844827360512738,0.9784089560368711,0.9920849280474002,0.9878109807642574,0.9835241395948299,0.9897595262272726,0.9754411436916448,0.9782296747306113,0.9828684969227556,0.9971970353146743,0.9792104241501515,0.9961463444141277,0.9861278005793476,0.9831205158647572,0.9884400410884161,0.9927359655028893,0.9792055713644919,0.9705159529843742,0.9859662875076644,0.9967965700764452,0.9292899384749596,0.9949135818358088,0.9613679350721729,0.9896097148532402,0.9894839904293943,0.9920458026927839,0.9960086770567231,0.9945713103387264,0.9904917611411762,0.9927165125897748
Gold,0.980299242383847,0.9886715455421999,0.9829268520616166,0.973945223455355,0.9669642315669204,0.9728603706076449,0.9654982193738756,0.9834464241436074,0.9848491004673842,0.9819127578293102,0.9703263480454895,0.9945400316412106,0.9844701744571536,0.9867505900595746,0.9885538725555898,0.9835660583640555,0.9650258594784976,0.9905473938920826,1.0,0.9851877480103407,0.988935379986473,0.9907097005455283,0.9881091188207258,0.979492416236855,0.9800125022318372,0.9942177486781889,0.9875175647850374,0.9839760691027418,0.9908226446922567,0.9855755155792024,0.9875640312822467,0.9693184913787123,0.9809070707024097,0.9836177352321518,0.9940077036610476,0.9817760220158874,0.9698311668233678,0.9907552118488526,0.9760575839439597,0.9792774268405678,0.9638139429532365,0.9856295039352592,0.9678567631186644,0.9842312382729025,0.9813896486649601,0.975130939603035,0.9715016639535314,0.9864714797479132,0.987075254284589,0.9438556515752143,0.9735541230302441,0.9834608296408859,0.9496987256178892,0.9835057381049871,0.9434446748930199,0.9716901762908986,0.9792181548890806,0.9739502711103101,0.9806783249134144,0.9905730737636212,0.9899323760665903,0.9764847460228071
Hinduism,0.9749760835844882,0.9895406440910409,0.9852894078380814,0.9598644839395513,0.9528005022720772,0.9850561743223151,0.9698327950499601,0.9918345396122741,0.9756491149931715,0.9824094931591585,0.9589140416489957,0.9805075962150943,0.9745194829273103,0.9895662112458365,0.991251820592695,0.9706212127195751,0.9487786933983522,0.9831197055997668,0.9851877480103407,1.0,0.9762863354821849,0.9892219525199057,0.9699167260293711,0.9669385301165588,0.9662083359193836,0.9792276193105107,0.9873650743752911,0.9733835317205566,0.9898143863140871,0.9782387218931071,0.9820443356798177,0.9639793373977867,0.9877275169342907,0.9678753356485768,0.9792756278466378,0.9697481466164228,0.9532421071050379,0.9750225804252954,0.9795230292936801,0.9784388322574068,0.959737133018626,0.9790859632592781,0.9574309350028648,0.9848949474990428,0.9792698327422691,0.9665618261116607,0.9631103539035897,0.9869798053357383,0.9750557767346119,0.9384859798737089,0.9551377554044855,0.9811692394051953,0.9387581775049342,0.9714957533984332,0.9692403770811259,0.9659688857512186,0.9653922396507729,0.9717222255496472,0.9745662165012158,0.9791228253586766,0.9760997166529128,0.9646514715220886
Human,0.9807237537489409,0.9908553071274651,0.9866906914318481,0.9828378474167998,0.9798161238383758,0.9703419372694149,0.9628207400211553,0.9835887620019211,0.9940799936416238,0.9856619680246224,0.9799006292047985,0.9926807179671979,0.9852842008016326,0.9839557939159672,0.9905544251219044,0.9893527178446592,0.9756786322162508,0.9944815616790861,0.988935379986473,0.9762863354821849,1.0,0.9900318146953929,0.9882348508451522,0.9904044699898373,0.9876055718172496,0.98298436831752,0.9870741555550802,0.9908340028506906,0.9938216902354627,0.982738051567605,0.990665889533884,0.9664554353348652,0.9734055210760307,0.9794778887459756,0.9927761260974012,0.9827950375226173,0.98304112013997,0.9900184664299885,0.968489643614393,0.9689505026729622,0.968165042319072,0.9896260612679456,0.972254573092589,0.9862039015834071,0.9809867439307256,0.9767190165650276,0.9816009632635746,0.9936698973672586,0.9779954143280823,0.9630062483913899,0.9793109637322922,0.9888129306676474,0.9223187189655148,0.9921208353074004,0.9542735202171746,0.9822783606177987,0.9828929261895738,0.9859857362136835,0.9885514284540222,0.9940789328461443,0.9913020992976501,0.987857106779006
India,0.9879825615891764,0.9955599235583523,0.9961007554281796,0.986909148919512,0.980538720266275,0.9871477232121582,0.9743621980031139,0.9903700092795251,0.9898959607913735,0.99324148310002,0.9832520395842403,0.9905351497055885,0.9923129598912723,0.9895147073669079,0.9944253146893591,0.9794176994462422,0.9770528537313758,0.9965423224393926,0.9907097005455283,0.9892219525199057,0.9900318146953929,1.0,0.9898751330686224,0.9894372603970882,0.989342575244626,0.9836704613437228,0.9953271906437985,0.9940120074223521,0.996256951350634,0.9910837952932222,0.9965843830395691,0.9751485822145518,0.9926487236040357,0.9770710086506597,0.9912168426584113,0.9870309199642641,0.9787535707776195,0.9874217820993336,0.9816650085388114,0.983333700446746,0.9808380297517436,0.9954700448362581,0.9756789768202871,0.9953685188809693,0.9845459321841539,0.9824175805765804,0.9852515032710261,0.9923591816706973,0.9775210556093333,0.9628681620073849,0.9817677319980653,0.9956584841079387,0.9318221872618352,0.9892569186607211,0.9612502519252165,0.985695904625396,0.986191132199136,0.9885937550335114,0.9926926249796448,0.9934710385549282,0.9891844394163818,0.9889740861821203
Internet,0.9848088703332913,0.981907936416087,0.9802648646589834,0.9887961719884075,0.9818396498745185,0.9670689575197108,0.9683366909168354,0.9783474707159489,0.9852521890895151,0.9868719438945701,0.9872190715306438,0.9913601869301766,0.9882632789259799,0.9754884401650648,0.9797494042913565,0.98664246728053,0.9819641780194466,0.9899736221400277,0.9881091188207258,0.9699167260293711,0.9882348508451522,0.9898751330686224,1.0,0.9887066556725485,0.9899948284507214,0.9796666015967354,0.9884853418917231,0.990939589903214,0.9865131131542321,0.9896208982638567,0.9931456563773978,0.975316547764068,0.9800507366102241,0.9732627746559663,0.9948394641406464,0.9888218467138153,0.9850862922950335,0.989492391993501,0.9766478349493688,0.9795845171058875,0.9705650852155833,0.9890719063083845,0.9769929083084653,0.9830238897436384,0.9768257367145073,0.9818255186352326,0.9812169645688908,0.9857443131366044,0.9801036975532947,0.9593052814094445,0.9871440080780685,0.9871330352296724,0.9175598035143244,0.9875213574858982,0.9297331778262552,0.9793636570273067,0.9869122906229135,0.9767695391194767,0.9851194495030219,0.9926800632674694,0.9937206641039262,0.9889156981475736
Iran,0.9880208631387604,0.9840442938484729,0.9886098312691171,0.994599905132248,0.9915217751490302,0.9734297535463168,0.9632169410991712,0.9759698420082523,0.9950153114730893,0.9926078568893604,0.9935896432403053,0.9838633890322345,0.9858284403400749,0.9672457732209846,0.9830904114152126,0.9795699240425197,0.9919493781891077,0.9947991666086952,0.979492416236855,0.9669385301165588,0.9904044699898373,0.9894372603970882,0.9887066556725485,1.0,0.9981805925796351,0.9684995982394835,0.9869295686335582,0.9987430551549757,0.9889528744173802,0.9843401368564173,0.9900836199818741,0.9754475636116515,0.9760793476279978,0.9625125768431599,0.9841620724739834,0.9901394289870922,0.9920609562095006,0.9818458008129886,0.9695001879471075,0.9699464264546207,0.9811610828996037,0.996540532492347,0.9795585143271613,0.9893119247978365,0.9845032778677869,0.986995995929844,0.9953684003010576,0.9879275048379907,0.9633435589898872,0.9852840548055471,0.9939578101799872,0.9940672282235669,0.9059878364974409,0.9919973026312967,0.9482755318313064,0.9947322376800634,0.9902672666860314,0.9943080227670851,0.9946315286313913,0.9905311153113723,0.9880312629741256,0.9976664074523429
Iraq,0.9875492246520001,0.9816970499603036,0.98608957705436,0.9929839831434181,0.9914044910052892,0.9701120892287605,0.962933650944654,0.9730508893688236,0.9922716367239778,0.9904672914554664,0.9929892517081779,0.9843843119637339,0.9864475045186841,0.9645446040457073,0.9797920723665918,0.9797582922188067,0.9930653478849297,0.9944733766556478,0.9800125022318372,0.9662083359193836,0.9876055718172496,0.989342575244626,0.9899948284507214,0.9981805925796351,1.0,0.9680425304809496,0.9871567245757785,0.9973421954214523,0.9877184436230472,0.9853096012459744,0.9896143302454048,0.9780664453679889,0.9765725080948895,0.9621297070083747,0.9848143829861293,0.9911202403718723,0.9877526426729563,0.9836868060499707,0.9713492969770308,0.9751305588268604,0.9848008654596392,0.9955513548940916,0.9858054860372261,0.9912452051018609,0.9825924195567278,0.9884293269781358,0.9956241745891146,0.9842013039071474,0.9659885578452255,0.9798486972587537,0.9950072572287482,0.9937072748316427,0.9041484542201408,0.9901734417085377,0.9430628327268435,0.9917657785139653,0.9890857146150708,0.9912120425012731,0.9946240433298337,0.9882592234906625,0.9891668319397245,0.9956000303909609
Iron,0.9654819652273829,0.9851092127776325,0.9759665198473148,0.9605896078404245,0.9531947839963767,0.9635064426927035,0.9571186536072812,0.9767419593523858,0.9753115886646494,0.9699242803116046,0.9548411539030514,0.9889831406240774,0.9817008446980701,0.9858202691439262,0.9840730299140021,0.9759825509794836,0.9489935920515048,0.9838441636707125,0.9942177486781889,0.9792276193105107,0.98298436831752,0.9836704613437228,0.9796666015967354,0.9684995982394835,0.9680425304809496,1.0,0.976927585400232,0.9747329082012155,0.9851927193729428,0.97451190889178,0.9808897645481706,0.956409724112407,0.9700362810821468,0.9916109928392369,0.9902594427606828,0.9673313055657573,0.9586353169708405,0.9875817000085869,0.9629191123978182,0.968613367714712,0.955051094634488,0.9752813549596878,0.9560824195003291,0.9761992393564355,0.9698748970474008,0.9611558175525883,0.9579107934455914,0.9774780342529612,0.9869107007298308,0.9277745640120385,0.9624635604765188,0.9738294709487763,0.9669193578923878,0.9789045833003197,0.9423550628265088,0.9578803310984818,0.9718298932408412,0.9623512155327424,0.9716798284542847,0.9845134436905985,0.9800709856159732,0.9656250114957197
Islam,0.9943532510207693,0.9907409425911126,0.9899285874326493,0.9852226468845195,0.9830052792796563,0.9829009801371084,0.9850664189266327,0.9939470652065249,0.984442010648122,0.9946069183286197,0.9849070480605672,0.9908493430257609,0.9838923563260903,0.9833559349630109,0.9889564263339325,0.9792768422472108,0.9812307993403045,0.9917032249523275,0.9875175647850374,0.9873650743752911,0.9870741555550802,0.9953271906437985,0.9884853418917231,0.9869295686335582,0.9871567245757785,0.976927585400232,1.0,0.9907968529717998,0.9925056788157696,0.9957451333082489,0.9927591406196886,0.9862209706793492,0.9946388640420278,0.9655963753194414,0.9891947588184437,0.992798357579087,0.978874597551993,0.9840744969291176,0.9915601296940172,0.9925083977828802,0.9783628602863125,0.9920321174700746,0.983402087995516,0.9926956973310871,0.9870054301648571,0.989030874967379,0.9877101484800461,0.9913094109592887,0.9771274228468774,0.9661351667116075,0.9816294095641983,0.9886403241378519,0.9198840720619356,0.982826704534519,0.9549759593960847,0.9835530694610432,0.9821550309677122,0.9845169205053785,0.9880606007193647,0.9905107634270548,0.9902521058308267,0.9857919452810501
Italy,0.9898438133566432,0.9883694923107378,0.9927555557447555,0.9945868702742503,0.9906421154125771,0.9789477902552037,0.9678695898416222,0.9808059033269754,0.9939042546573094,0.9942516831333925,0.9927236936355902,0.9870039632555047,0.9903306313946363,0.9751219120456248,0.9873904876173518,0.978772741008358,0.9897178286469832,0.9967890308377676,0.9839760691027418,0.9733835317205566,0.9908340028506906,0.9940120074223521,0.990939589903214,0.9987430551549757,0.9973421954214523,0.9747329082012155,0.9907968529717998,1.0,0.9920644882228391,0.9884014649940523,0.9942046232374441,0.9766026720074364,0.9831932920526923,0.9689016836339056,0.9878210914121172,0.991035732422511,0.9909853967296306,0.9840480890635708,0.9743860990934607,0.97559701051195,0.9838424744398182,0.9979295767109001,0.979686167297813,0.9922886085753171,0.9848166202886599,0.9872163782302281,0.9943730611892434,0.9896269035860422,0.9685377310249563,0.9809150915340255,0.9925856443621299,0.995673369790386,0.9148246736101306,0.9931379253505876,0.9517127033300805,0.9938916345472742,0.9916757470956029,0.9940082384453794,0.9959125711576313,0.9936071733456728,0.9888177866637997,0.9978737532183053
Japan,0.9849260923600122,0.9959358654853375,0.9934947631923385,0.9829320385062571,0.9744013986920468,0.9827290332078683,0.9697328462760529,0.9908719473058195,0.9936347234884016,0.992347473854401,0.9808913283637865,0.9912417352973175,0.990135257274458,0.9892976433047941,0.9963277284028523,0.9862481967492405,0.9727334141072158,0.9973396916734394,0.9908226446922567,0.9898143863140871,0.9938216902354627,0.996256951350634,0.9865131131542321,0.9889528744173802,0.9877184436230472,0.9851927193729428,0.9925056788157696,0.9920644882228391,1.0,0.9865388397077026,0.9943362542123267,0.9711301062295452,0.9864511433884002,0.9783487974091964,0.9920627941003201,0.9832197524218356,0.977716616151756,0.9891057288728321,0.977754207989061,0.9778378486020494,0.9757379608644466,0.9943326831881023,0.9716201927258604,0.9941279053818173,0.9865490398449325,0.9792432151463969,0.9823853063590833,0.9954814050256401,0.9827978102979991,0.9632510562150284,0.9792985449752507,0.9945157303271346,0.9347316816240124,0.9931559241207492,0.9689901701978638,0.9868386625803338,0.986286597120816,0.9898443673956823,0.9922487430908764,0.994085104887164,0.9895099151230937,0.9880020338920779
Jesus,0.9965254082476814,0.9832425042597048,0.9818785964859805,0.9849494300259427,0.9857515299543766,0.9754326410661377,0.9902335777367883,0.9882587210820414,0.9785137627004694,0.9901644298138874,0.9828435668696353,0.9921551531070341,0.984601513134579,0.9760122371800078,0.9807458056443943,0.9785101244925838,0.9846921459179677,0.9875563255148349,0.9855755155792024,0.9782387218931071,0.982738051567605,0.9910837952932222,0.9896208982638567,0.9843401368564173,0.9853096012459744,0.97451190889178,0.9957451333082489,0.9884014649940523,0.9865388397077026,1.0,0.9910713891920682,0.9909388210424762,0.9900178269032816,0.9632501497148555,0.9891586526678615,0.9956760340924208,0.9773292422435609,0.9866610709119398,0.9949387989836136,0.9929926830987427,0.9694263690300785,0.9885841808438135,0.9831751652607509,0.9866888956509233,0.9827051551215074,0.9921772571285145,0.9849865323368702,0.984032742037358,0.9743922575026166,0.9656293813883571,0.9822685078318165,0.9844221173851432,0.9134217244868993,0.9783317194992508,0.9336912744209088,0.9801878563955887,0.9807734147484343,0.975655430173579,0.981701360440425,0.9893449735642248,0.9889854556513945,0.9834709358519935
Judaism,0.9870517644118582,0.9907528549696677,0.9921451202111277,0.9887364463051075,0.9833520522746624,0.9836872623923406,0.9736426055553383,0.9881309795950453,0.9878962628916067,0.9927140526409809,0.9877254494715467,0.9911785101314519,0.9940703156939383,0.9860413487080562,0.9915359973485831,0.9839850906854222,0.9794833448975948,0.9945794258396801,0.9875640312822467,0.9820443356798177,0.990665889533884,0.9965843830395691,0.9931456563773978,0.9900836199818741,0.9896143302454048,0.9808897645481706,0.9927591406196886,0.9942046232374441,0.9943362542123267,0.9910713891920682,1.0,0.9724874281652524,0.9892841113951952,0.9776980836140212,0.9935151159785445,0.9861890935613833,0.9850429291093069,0.9884445210435421,0.9803715619657556,0.9811730590972526,0.9794789466296928,0.9924424948294993,0.9763933339610924,0.9922120551537742,0.979320443071811,0.9809505484250229,0.9844405133391837,0.9923925786077148,0.9787311956664908,0.9659463998291085,0.9840682927984716,0.9945541867326878,0.922844859129996,0.9926757918611057,0.9552459296086433,0.985750448745078,0.9881640403147324,0.9852571571951497,0.9930649290964022,0.9966363479057375,0.9874437692722876,0.992660746073918
Julius_Caesar,0.9927069968156406,0.9658056077580137,0.9628583498863902,0.9732951432575194,0.9801440140740217,0.9563642651132117,0.991220691793768,0.9774788509674341,0.9657003308921668,0.980268873915589,0.9735490600758502,0.9799930850887046,0.965966700475909,0.9508660489629212,0.9612162747927926,0.9679932156177123,0.9835177858117803,0.9741529539981023,0.9693184913787123,0.9639793373977867,0.9664554353348652,0.9751485822145518,0.975316547764068,0.9754475636116515,0.9780664453679889,0.956409724112407,0.9862209706793492,0.9766026720074364,0.9711301062295452,0.9909388210424762,0.9724874281652524,1.0,0.9743419844472313,0.9423166797690895,0.9733124017921224,0.9931357677018495,0.9641406707037203,0.9743353241808732,0.9916884060348847,0.990169199438885,0.9582512528163449,0.9782784124242101,0.9861541602680185,0.9750742942942323,0.9791696466162721,0.9952735431199322,0.9824617206300927,0.9681146826275421,0.9589107156252081,0.9647920075939281,0.979079137819814,0.9698630133931789,0.8945735185805506,0.9603554750692371,0.915401628255939,0.9694612278926565,0.969087186689835,0.9634134138214863,0.9664795608217497,0.9715056605749222,0.9806839232181949,0.969949900456782
Koran,0.9871603853860904,0.986553795422025,0.9888946958755143,0.9777481158906319,0.9706299016596701,0.9896097739027147,0.9777642615594851,0.9905340403705803,0.9744742768943716,0.9910858274466317,0.9771891523787769,0.9802492989964985,0.9825834627018013,0.980397641736774,0.9853942245129507,0.9646310380058545,0.9687038870999276,0.9844827360512738,0.9809070707024097,0.9877275169342907,0.9734055210760307,0.9926487236040357,0.9800507366102241,0.9760793476279978,0.9765725080948895,0.9700362810821468,0.9946388640420278,0.9831932920526923,0.9864511433884002,0.9900178269032816,0.9892841113951952,0.9743419844472313,1.0,0.9579125967561367,0.9807705386917093,0.9818451067435129,0.9696955529197345,0.9730315037029387,0.9879461540357766,0.9882995332703143,0.9781688197323013,0.9857498675315703,0.9699579027637958,0.9895563123873561,0.9790896370844857,0.9771502253713562,0.9765594744830389,0.9847591889213205,0.9703065880299253,0.9558682525752201,0.9696875135243623,0.984924737404627,0.9220852893679123,0.975983705240351,0.9575807931870416,0.9778573370806247,0.97747012830468,0.9778766962135936,0.9835446792359004,0.983556985039307,0.9773376776100028,0.9783494905853108
