,Adolf_Hitler,Africa,Asia,Association_football,Barack_Obama,Bible,Buddha,Buddhism,China,Christianity,Christmas,Dog,Earth,English_Language,Europe,Eye,George_W._Bush,Ghana,Gold,Hinduism,Human,India,Internet,Iran,Iraq,Iron,Islam,Italy,Japan,Jesus,Judaism,Julius_Caesar,Koran,Maize,Milk,Mohandas_Karamchand_Gandhi,Money,Moon,Moses,Muhammad,New_York_City,Niger,Osama_Bin_Laden,Paris,Periodic_table,Pope_Benedict_XVI,Pope_John_Paul_II,Religion,Rice,Roman_Catholic_Church,Rome,Russia,Silver,South_Africa,South_America,Soviet_Union,Sun,United_Kingdom,United_States,Water,Wikipedia,World_War_II
Adolf_Hitler,1.0,0.9721696743343249,0.97064053844479,0.9786135737205683,0.9864213957334599,0.9871113202134497,0.9901447612074096,0.9851697016110241,0.9698885089448497,0.987301911465701,0.9893866176928268,0.9817853044815423,0.9791779896787901,0.9343155098746379,0.9706336981089825,0.9493831245834166,0.990480493699962,0.9696311016050324,0.987330648172833,0.9793803488150725,0.9719723841364922,0.9718350160688921,0.9880548363270473,0.9827799605147145,0.9856508826395814,0.9794662050384444,0.9921137849565809,0.960309361424701,0.9812828174332139,0.9915049279173512,0.9893513235311608,0.9841332852669599,0.9893817663536851,0.9849953304971193,0.9718902510403971,0.9878443842496949,0.9898294082478789,0.982863242164153,0.9699787187481731,0.9829631223221663,0.9693521693031373,0.9746548074853448,0.9789365203450076,0.9634275202310811,0.9830188746772123,0.9910369661698673,0.9912085647255348,0.9529280051262531,0.9869902914178434,0.9772705578018474,0.974586420519404,0.9755325693385856,0.9827293988479192,0.971847019703218,0.9732199398887994,0.9802889158296668,0.9824521099598011,0.9718209197319958,0.9808983344781896,0.9759649980339521,0.9788780131390661,0.9885404237167933
Africa,0.9721696743343249,1.0,0.9940027608330331,0.9797845275075269,0.9473006591238258,0.986601938627579,0.9870391163333592,0.9888646755392182,0.9864015225866932,0.9871652574325974,0.9859640931697781,0.9866452797437327,0.9808222340794562,0.9722877735299719,0.9962218960756073,0.9536867420968035,0.9573579311151854,0.9947376602000749,0.9922258203741248,0.9898663395302445,0.9894883401803984,0.9954878554221231,0.989585524467836,0.9920335931050697,0.986276471173855,0.9868655650682058,0.9874294209659872,0.9870530691317859,0.9929233373543173,0.9783930447240842,0.9816264667428923,0.9596968707016627,0.984718256024317,0.9921298074387327,0.9883539341101082,0.9766142850723506,0.9818519182203924,0.9760061960299907,0.9771446652861904,0.9727048184017144,0.9682321539692886,0.9934374190143458,0.9478397545897077,0.962906782931449,0.9814449014781699,0.9629704662506072,0.9595566370329405,0.983804005431811,0.9744265357155121,0.9845475269036669,0.9773866734951672,0.9944068160952759,0.9870803865828862,0.9948306648560246,0.9957464058960781,0.969943784017337,0.9799270242003906,0.9851471626085093,0.9872016351626898,0.9953061731308798,0.9823485066412685,0.9679006303640126
Asia,0.97064053844479,0.9940027608330331,1.0,0.9786017137257477,0.9453826923120741,0.9891471472509338,0.986248561442375,0.9896971976134095,0.986859141039534,0.9888125394911869,0.986987990094237,0.989876626599582,0.9815428772620034,0.9715798443186112,0.997812398729774,0.9495055817727658,0.9590267111303838,0.993305349034152,0.9922811021794371,0.9930117108737755,0.9941474621608833,0.9916557795200025,0.9843546699442768,0.9895572959718331,0.9806037354482625,0.9873168763039326,0.9884771948776898,0.9908898044328321,0.9923938962532938,0.9800935777358792,0.9817999543364982,0.958560198519388,0.9831026340481869,0.9869330258732827,0.9860650945942033,0.9747049636842247,0.9822289829343945,0.9766689896445757,0.9735239786719011,0.9750765454042999,0.9761585821347426,0.9907892544100331,0.9515878271897584,0.972882778685507,0.9837890895662714,0.9627660991362437,0.9602517175527749,0.9907599278502027,0.9680829337965873,0.9908570981352637,0.9846916495962221,0.99326914447287,0.980289776965173,0.996326346190879,0.9974030678909555,0.9748140964686776,0.9799245027720477,0.9862171724652002,0.9872823846720267,0.9928712587211044,0.9847112125239603,0.9700030166702932
Association_football,0.9786135737205683,0.9797845275075269,0.9786017137257477,1.0,0.9539858162768363,0.9887356847558346,0.9851825536260912,0.9933866930768926,0.9700181176359163,0.9890744641590288,0.9874741795342841,0.9952638034731071,0.9864649700133648,0.9451269720001064,0.9774125018469308,0.9679029070156936,0.9649735606945801,0.9750858694834915,0.9876497956892252,0.9862940906755452,0.9890546560424229,0.981376156918165,0.9784977607290668,0.9757372378517781,0.9710151972899118,0.9888157532431621,0.9880132858565505,0.9678035515325835,0.9888037801797883,0.9849989591603422,0.9865380190530796,0.9650931458019906,0.9840557298616437,0.979432470035095,0.9735747531145902,0.9871395411498088,0.9901048809738606,0.9911922692473027,0.9801119143845592,0.9801588623527966,0.967658425332419,0.9753946248247288,0.9587419887573113,0.9666725293533339,0.986886236402768,0.9717483887842481,0.9692795143648992,0.9803133384312678,0.9665975574642642,0.9800459101577877,0.9769306627598895,0.97558104817003,0.978524059975548,0.9800787460892703,0.9787810460039306,0.9724741963537544,0.9905290183572555,0.9697013410432069,0.9799415176358889,0.9836874223174353,0.9890994577064298,0.9877413849297801
Barack_Obama,0.9864213957334599,0.9473006591238258,0.9453826923120741,0.9539858162768363,1.0,0.9709230696697474,0.9674101766417122,0.9608342895248839,0.9459052406598586,0.9702571491603587,0.9737321550418727,0.9582767694395341,0.9660806612895559,0.8852185728568692,0.9499221681137608,0.9431188861315188,0.9954872731908191,0.9485814823745926,0.9667504450339692,0.9517181311727451,0.9398438390590769,0.955146365654482,0.9697349433638643,0.9697125971426431,0.9769206567335188,0.9578397519192213,0.9728775011696975,0.9383300433703714,0.9665684629937952,0.9699570793218136,0.9800888378845566,0.9647638198605428,0.9714730966438229,0.9718124129957134,0.9430993025774875,0.9580493980737455,0.9752917855635549,0.9700898073226021,0.9424247038872836,0.9519716224882859,0.9633425790661139,0.9643011227524633,0.9861967312581487,0.9598174355729608,0.9687939601143921,0.9894810559125266,0.9897118104247554,0.9153278753168269,0.9843044946218353,0.9514921403088841,0.9650695257109888,0.9638801564264741,0.9576522204656304,0.9517029007163275,0.9479700174129684,0.982421554653463,0.9698857786095131,0.9583314685366449,0.9709425779425245,0.9510917239375978,0.9545218392015162,0.9815217432001636
Bible,0.9871113202134497,0.986601938627579,0.9891471472509338,0.9887356847558346,0.9709230696697474,1.0,0.9930321231821645,0.9962330389278398,0.9840203244355386,0.9987253928604898,0.9953568456236085,0.9943930867517395,0.9921333785764671,0.9515037327154555,0.9900511608789486,0.9679574668713449,0.980921435577351,0.9838077765489368,0.9922475543620638,0.9935079067482472,0.9878654349162299,0.9907292478581118,0.9913464137382,0.9921681560974829,0.9870645837512791,0.9886481383213075,0.9970775118366664,0.9798868163133636,0.9944031869464686,0.9896340498123128,0.9972652162337067,0.9678089599062302,0.9935702112689596,0.9933718947008027,0.981624949360487,0.9815328148704648,0.9960869752667193,0.9922962776705483,0.9750888944534003,0.9789153977496378,0.9854548073560128,0.9902535944428894,0.9726870597188824,0.9808112369030025,0.9927153586481342,0.9808714686723073,0.9780619384154117,0.9782057872376202,0.9842842696669737,0.9923126461827184,0.9905289682943466,0.990256741519245,0.9826915817921118,0.990952140057671,0.9877395057391324,0.9890808288676245,0.9933252431887979,0.985040578549509,0.9944392306183807,0.988138468411916,0.9931625669208137,0.9868741480681136
Buddha,0.9901447612074096,0.9870391163333592,0.986248561442375,0.9851825536260912,0.9674101766417122,0.9930321231821645,1.0,0.9949308475193398,0.9906834372067597,0.9919749765533513,0.9960792494493521,0.9874634573890672,0.9821673782933508,0.965111132124103,0.9845831906411319,0.9490433082844087,0.9794229789472761,0.9848231159515158,0.9925149770708654,0.993969527702952,0.9854017419737264,0.9838549613423611,0.9951350245813182,0.9889943198300695,0.9880334414746382,0.9876368627922358,0.9961542936551651,0.9833833919739338,0.9870114602793432,0.9961712201049444,0.9873672347005318,0.983292726056337,0.9976388177802374,0.9895558719255777,0.9914189146435672,0.9904609783848652,0.989735320437646,0.9815975689659331,0.988327184811096,0.9920892949028849,0.9796986286034414,0.9849084555575998,0.9712916749782358,0.9721828736317959,0.9811720771660367,0.9857068443490505,0.984033320913478,0.9745016647744127,0.9797937519085013,0.9909244074722228,0.9858452078304252,0.9852464482299238,0.9919997261870674,0.9887990693805067,0.9882782152977828,0.9758659155525515,0.9832432157438646,0.9846995894328849,0.9881754934955062,0.9882602796051047,0.9932455714226098,0.9801543930651841
Buddhism,0.9851697016110241,0.9888646755392182,0.9896971976134095,0.9933866930768926,0.9608342895248839,0.9962330389278398,0.9949308475193398,1.0,0.9856219184610248,0.9963705331965248,0.9951839595462055,0.9957899763212911,0.9882717306091321,0.9651095987929393,0.9882059067230208,0.9593935950616747,0.9710621846420261,0.9857894609468291,0.9935748270666663,0.9967972731604108,0.9931683361611077,0.988874001658048,0.9917474743069487,0.9874463669990595,0.9810197760609705,0.9898332584482911,0.9970058797620487,0.9828851982903812,0.9929122844950508,0.9906172121000596,0.9921639244461582,0.9692612720715426,0.9936258739190568,0.9904001386544775,0.987971532908209,0.9889208250820113,0.9934257000186146,0.9880514539064738,0.9806761104935121,0.9862459016584111,0.9786746756228194,0.9858701097617798,0.965020915670265,0.9742265006981432,0.9907954301158607,0.9763052272032485,0.9742932218821104,0.985358167939806,0.978582195340201,0.9950030145323662,0.9855470982251928,0.9872826759045868,0.9861758672192924,0.9903429220808382,0.9900553688726471,0.9797402812790511,0.9901397723794405,0.9841816661952135,0.9883834330903603,0.9918613867160324,0.9931711814849741,0.9828771152806277
China,0.9698885089448497,0.9864015225866932,0.986859141039534,0.9700181176359163,0.9459052406598586,0.9840203244355386,0.9906834372067597,0.9856219184610248,1.0,0.9815692980585681,0.9872000499761249,0.9744657372507545,0.967266825792656,0.9783402579057567,0.9843786123466066,0.9280626358417777,0.9626543022919777,0.9899687185434701,0.980805920481936,0.9874362700211942,0.9778828824368773,0.9832934668609203,0.9896903780854281,0.986583260875255,0.9824778607794824,0.9761646359402301,0.9846373205356008,0.9947875448359602,0.9788792807440687,0.9798698787756206,0.9754039177381203,0.9670729341589503,0.9886023697968641,0.9841329996963312,0.9908528751979643,0.9731665648999508,0.9730560662166485,0.9628428653984978,0.9784044501057231,0.9780343907954486,0.9850124696292626,0.9854950010553513,0.9629632647581378,0.9780230550106981,0.966486666722609,0.9690756540315631,0.9656582982215236,0.973827526290439,0.9683340958903233,0.9861990661047755,0.9866258822233012,0.9852504815743509,0.9856562841335536,0.9934406431610461,0.9908090875191029,0.9687380289451195,0.9667766201643736,0.993593339196739,0.9871699667688159,0.9837559636573178,0.9877707235295562,0.9573912577552047
Christianity,0.987301911465701,0.9871652574325974,0.9888125394911869,0.9890744641590288,0.9702571491603587,0.9987253928604898,0.9919749765533513,0.9963705331965248,0.9815692980585681,1.0,0.9951220003997361,0.9949748414157769,0.9934144486019445,0.9511175943764704,0.9899401771755584,0.9714321379573645,0.9790556946526083,0.9830552888319755,0.9920779618517098,0.9936033856522376,0.9889801001051861,0.991802734034297,0.9915742707534898,0.9918287781487213,0.9868558435779826,0.9888946429815902,0.9973167544004459,0.9774956935068536,0.995033654038458,0.9893831141274539,0.9970281298489791,0.9645445140964592,0.9928292115298808,0.9940062064424089,0.9813112757993891,0.981427664070514,0.9971497871397456,0.9930775455538133,0.9729862452954571,0.9768310485687564,0.981799264845342,0.9899806926577478,0.9687872940235737,0.9765745347106436,0.9946842599758243,0.9777587993479069,0.9753403642283877,0.97923792406719,0.984844003672651,0.9923115077435528,0.9879893445906957,0.9905734622346489,0.979680504258986,0.9897346406519562,0.9877338733122902,0.9879883636413886,0.9946605362912041,0.9827099246609787,0.9933580052791069,0.9895213904339384,0.9915711956117409,0.9857620041987011
Christmas,0.9893866176928268,0.9859640931697781,0.986987990094237,0.9874741795342841,0.9737321550418727,0.9953568456236085,0.9960792494493521,0.9951839595462055,0.9872000499761249,0.9951220003997361,1.0,0.9914243339013724,0.9868946023697053,0.9554542940587005,0.9865200334975784,0.9596474637812051,0.9826316393863399,0.9824531123772048,0.9922341484333773,0.9934046397841031,0.9840916834481964,0.9863645827867509,0.99401930573754,0.9887316895329877,0.9861347463969317,0.9886562842260731,0.9973057042016716,0.981727828465014,0.9906371598624889,0.9934313887067651,0.9928987718439282,0.9733405886491928,0.9966049747868796,0.9905721625664705,0.9878673212541909,0.9860876414985886,0.9948302476620028,0.987798395284711,0.9825783611989302,0.9838188799404782,0.983102093659854,0.9866441248296401,0.9742390981006703,0.9765888130475642,0.9881398445404013,0.986227458361518,0.9838901875611237,0.9742357871540637,0.9855994572698729,0.9911694296281579,0.9893389284195733,0.9885160790834043,0.9851022843470597,0.989058616604805,0.9866618706265449,0.9831872564985674,0.9899159945460768,0.9844377734772514,0.9899787593674658,0.9863646703347945,0.9901278050620969,0.9844813430487221
Dog,0.9817853044815423,0.9866452797437327,0.989876626599582,0.9952638034731071,0.9582767694395341,0.9943930867517395,0.9874634573890672,0.9957899763212911,0.9744657372507545,0.9949748414157769,0.9914243339013724,1.0,0.9911811313153439,0.9518127168856165,0.9892106541971153,0.968866560513438,0.9682744136767097,0.9811821703402339,0.9934171302464446,0.9929950916955702,0.9945644438840271,0.9881176154552612,0.9830707495203055,0.9845957180948082,0.9768066999998452,0.990662926653604,0.9935471768018131,0.9748334114549646,0.9952017231490754,0.9859414667178181,0.9918297577544288,0.9622285737349144,0.9855897785220036,0.9857589397750953,0.9790248948109315,0.9854336847825982,0.9941521766675289,0.9929730520750542,0.974975596343393,0.9786992686965071,0.9714533232155215,0.983472447588118,0.9577752849054164,0.9694848767673216,0.9942207974869718,0.9712355592940717,0.9694160218727687,0.9868337637490533,0.973794060374955,0.988638004616205,0.9820109764913644,0.9856353091342175,0.9795295933945775,0.9871339883283163,0.987025638609057,0.9798465732938203,0.9933251992422888,0.9753235590766095,0.9848939265238956,0.9886581012030674,0.9883568156869181,0.9878449401103379
Earth,0.9791779896787901,0.9808222340794562,0.9815428772620034,0.9864649700133648,0.9660806612895559,0.9921333785764671,0.9821673782933508,0.9882717306091321,0.967266825792656,0.9934144486019445,0.9868946023697053,0.9911811313153439,1.0,0.9319081067767977,0.9848600344443834,0.9825508955053305,0.9737590851029523,0.9741684106576374,0.9876676195617344,0.9862056498872735,0.982925694463764,0.989865434887202,0.9820156790424823,0.9830841194432028,0.9789621771565424,0.9893392493592901,0.9898502871659857,0.9644565838928715,0.9919974543957534,0.981624728022215,0.9914305890117865,0.9505482930978405,0.9829771640999742,0.9886420190923976,0.9694263354786794,0.9683878867392743,0.993939291570224,0.9969396459650821,0.9681722579165085,0.9645418379305516,0.9715549512803683,0.9844140401697195,0.9599233596793674,0.9663736254178157,0.9948598166996842,0.9719209090862713,0.968105127950838,0.9691159028012758,0.9828546008749351,0.981312202898313,0.9809649276816848,0.9865519556275971,0.9711475195258629,0.9822381155295109,0.9779797298591362,0.9852807083893619,0.9981720925072811,0.9678293160722032,0.988344146097774,0.9869675001168368,0.982802247550809,0.9857817808340053
English_Language,0.9343155098746379,0.9722877735299719,0.9715798443186112,0.9451269720001064,0.8852185728568692,0.9515037327154555,0.965111132124103,0.9651095987929393,0.9783402579057567,0.9511175943764704,0.9554542940587005,0.9518127168856165,0.9319081067767977,1.0,0.9632192153570083,0.8757999560950044,0.9042562513799584,0.9724856861222138,0.95917057716997,0.9727672984846925,0.9678776950210449,0.9572975773895475,0.9659487955864664,0.9551200912885135,0.9446725554467499,0.9505269649631121,0.9586678227122211,0.9783499807967143,0.9499840131192612,0.9518239899708255,0.93654172632302,0.935938309269994,0.9568719129686873,0.9534998641569885,0.9805108688167852,0.957046813040887,0.9386584970405283,0.9224611288907515,0.954491365112144,0.9631849495144207,0.939022148665049,0.9522955247292086,0.9030024796357035,0.930613612727603,0.9376717280126389,0.9181583990969295,0.9154021076935154,0.9720563807570434,0.9274097211325697,0.9717641078025343,0.9421854673956108,0.9578665303824174,0.9657536483224561,0.9703796565071547,0.9757611498061942,0.9167622187409408,0.930692976604857,0.965281557395663,0.9472109815368616,0.9698678390779945,0.9594164114664394,0.9121900688081869
Europe,0.9706336981089825,0.9962218960756073,0.997812398729774,0.9774125018469308,0.9499221681137608,0.9900511608789486,0.9845831906411319,0.9882059067230208,0.9843786123466066,0.9899401771755584,0.9865200334975784,0.9892106541971153,0.9848600344443834,0.9632192153570083,1.0,0.9586955264607672,0.9611861804920198,0.9927698238298838,0.9918832789102547,0.9908052666340733,0.9906414374290794,0.99569232210248,0.9852199138236585,0.9933573729603843,0.9848589096346728,0.9858177868231396,0.9880108648540654,0.9877521195632325,0.9951735270855311,0.9765104466699609,0.9846961586445965,0.9534610841566717,0.9825472365001905,0.9906971913475486,0.9836208716864128,0.9704539779785758,0.9835133250302446,0.9795481156619381,0.97065969373866,0.9678307969253056,0.9744770705732821,0.9952129120043403,0.9508636824764377,0.9705413492052498,0.9851890914129704,0.9626526839557464,0.9601193977759006,0.9861770822968339,0.9736252324207176,0.9874007183228906,0.9843102603264413,0.9965051099678106,0.9798095409326355,0.9962797050054811,0.99558681202185,0.9782176366444963,0.9824504038503777,0.9852839303304539,0.9898889886256419,0.9925825776600344,0.982040075421746,0.9714005115073279
Eye,0.9493831245834166,0.9536867420968035,0.9495055817727658,0.9679029070156936,0.9431188861315188,0.9679574668713449,0.9490433082844087,0.9593935950616747,0.9280626358417777,0.9714321379573645,0.9596474637812051,0.968866560513438,0.9825508955053305,0.8757999560950044,0.9586955264607672,1.0,0.9493849773265896,0.9392962172855055,0.9571055261063636,0.9507042994662034,0.953729653071978,0.9687621201805704,0.9489802169774836,0.9556875506559221,0.954008644667812,0.9679508307740146,0.9591361795254949,0.9209851849029083,0.9705835859028357,0.9524212639680726,0.9721367954957093,0.9138006793545945,0.9555539895899767,0.9654337473904547,0.9274790938234801,0.935090958389502,0.9772677267797746,0.9863390529554334,0.9425696806786071,0.9223955458880992,0.9422746143614843,0.9616395548186537,0.9326149723658748,0.9382620039722188,0.9743978986212025,0.9439730537726952,0.9373921603362145,0.9375765585617063,0.9578857860853353,0.9429586050775243,0.9559205996064547,0.957860793288033,0.9332761946821745,0.9508897480147799,0.9446271702911532,0.96461650432267,0.9840686577561093,0.9312072512185784,0.9665228434280513,0.9559335156969698,0.9571352280184394,0.9686374287287788
George_W._Bush,0.990480493699962,0.9573579311151854,0.9590267111303838,0.9649735606945801,0.9954872731908191,0.980921435577351,0.9794229789472761,0.9710621846420261,0.9626543022919777,0.9790556946526083,0.9826316393863399,0.9682744136767097,0.9737590851029523,0.9042562513799584,0.9611861804920198,0.9493849773265896,1.0,0.9604233933191579,0.9743845118077525,0.9641502270310669,0.9536840868894967,0.9644779844222816,0.9769030039153113,0.9782151127046984,0.9845710129670743,0.9688076436927174,0.9808716815008727,0.9540074615923619,0.9738090752830495,0.9812791293752136,0.9849270908963744,0.976409663454098,0.9817979115283112,0.977197013067376,0.9565823049207023,0.9678383089345819,0.9814044324440768,0.9775573831801436,0.9593224403148024,0.9655177346602832,0.978045718403886,0.9732107128117178,0.9919755319916616,0.9745219634197317,0.9723751128934055,0.9953243562343956,0.9948913250398577,0.9327810722969545,0.9834545282928632,0.9627281850741364,0.9800069196499774,0.9712046774055526,0.969057549622953,0.9657595482076355,0.9612253921486065,0.9876791179772668,0.9761788231547212,0.9695875164340108,0.9821247673730332,0.9611770278790326,0.9720542957705136,0.9859390399862938
Ghana,0.9696311016050324,0.9947376602000749,0.993305349034152,0.9750858694834915,0.9485814823745926,0.9838077765489368,0.9848231159515158,0.9857894609468291,0.9899687185434701,0.9830552888319755,0.9824531123772048,0.9811821703402339,0.9741684106576374,0.9724856861222138,0.9927698238298838,0.9392962172855055,0.9604233933191579,1.0,0.9897891992839258,0.9856447459368329,0.9878956847294493,0.9920849874215164,0.9857116265436835,0.9908100107133273,0.9856375599282751,0.9841014847403556,0.9832860222970222,0.9942901182455854,0.9904137525341702,0.9757059032861245,0.9780824425956617,0.9647435730696305,0.9822935284273495,0.9888961099969216,0.9852915312104673,0.9732184473393173,0.9746163148248275,0.9686876131500668,0.9728800753025296,0.974141126447357,0.9781366055912064,0.9940214891820727,0.9592907367187011,0.9765366366167307,0.9759150912483817,0.9659795167003465,0.9629297201105761,0.982418938136056,0.9691122117252974,0.9831120618963683,0.9832770547768928,0.99382891273188,0.9855952505778955,0.9968453420343709,0.9977895275597674,0.9747898313703308,0.9725751474589568,0.9939776127942629,0.9889320122651887,0.9937346400166491,0.9831511091523528,0.9664220968146695
Gold,0.987330648172833,0.9922258203741248,0.9922811021794371,0.9876497956892252,0.9667504450339692,0.9922475543620638,0.9925149770708654,0.9935748270666663,0.980805920481936,0.9920779618517098,0.9922341484333773,0.9934171302464446,0.9876676195617344,0.95917057716997,0.9918832789102547,0.9571055261063636,0.9743845118077525,0.9897891992839258,1.0,0.9926017507866032,0.9924595460198855,0.9890296019558343,0.9900722321144526,0.9898735744535027,0.9864633631696421,0.9941329144502552,0.9949872855104601,0.9816388628010844,0.9950581774504548,0.9909734426404972,0.9885681418438659,0.9756218322853354,0.9907034519942487,0.9909500300497436,0.9861233201280385,0.9872181483903824,0.9909233502360844,0.98600339702894,0.9816319833053503,0.9861844888854059,0.9722889184016656,0.9892019856005658,0.9642483923021001,0.9681766658481904,0.9893215480245376,0.980116718647343,0.978587963563223,0.9817696360836603,0.9794877208849658,0.989049577360495,0.9815277974338322,0.9916932156334372,0.9887521816286251,0.9903856995223835,0.9919895250913205,0.9792277668982472,0.988238259958504,0.9821847317158922,0.9866937738147646,0.9942901768504326,0.9857067448265491,0.9865174234335576
Hinduism,0.9793803488150725,0.9898663395302445,0.9930117108737755,0.9862940906755452,0.9517181311727451,0.9935079067482472,0.993969527702952,0.9967972731604108,0.9874362700211942,0.9936033856522376,0.9934046397841031,0.9929950916955702,0.9862056498872735,0.9727672984846925,0.9908052666340733,0.9507042994662034,0.9641502270310669,0.9856447459368329,0.9926017507866032,1.0,0.9929887174095208,0.9883234900877457,0.9914074760061989,0.9871042590619932,0.9792721348325308,0.9871058502146811,0.9959586986594322,0.9860588789643306,0.9900136610630352,0.9888530043199909,0.9861422366829555,0.9637571308737933,0.9903674383776482,0.9875038317694865,0.991638662168481,0.9834851283312627,0.9889929864691854,0.9822544908457469,0.9799014343985779,0.9847738525756777,0.9741522921550605,0.9846247996367422,0.9530605383968686,0.9673194945105226,0.98693531749737,0.9690406126055418,0.9671409133223403,0.9878440507619688,0.9738245657629888,0.9972975246567836,0.9824130743636561,0.9884084828068306,0.9834416780252254,0.9918310233476412,0.9907725241621257,0.9724280218492468,0.9857612644609012,0.981133188702601,0.9848562717166652,0.9913460717810058,0.9905010112932815,0.9743305934711017
Human,0.9719723841364922,0.9894883401803984,0.9941474621608833,0.9890546560424229,0.9398438390590769,0.9878654349162299,0.9854017419737264,0.9931683361611077,0.9778828824368773,0.9889801001051861,0.9840916834481964,0.9945644438840271,0.982925694463764,0.9678776950210449,0.9906414374290794,0.953729653071978,0.9536840868894967,0.9878956847294493,0.9924595460198855,0.9929887174095208,1.0,0.9867912221900395,0.9795128532577494,0.9817713623512779,0.9729537580582024,0.9896447167938259,0.9878077753349197,0.982403796395071,0.9917755689247475,0.9826654736170635,0.9803582297325264,0.9619452898249161,0.9813549607638351,0.981652225312813,0.9826579525479983,0.9835166390212577,0.9838397784449406,0.9806594713970406,0.975688594619006,0.9816467216607515,0.9676807650271935,0.9827421925115001,0.9465985088713578,0.9661310054499331,0.9854863188967166,0.9599934670201166,0.9586115509241077,0.9945196199389745,0.9601854502889526,0.9900858916297014,0.9783064952602876,0.9845996715413223,0.9795356833776157,0.9898303633307648,0.9932469851995251,0.969158289817603,0.9824291389534455,0.9774597351132939,0.9806943193821439,0.9930031375062762,0.9875619785812497,0.9753443259094418
India,0.9718350160688921,0.9954878554221231,0.9916557795200025,0.981376156918165,0.955146365654482,0.9907292478581118,0.9838549613423611,0.988874001658048,0.9832934668609203,0.991802734034297,0.9863645827867509,0.9881176154552612,0.989865434887202,0.9572975773895475,0.99569232210248,0.9687621201805704,0.9644779844222816,0.9920849874215164,0.9890296019558343,0.9883234900877457,0.9867912221900395,1.0,0.9882025197025287,0.9938024620195377,0.9876723946851874,0.9870797287936935,0.9879289197057682,0.9833582606783318,0.9957322207356745,0.9756347171935563,0.9884576862120869,0.9506238240862442,0.9837519541408809,0.9954916709231787,0.9804519429664799,0.9677423611952896,0.986242223085895,0.9847972214309031,0.9698704572124142,0.9631565349667687,0.9759705981166826,0.9968301024447115,0.9553216789947719,0.972012284206711,0.9883698721250715,0.9645469079041369,0.9600749520320885,0.979528122690518,0.9805052692913663,0.9833462261444007,0.98388967848524,0.9967581271107017,0.9792787050757579,0.9953053397127973,0.9922388779462571,0.9820239420771703,0.9881749308821722,0.9854291673286766,0.9939700911878175,0.9939565246890373,0.9842809688324139,0.9729341482344178
Internet,0.9880548363270473,0.989585524467836,0.9843546699442768,0.9784977607290668,0.9697349433638643,0.9913464137382,0.9951350245813182,0.9917474743069487,0.9896903780854281,0.9915742707534898,0.99401930573754,0.9830707495203055,0.9820156790424823,0.9659487955864664,0.9852199138236585,0.9489802169774836,0.9769030039153113,0.9857116265436835,0.9900722321144526,0.9914074760061989,0.9795128532577494,0.9882025197025287,1.0,0.9919545060666897,0.9908220944342762,0.9833630566063487,0.9953910937243721,0.9817632662391337,0.9866639115319517,0.9893416570294602,0.9889105961347808,0.9724301006556634,0.9948356053652009,0.9951165289717999,0.9901604883519636,0.9822897877459987,0.9888451936527748,0.9789017886572812,0.9778509134997243,0.9807741948376286,0.9771011747681034,0.9879397729299907,0.9670583213964525,0.9677258915921118,0.9834311099757141,0.9799949883477147,0.977087778043663,0.9678612529946786,0.988818141198723,0.989180646947103,0.9801922824691991,0.9898744898497872,0.9884973721524511,0.9886279729131571,0.9870310601710943,0.9765299955426033,0.9833804415528721,0.9860647803366824,0.9892942735983921,0.9889793955471224,0.9862715260394965,0.9733693984399457
Iran,0.9827799605147145,0.9920335931050697,0.9895572959718331,0.9757372378517781,0.9697125971426431,0.9921681560974829,0.9889943198300695,0.9874463669990595,0.986583260875255,0.9918287781487213,0.9887316895329877,0.9845957180948082,0.9830841194432028,0.9551200912885135,0.9933573729603843,0.9556875506559221,0.9782151127046984,0.9908100107133273,0.9898735744535027,0.9871042590619932,0.9817713623512779,0.9938024620195377,0.9919545060666897,1.0,0.9967245212470953,0.9800080003305544,0.9911396775693899,0.984223230595337,0.9934929044021983,0.9805797350464562,0.9906672632200222,0.9669824510151741,0.9873830544917418,0.9956095215956424,0.9806428885292958,0.9743346174685964,0.9855214844878089,0.9801393908807503,0.9696039679393494,0.9708868549426255,0.9797780471707637,0.9969412943238177,0.9677799763848847,0.9755176676441566,0.9838425276930604,0.9752807496765428,0.9745234084321677,0.9728233702515507,0.9833649611171893,0.9838880597171835,0.9854032258179206,0.9956212980548826,0.983660362443624,0.9935377424200569,0.9909422129323444,0.9854269422946698,0.9818876955165009,0.9897964444526504,0.9948562909657971,0.9879145220834062,0.9843507935698136,0.9774592292989256
Iraq,0.9856508826395814,0.986276471173855,0.9806037354482625,0.9710151972899118,0.9769206567335188,0.9870645837512791,0.9880334414746382,0.9810197760609705,0.9824778607794824,0.9868558435779826,0.9861347463969317,0.9768066999998452,0.9789621771565424,0.9446725554467499,0.9848589096346728,0.954008644667812,0.9845710129670743,0.9856375599282751,0.9864633631696421,0.9792721348325308,0.9729537580582024,0.9876723946851874,0.9908220944342762,0.9967245212470953,1.0,0.9786676352259414,0.9873641996793913,0.9765556121342347,0.9877933920267945,0.9831005227919698,0.9865833692175017,0.9755085540527839,0.9873746754131344,0.9930169913298588,0.9760495765255794,0.9730726831884252,0.9830057321977914,0.9771763074288752,0.9727400672008276,0.9713491648363167,0.9768648662726018,0.9932764976626054,0.9738390796405476,0.9717728577285787,0.9766317521022599,0.9818908412319498,0.9809091868756592,0.9591185844529074,0.983324784658524,0.9750761828594088,0.9815046455331466,0.9904877053723408,0.9827195965960451,0.9872659551793143,0.9844683899536283,0.9823816482515336,0.9784949580326879,0.9851217119785397,0.9924998752141678,0.9827774390279358,0.9816302198760896,0.9779708613660232
Iron,0.9794662050384444,0.9868655650682058,0.9873168763039326,0.9888157532431621,0.9578397519192213,0.9886481383213075,0.9876368627922358,0.9898332584482911,0.9761646359402301,0.9888946429815902,0.9886562842260731,0.990662926653604,0.9893392493592901,0.9505269649631121,0.9858177868231396,0.9679508307740146,0.9688076436927174,0.9841014847403556,0.9941329144502552,0.9871058502146811,0.9896447167938259,0.9870797287936935,0.9833630566063487,0.9800080003305544,0.9786676352259414,1.0,0.9889690045072578,0.9741380123755308,0.9902604012319833,0.9901062374444409,0.9838146133167045,0.9688621926696812,0.9890734906961839,0.9866237581614258,0.9807330241337314,0.979615732598757,0.990104895487055,0.9885935778637026,0.9852510615222647,0.9805458150058897,0.9717054218791437,0.9841597999615553,0.9618174319335033,0.9676169958494596,0.9863561944884397,0.9772581517044044,0.9717353394220504,0.9771788787340461,0.9742404874489438,0.9821372471610599,0.9820838694068873,0.9852621765167028,0.9823743944811073,0.9867514085207366,0.9873086661757821,0.975641880551807,0.9907649941151883,0.9749415091317225,0.9851876982050201,0.9921733290840307,0.9865869729455392,0.9828291020578254
Islam,0.9921137849565809,0.9874294209659872,0.9884771948776898,0.9880132858565505,0.9728775011696975,0.9970775118366664,0.9961542936551651,0.9970058797620487,0.9846373205356008,0.9973167544004459,0.9973057042016716,0.9935471768018131,0.9898502871659857,0.9586678227122211,0.9880108648540654,0.9591361795254949,0.9808716815008727,0.9832860222970222,0.9949872855104601,0.9959586986594322,0.9878077753349197,0.9879289197057682,0.9953910937243721,0.9911396775693899,0.9873641996793913,0.9889690045072578,1.0,0.9794337961902654,0.992196992076318,0.9936628325759109,0.9946707625579795,0.9732014485420879,0.9950948847321469,0.9930237457250661,0.9867566496855243,0.9871338374816668,0.9959423912494011,0.9891956457914997,0.9787195114115658,0.9855199557671847,0.9784758635766814,0.9868760022124478,0.9697546708635353,0.9719036525769561,0.9920606293820501,0.9826616157470529,0.9811306321022488,0.9775485418664066,0.9865782807193231,0.9939853203069388,0.9849104213798946,0.9893477850812161,0.9858086998092354,0.9887450718513572,0.9875575652088873,0.9832399539946773,0.9914230685875811,0.982809507199256,0.9897463908224499,0.9893355213240687,0.9898907293334583,0.9857226453477731
Italy,0.960309361424701,0.9870530691317859,0.9908898044328321,0.9678035515325835,0.9383300433703714,0.9798868163133636,0.9833833919739338,0.9828851982903812,0.9947875448359602,0.9774956935068536,0.981727828465014,0.9748334114549646,0.9644565838928715,0.9783499807967143,0.9877521195632325,0.9209851849029083,0.9540074615923619,0.9942901182455854,0.9816388628010844,0.9860588789643306,0.982403796395071,0.9833582606783318,0.9817632662391337,0.984223230595337,0.9765556121342347,0.9741380123755308,0.9794337961902654,1.0,0.9816098610275847,0.9717178765279454,0.9703578635369144,0.9587445479552782,0.9799786516605052,0.9788448421239416,0.988433108413794,0.9683715743919029,0.9664171415252264,0.957492659036741,0.9707068076414848,0.973143729612281,0.9824129912115203,0.9866259305710374,0.9563464815538043,0.9795005723441282,0.9653967944771622,0.9609600150114397,0.9585934003926267,0.9818792676818585,0.958804661261444,0.9858906939765824,0.9849176927964519,0.9879302301109629,0.9803102046142443,0.9951811798368693,0.9937782656118946,0.9676565660561696,0.9624181175072564,0.9942264209810606,0.9832983307491107,0.9852409668199149,0.9822591352880674,0.9552136674299734
Japan,0.9812828174332139,0.9929233373543173,0.9923938962532938,0.9888037801797883,0.9665684629937952,0.9944031869464686,0.9870114602793432,0.9929122844950508,0.9788792807440687,0.995033654038458,0.9906371598624889,0.9952017231490754,0.9919974543957534,0.9499840131192612,0.9951735270855311,0.9705835859028357,0.9738090752830495,0.9904137525341702,0.9950581774504548,0.9900136610630352,0.9917755689247475,0.9957322207356745,0.9866639115319517,0.9934929044021983,0.9877933920267945,0.9902604012319833,0.992196992076318,0.9816098610275847,1.0,0.982360090874554,0.9933559449666313,0.9623022884880069,0.9863161014618688,0.9934140108407786,0.9791555186553182,0.9788697122266855,0.9920281311600038,0.9906230680579332,0.9723784659321788,0.9729267741709479,0.977314874253753,0.9950272800133794,0.9648770131720286,0.9758067549047269,0.9932277214234961,0.9742810718792762,0.9723355283925819,0.9826907260988438,0.9805597572813115,0.9863956151340549,0.9862105925038236,0.9953686500497894,0.9817169714044499,0.9931155690757817,0.992138715938488,0.9875644116056722,0.99189534300717,0.984693189196116,0.9926342086939836,0.9929539603286656,0.9862062386540401,0.9870084864811772
Jesus,0.9915049279173512,0.9783930447240842,0.9800935777358792,0.9849989591603422,0.9699570793218136,0.9896340498123128,0.9961712201049444,0.9906172121000596,0.9798698787756206,0.9893831141274539,0.9934313887067651,0.9859414667178181,0.981624728022215,0.9518239899708255,0.9765104466699609,0.9524212639680726,0.9812791293752136,0.9757059032861245,0.9909734426404972,0.9888530043199909,0.9826654736170635,0.9756347171935563,0.9893416570294602,0.9805797350464562,0.9831005227919698,0.9901062374444409,0.9936628325759109,0.9717178765279454,0.982360090874554,1.0,0.9842986887809546,0.9864227161773627,0.9952066029148017,0.9832005980922787,0.9838281896364585,0.9900434858347059,0.9907920277488429,0.9833176338336713,0.9886643748591276,0.9929843768599439,0.9737677576074407,0.976631695604749,0.9714847878526736,0.9665364167976316,0.9799106431129075,0.988086636310429,0.9859155421343003,0.9684352256933152,0.9751855285646821,0.9859279690679565,0.9806131038855661,0.977466001918514,0.9845224054323088,0.9803729855142262,0.9807314526085477,0.9720648363975257,0.9844580257076013,0.9739032406114554,0.9820190392751499,0.9828461726332626,0.9903837116225721,0.9840229504097993
Judaism,0.9893513235311608,0.9816264667428923,0.9817999543364982,0.9865380190530796,0.9800888378845566,0.9972652162337067,0.9873672347005318,0.9921639244461582,0.9754039177381203,0.9970281298489791,0.9928987718439282,0.9918297577544288,0.9914305890117865,0.93654172632302,0.9846961586445965,0.9721367954957093,0.9849270908963744,0.9780824425956617,0.9885681418438659,0.9861422366829555,0.9803582297325264,0.9884576862120869,0.9889105961347808,0.9906672632200222,0.9865833692175017,0.9838146133167045,0.9946707625579795,0.9703578635369144,0.9933559449666313,0.9842986887809546,1.0,0.9631786912420232,0.9891610681059985,0.9936499194848133,0.971875375550487,0.9778191444598027,0.9967347191268251,0.9937289506701612,0.9649614598120637,0.9702413702855287,0.9817090560661711,0.9880250309474604,0.9762629711286069,0.9781539999076843,0.9950175458831758,0.9817306319455592,0.9789928862354557,0.96793986496914,0.9898640598460676,0.985002547621829,0.9858505669223456,0.9878394877130172,0.9773575714578874,0.9843823573786615,0.9810795104092467,0.9928141963973014,0.9942405009410437,0.9812908086661485,0.9929555437250625,0.9828156405618544,0.9860088218309159,0.9899241046010137
Julius_Caesar,0.9841332852669599,0.9596968707016627,0.958560198519388,0.9650931458019906,0.9647638198605428,0.9678089599062302,0.983292726056337,0.9692612720715426,0.9670729341589503,0.9645445140964592,0.9733405886491928,0.9622285737349144,0.9505482930978405,0.935938309269994,0.9534610841566717,0.9138006793545945,0.976409663454098,0.9647435730696305,0.9756218322853354,0.9637571308737933,0.9619452898249161,0.9506238240862442,0.9724301006556634,0.9669824510151741,0.9755085540527839,0.9688621926696812,0.9732014485420879,0.9587445479552782,0.9623022884880069,0.9864227161773627,0.9631786912420232,1.0,0.9792163936458207,0.9638232134110609,0.9672218376221223,0.986317656309097,0.9658521815742882,0.9560045674340067,0.9778030966339756,0.9898473266451541,0.9598715187904848,0.9594618027829382,0.9727583180914303,0.9564276162088065,0.9513142495816084,0.9859247048962846,0.9871711287398792,0.9424956312409799,0.954760052760276,0.9603338503905655,0.9637214701026751,0.9564109818103437,0.9826815110352036,0.9621566338670907,0.9660485952986745,0.9548025539914929,0.9544740175384027,0.9657305868362288,0.9643834696778775,0.9623937605676218,0.9743042513651267,0.9724114889606291
Koran,0.9893817663536851,0.984718256024317,0.9831026340481869,0.9840557298616437,0.9714730966438229,0.9935702112689596,0.9976388177802374,0.9936258739190568,0.9886023697968641,0.9928292115298808,0.9966049747868796,0.9855897785220036,0.9829771640999742,0.9568719129686873,0.9825472365001905,0.9555539895899767,0.9817979115283112,0.9822935284273495,0.9907034519942487,0.9903674383776482,0.9813549607638351,0.9837519541408809,0.9948356053652009,0.9873830544917418,0.9873746754131344,0.9890734906961839,0.9950948847321469,0.9799786516605052,0.9863161014618688,0.9952066029148017,0.9891610681059985,0.9792163936458207,1.0,0.9907527431195998,0.9890112370123371,0.9862054883644883,0.9913805257117391,0.9833199346601837,0.986272114505987,0.98685813648242,0.9828996507158696,0.9854981106305095,0.9757902692748637,0.9748927816957121,0.9817512602748059,0.9877257258599336,0.9847698092803496,0.9690873730810385,0.9836375826463329,0.9889202916237716,0.9878517614114454,0.9852923524627274,0.9886501313032724,0.9870475289264934,0.9854620485934684,0.9797050388318143,0.9856195369191053,0.9846833699193223,0.9896659169773918,0.9867996098921725,0.9915496067994055,0.9802229648777635
