,Adolf_Hitler,Africa,Asia,Association_football,Barack_Obama,Bible,Buddha,Buddhism,China,Christianity,Christmas,Dog,Earth,English_Language,Europe,Eye,George_W._Bush,Ghana,Gold,Hinduism,Human,India,Internet,Iran,Iraq,Iron,Islam,Italy,Japan,Jesus,Judaism,Julius_Caesar,Koran,Maize,Milk,Mohandas_Karamchand_Gandhi,Money,Moon,Moses,Muhammad,New_York_City,Niger,Osama_Bin_Laden,Paris,Periodic_table,Pope_Benedict_XVI,Pope_John_Paul_II,Religion,Rice,Roman_Catholic_Church,Rome,Russia,Silver,South_Africa,South_America,Soviet_Union,Sun,United_Kingdom,United_States,Water,Wikipedia,World_War_II
Adolf_Hitler,1.0,0.9745542001453887,0.9702295184756705,0.9519977814699482,0.9761832443561543,0.9846692574261285,0.9856706931382034,0.9864975176472479,0.9777173253087783,0.9846741454093737,0.9832306633595551,0.9060904498611625,0.928319717279683,0.9780680285143648,0.9741192939004469,0.9054364470590175,0.9810753796382969,0.9824324397862374,0.9575924544824024,0.9776752472920986,0.9334380246944207,0.9776625926591772,0.9760161699794168,0.9848630549057645,0.9796574749247263,0.9238874226965017,0.979669656790153,0.9841356827089555,0.9845876065290065,0.985341615066825,0.9853051611083861,0.9812306450567313,0.983229327711857,0.9163475993651413,0.8959945185785299,0.9777968510035081,0.9146037336546077,0.9645937287862831,0.9769529495285731,0.9858073261506612,0.9677113681967257,0.9282320035741669,0.9391489634910754,0.9809171728482394,0.9306890017972091,0.9557238867642694,0.9794153321902063,0.9554318367223441,0.9064263139286167,0.9838233858855105,0.9845681723744938,0.9863293426064772,0.9211587305825594,0.9830602271593856,0.9561640553604499,0.9869137617124121,0.8967587696447602,0.9815971335624121,0.9816652988756884,0.9126634971201386,0.9632774251504945,0.9910659673530591
Africa,0.9745542001453887,1.0,0.9712584984131147,0.9662078881996861,0.9687416533148635,0.9721854207199666,0.9521136027324126,0.9625398609246999,0.9805180386298503,0.9693238727891966,0.9603407929788342,0.9359804874222308,0.9722250988906721,0.9769607508475285,0.9835301034032494,0.9355115934198303,0.9682170010471437,0.987314279307416,0.9781322839476742,0.970473676741724,0.9626102067928748,0.9863216571809694,0.9761131974346603,0.9798397305776337,0.9681089471675771,0.9611273158835684,0.9705819595684216,0.9865273549319753,0.985830746550712,0.9612289426694516,0.9665609952343817,0.9442945530045529,0.9478526523171359,0.9573380870751866,0.9352594279594679,0.936409811669304,0.9327672372204553,0.9847592799089352,0.9366420975450075,0.9535980655158954,0.969680648261533,0.9707322763042792,0.9082273802819224,0.9810759127285432,0.9686623742109691,0.9437697208731729,0.9573361457345858,0.9634171048826962,0.9407730872851141,0.9768916737626765,0.9791802826707867,0.9826765832791483,0.9643510607740919,0.9943734005712512,0.9661814387931257,0.9742909841163208,0.9462740050820497,0.9761825576731815,0.9941795956900791,0.9494877327114846,0.9751138678303183,0.9638331633641887
Asia,0.9702295184756705,0.9712584984131147,1.0,0.955537979122837,0.9372003015517666,0.9820624404488447,0.9638604393893855,0.9843591063136926,0.9663963733067925,0.9766362534875374,0.9696156548047509,0.9234752252605849,0.9377039238310623,0.9828925128900323,0.9890065638046719,0.9153878104480031,0.9458679868803673,0.9655941295209417,0.9611678098138444,0.987104405588534,0.9607717747030482,0.9838970776915413,0.986778355022078,0.9796869884531856,0.9640454591439391,0.9359232620206663,0.988286002404179,0.9802056669042599,0.9707260332485813,0.9754028516381662,0.9750731364726868,0.9673373037737767,0.972532858882351,0.9317530297078315,0.9244587675337432,0.960417044159167,0.9398546221803165,0.9602306922743371,0.9580288785057925,0.9736914606069212,0.9399140445879004,0.9374613612985971,0.8999144730818779,0.9637631468165061,0.9430244399972114,0.9150318252130706,0.9479222082591969,0.9806108011069525,0.9198081153985381,0.9878680201072132,0.9759419238221041,0.9617124979786588,0.9394086087864107,0.9803520664857662,0.9540566032795061,0.9717961742359721,0.9006274573261642,0.9689520076820567,0.9695963488756202,0.930058808274056,0.9711209746441419,0.9598417991105835
Association_football,0.9519977814699482,0.9662078881996861,0.955537979122837,1.0,0.9372740471595896,0.9487312875852844,0.9466047578078901,0.9413099942539322,0.9789683376020405,0.9349389473905207,0.9390286810740311,0.9703227057971057,0.9821590683425864,0.948897528542187,0.945225509040318,0.969555959586479,0.9352252744051835,0.9566977056228012,0.977478566028585,0.9569611592703408,0.9751999231268559,0.9541283412650519,0.9527105126431147,0.939261070206577,0.9156787298317648,0.9763766429039397,0.9668820918030413,0.949582689906428,0.9555706723587714,0.9412708642608176,0.94423524867373,0.923346464348384,0.9258680883957449,0.9696425848887045,0.9712151466986444,0.914905709518514,0.9829723594386203,0.9776544682900427,0.9369603868927451,0.9475002610509465,0.916824656798516,0.9285547759719432,0.8678573962979327,0.9434013832236053,0.9821351967088582,0.8920486151922907,0.9045642630444617,0.9621937515576423,0.9512812591129157,0.9572797536725314,0.9431818531387273,0.9434786659969303,0.9751904376961907,0.9701738676551315,0.9158347508414887,0.9472915430081172,0.9686125069894784,0.9260313679953799,0.9584755016087936,0.9795578618869231,0.9682971610067752,0.9324681780873117
Barack_Obama,0.9761832443561543,0.9687416533148635,0.9372003015517666,0.9372740471595896,1.0,0.9630252530774803,0.9399336207259779,0.9439722559418466,0.9685954580233553,0.9672170197178029,0.96730944355279,0.8791942901483231,0.9240865291444273,0.9530879395167503,0.9497968605208861,0.871299235726988,0.9878525832666841,0.9848740451234007,0.9305897886014945,0.9319443017240706,0.8916075524394269,0.9517916776322372,0.9441999964077129,0.9618620077400143,0.9558561274748476,0.9022491562285823,0.9388435405311738,0.9626034306791414,0.9870917149897108,0.9423738581709306,0.9665664429879535,0.923390054547229,0.9529254508020675,0.8930272175508237,0.8753587968781752,0.9260810023851184,0.8784634006370649,0.9635819827615233,0.9269315252874193,0.9486468654219815,0.9763300218269968,0.9219878312445692,0.9656095354244326,0.9743412926817121,0.9094735947506053,0.9747229132896231,0.9741617961512437,0.90307635585951,0.8724635295569546,0.950432929535742,0.968377178909424,0.9818207542702339,0.9108303398150939,0.9662548120559505,0.964115385529043,0.9798129789785248,0.904217291228245,0.9783275056510331,0.9814196883146303,0.8956613977040859,0.9368195179762963,0.9824809940450957
Bible,0.9846692574261285,0.9721854207199666,0.9820624404488447,0.9487312875852844,0.9630252530774803,1.0,0.9745824361828593,0.9873632532940931,0.9775312895737505,0.9942936678477191,0.9897097693883491,0.910515605964666,0.9291293945606355,0.9924996168056373,0.9815222006522484,0.9035579045767852,0.9687234501229209,0.9731799610509381,0.9644570337324565,0.9782798806635934,0.9376607418930091,0.9748881700271025,0.985701767986127,0.9845228602965886,0.9805530791433965,0.9286207649875421,0.9759877409173082,0.9866911884922238,0.98078803639997,0.9798366216537044,0.9949928558747303,0.9694558979756857,0.9888047532728369,0.9222941065576502,0.9074117693209603,0.9742284425987103,0.9180405310339403,0.9661382282789477,0.9592929765995333,0.984564372468954,0.9715346282936868,0.9264718292502645,0.9384945891437797,0.9850196761246571,0.9317994714421819,0.9445544943139358,0.9730833584349388,0.9586444490108141,0.9156172622977086,0.9904528912290759,0.9915681196853572,0.9775106358622281,0.9304064425591401,0.9847748558283359,0.9691911293440828,0.9876667435816598,0.8981725398346572,0.9862773842995451,0.9829803470568268,0.920524081077932,0.9611260114349791,0.9767928320998587
Buddha,0.9856706931382034,0.9521136027324126,0.9638604393893855,0.9466047578078901,0.9399336207259779,0.9745824361828593,1.0,0.9859953405190504,0.970625187463525,0.9705048812992703,0.9779899678751177,0.9191501329360328,0.9104838405654546,0.962477662640657,0.957146360198125,0.9155608764576116,0.9497045273940702,0.9579083172352897,0.9545230708198075,0.9719531789999771,0.9322392955023101,0.9570619683524054,0.9630421938133424,0.9648005837817126,0.9632398113064852,0.9175692790812714,0.9765842730822869,0.9642692212154956,0.9543900827461681,0.9842506545967838,0.9751797765799063,0.9835989003371481,0.9785861062443826,0.9057508748570887,0.8928433908905373,0.9834440354234011,0.9279153581021101,0.9489362197926168,0.987452104216523,0.9892427910173055,0.9346007315689497,0.8935156442656186,0.9094673124233618,0.9538826785634622,0.9230823930602091,0.9238951891565427,0.9552244720484833,0.9604740436208585,0.8995948632480849,0.9752291562172039,0.9619213409789193,0.9571044261560274,0.9013756763462621,0.968687437023558,0.9315859958999106,0.9710505162452707,0.8833460015900556,0.9520906139542492,0.9581525136401069,0.9102856360820052,0.95684838386218,0.9659008827736322
Buddhism,0.9864975176472479,0.9625398609246999,0.9843591063136926,0.9413099942539322,0.9439722559418466,0.9873632532940931,0.9859953405190504,1.0,0.9615771159896783,0.9838366047731989,0.9805990726276234,0.8962044792821962,0.9101081582740446,0.9817514202279346,0.9781282226667035,0.8960107938092503,0.9595734383927014,0.9648598356017769,0.95297323650551,0.986781008825983,0.938755628514444,0.9760423708227806,0.9824102834583568,0.9840075490476973,0.983141441031914,0.9122933529594001,0.9874301312990857,0.9819611164408365,0.9669810709935681,0.9904485495771763,0.982733996702833,0.9908699923582109,0.9908295646972166,0.908843703170404,0.8868489006028123,0.9904461324878786,0.9165160174511354,0.947627145098103,0.9753312618528226,0.9890441116022759,0.948174778978435,0.925535744229065,0.9147028868323753,0.9700082766674852,0.9208812790968987,0.9382346866022354,0.9703545859629514,0.9662267566859709,0.90743190479932,0.99050340979158,0.9823993125671108,0.9684853049591737,0.9107344118866402,0.9754960919898485,0.9466343304508663,0.9722556937193627,0.8695959040864147,0.9738580198723945,0.9661490894478173,0.9020633212953151,0.9669023872830549,0.9725683798554725
China,0.9777173253087783,0.9805180386298503,0.9663963733067925,0.9789683376020405,0.9685954580233553,0.9775312895737505,0.970625187463525,0.9615771159896783,1.0,0.9741109261899736,0.9755897849830772,0.9561943457201172,0.9662276601102698,0.9719647046887149,0.9695433341220129,0.9520604620430986,0.9610867525538225,0.9808633308252762,0.9766360705457038,0.9651144086727313,0.9538749877761413,0.9668513680708651,0.9694144047487611,0.9624325965420576,0.9493095893189734,0.9599344065157579,0.9678629286609893,0.9718362793395129,0.9793618985744894,0.9650698050322347,0.9785039826462404,0.9395030109409326,0.9584040140367122,0.9437035675322376,0.9395309231763169,0.9400086639725324,0.9557547387092395,0.9898743861742103,0.9544172711916918,0.9716283036718546,0.9632375587367655,0.9216805500483048,0.9306673914925582,0.9696814936913587,0.9615211468481583,0.9295467150817096,0.9434407644727674,0.9635018700911852,0.9236674939604269,0.9759934630741348,0.9713826869643578,0.9717879310330733,0.9541423816078312,0.9893232531340309,0.9637180619989246,0.9855929298690537,0.953091871804431,0.9654347961997777,0.9855720738243509,0.9614692678430614,0.9604309218433795,0.9695443615575545
Christianity,0.9846741454093737,0.9693238727891966,0.9766362534875374,0.9349389473905207,0.9672170197178029,0.9942936678477191,0.9705048812992703,0.9838366047731989,0.9741109261899736,1.0,0.9842094307403381,0.8995892075099391,0.918192702990419,0.9914631385977124,0.9772694303602676,0.8859166817581853,0.9651351686200367,0.9702521727371755,0.9535148700353372,0.9759615803142112,0.9257493913957726,0.9776079054216442,0.9868290624624361,0.9851881652430489,0.9818948259003288,0.9153024853416901,0.9731988372142854,0.9878709205330476,0.9846888740995215,0.9716567198874148,0.9979011786799645,0.9627367810761366,0.9865480739994433,0.9073436842575315,0.8887019687726012,0.9649972118589825,0.8999342096365601,0.9576708860672034,0.9526700959283898,0.9782982905632964,0.9823340610689582,0.9219829088278588,0.9525541080290524,0.9884593481746856,0.9152684441546176,0.9418113810382854,0.9726067956293135,0.9529179312316085,0.9030970367197855,0.985588390118616,0.9924590883995646,0.9845841351848108,0.9190484388275044,0.9812237865645492,0.9726788233046079,0.9918001732952391,0.8822631032290016,0.9930103708826066,0.9812131014142406,0.9040753322538652,0.9446848153595662,0.983931280361205
Christmas,0.9832306633595551,0.9603407929788342,0.9696156548047509,0.9390286810740311,0.96730944355279,0.9897097693883491,0.9779899678751177,0.9805990726276234,0.9755897849830772,0.9842094307403381,1.0,0.898497870139009,0.9107820574696838,0.9748789242673088,0.9698360932996708,0.8964507304951892,0.9710665623476801,0.9739795283551814,0.9452826810842013,0.9609553976866914,0.9118533822261611,0.9537742159101832,0.9626004655418968,0.9658344505434414,0.969920486785289,0.9070642818539959,0.961602202520837,0.965743342108452,0.9711863306750502,0.9807970947209101,0.987010434124421,0.9642142325358735,0.9896453812397287,0.8945299176834599,0.884874814980577,0.976776623474247,0.9094738792432934,0.9634396035324985,0.9656421779221054,0.9883387540460711,0.9593218270817208,0.8965112808751995,0.9545628878291409,0.9658049449340745,0.9099723702834321,0.9548632286105744,0.9703202599224553,0.9383727134482974,0.875864232169999,0.9795311677948785,0.9756798889380854,0.9626802255294639,0.903137106248208,0.9720190221830521,0.9691874484974629,0.9860407885838757,0.8923005128493398,0.9733542775673898,0.9735559467274326,0.9112500584717157,0.949519932362481,0.9753868337423329
Dog,0.9060904498611625,0.9359804874222308,0.9234752252605849,0.9703227057971057,0.8791942901483231,0.910515605964666,0.9191501329360328,0.8962044792821962,0.9561943457201172,0.8995892075099391,0.898497870139009,1.0,0.9738448193391732,0.9213161694536955,0.909198999071572,0.9750064338492679,0.868345342392957,0.9055843949867506,0.9702292327124624,0.9266409574160901,0.9684675617476864,0.9222986435215125,0.9241020349716974,0.8957822033218484,0.8709268995979957,0.9834967759503531,0.9344606875059609,0.9118640739402283,0.911626361165866,0.8913823783554377,0.9136123407990938,0.8803783097158491,0.8748609460089062,0.9731445933655026,0.9827118395899139,0.8657739258747864,0.978626201236604,0.9525303335651463,0.9010192039902893,0.9027765088818671,0.8778654082270434,0.8840354338268738,0.8098093312530493,0.9055675263883803,0.9741121119756441,0.810393381621576,0.837688759243148,0.9501409547784226,0.952146407151893,0.9166717206713049,0.8939385378970552,0.8991936310943439,0.9661437211732847,0.9392819741196339,0.8777490333762714,0.9164783704813272,0.9706930366363536,0.8761408893812187,0.9226377926258845,0.9783822656306314,0.9263160246253088,0.8720973341411097
Earth,0.928319717279683,0.9722250988906721,0.9377039238310623,0.9821590683425864,0.9240865291444273,0.9291293945606355,0.9104838405654546,0.9101081582740446,0.9662276601102698,0.918192702990419,0.9107820574696838,0.9738448193391732,1.0,0.9441722775689236,0.9426536836479131,0.974288317354477,0.9148349981769508,0.9458183546572112,0.9794720825483945,0.9428722461559217,0.9781985005694829,0.9525208692187016,0.9441660114779462,0.925813286713081,0.900739555080218,0.992937349978681,0.9457940466732296,0.9436543223120458,0.9490414880710062,0.9118260721215622,0.9241102689231876,0.8894190733256809,0.8896469769971007,0.9868120618613416,0.9798412778611636,0.8730194036384331,0.9694904421551681,0.9808830907122877,0.8966879742290941,0.907721831223627,0.916138469839746,0.9433082092510044,0.8385739830176279,0.9395141948071616,0.9918425750940078,0.8672747863583864,0.878561154144709,0.9529381567672374,0.964051988496501,0.9413127260905366,0.929267598731945,0.9350218731857148,0.9935341525601131,0.9639681962959236,0.912969905892118,0.9320532638374733,0.9889532694624263,0.9165210530878001,0.9577120529454431,0.987655143477996,0.9479100933095203,0.9067899008817791
English_Language,0.9780680285143648,0.9769607508475285,0.9828925128900323,0.948897528542187,0.9530879395167503,0.9924996168056373,0.962477662640657,0.9817514202279346,0.9719647046887149,0.9914631385977124,0.9748789242673088,0.9213161694536955,0.9441722775689236,1.0,0.9837639069529348,0.9146311989445155,0.955704734117624,0.9656380151559895,0.9710573619600547,0.985842765285643,0.9546557002823386,0.9851082013927495,0.9939197610939864,0.9828456535514973,0.9784537177130033,0.9459474431258328,0.9802563921753297,0.990620244547294,0.981592090081751,0.9695136460437475,0.9907725167051364,0.9638263283795402,0.9764149404332929,0.9422198101038711,0.9202852438236316,0.9602537040114796,0.9229465714405151,0.9675414594845438,0.9446374955550614,0.9701818641759249,0.9714109209880507,0.9403004642335714,0.9197828762257689,0.9884896797967766,0.9421007713055417,0.9230800524088804,0.9558291857673267,0.9669427187285862,0.9373455591189888,0.990601608805251,0.9899330502837523,0.9775792148277329,0.9505598541147174,0.9839191652478099,0.9636342720336488,0.9814103922851549,0.9087550847509026,0.9837669430546827,0.9807307934780007,0.9322196910548106,0.9548392734732872,0.967713620510493
Europe,0.9741192939004469,0.9835301034032494,0.9890065638046719,0.945225509040318,0.9497968605208861,0.9815222006522484,0.957146360198125,0.9781282226667035,0.9695433341220129,0.9772694303602676,0.9698360932996708,0.909198999071572,0.9426536836479131,0.9837639069529348,1.0,0.9163136428926073,0.9616819243538343,0.98020282105478,0.9617332607428561,0.980380131588665,0.9518690326052925,0.9863666250207903,0.9847222530482118,0.9827236980617987,0.9729562320163684,0.9377346484009488,0.9766389714049887,0.9856870096225818,0.9785343446270544,0.9775455116189695,0.9721432128365622,0.9617467835314076,0.965736960032884,0.929085169930425,0.9096119170696484,0.9548500982023095,0.9233959114215221,0.9708582087184944,0.9470065647526931,0.9663994900169558,0.956578909924316,0.9532083468022602,0.9090302035339333,0.9708432114826294,0.9445507071439436,0.9364723758447269,0.9581732499534098,0.9715192114923991,0.912627992009388,0.9872061071965461,0.9807770227735536,0.9709895685637241,0.9410730923872722,0.9880692505694672,0.9713359299880637,0.9762025148444976,0.9096343622198342,0.9792518513604405,0.9840177601647053,0.928327821002159,0.9692719850010811,0.9683908687351708
Eye,0.9054364470590175,0.9355115934198303,0.9153878104480031,0.969555959586479,0.871299235726988,0.9035579045767852,0.9155608764576116,0.8960107938092503,0.9520604620430986,0.8859166817581853,0.8964507304951892,0.9750064338492679,0.974288317354477,0.9146311989445155,0.9163136428926073,1.0,0.8714484904648995,0.9123832147535345,0.9643732830412372,0.9272817391862774,0.9701354739099773,0.916740978585963,0.915963387448297,0.8820749536757186,0.8621454423138138,0.9794074127006479,0.9258603604934207,0.9062640489482608,0.9021161448760968,0.9107346026963179,0.8961372164268568,0.8828543176379474,0.8710614955876114,0.9622344917438465,0.9632487892449579,0.869655372057891,0.9820603362088036,0.9619537724192643,0.8969890598128233,0.9045700355695302,0.8634269966021196,0.8824178085668212,0.7914910021604399,0.8904868248227764,0.9744956102079022,0.8192592532180841,0.8313493082930202,0.9509916430501717,0.9385728568889752,0.9269364600979528,0.8922494163461305,0.8849834156442903,0.9642191775995886,0.9383644595889298,0.875245210385834,0.9026946993826287,0.9748630102317791,0.8667134781773336,0.9198439497369765,0.9901581809604654,0.9267433464552357,0.8744783273980938
George_W._Bush,0.9810753796382969,0.9682170010471437,0.9458679868803673,0.9352252744051835,0.9878525832666841,0.9687234501229209,0.9497045273940702,0.9595734383927014,0.9610867525538225,0.9651351686200367,0.9710665623476801,0.868345342392957,0.9148349981769508,0.955704734117624,0.9616819243538343,0.8714484904648995,1.0,0.9891572327981011,0.9339560588545,0.9381760159121048,0.8940290887287388,0.957208645335057,0.9492966783469957,0.9710534436109243,0.9719555975543887,0.9000599355050639,0.9456616015300087,0.9650976931096167,0.9845286868998412,0.9568430001048175,0.9646795858528558,0.9479122748080095,0.9621960863428028,0.8946152671635849,0.8690458023153177,0.9497853878326274,0.8805025443500081,0.9577299103812383,0.9348317407510736,0.9577748063433185,0.9666554877346518,0.9339116880081727,0.9522458965670094,0.9712980980989754,0.9100645299827551,0.9865667580419955,0.9839301752976257,0.9073436330741634,0.8756972007289496,0.9557582225807778,0.9695466236471563,0.9793393298361517,0.9067338594193118,0.9702212041365564,0.9637599420988501,0.9764908952912634,0.8931570705004941,0.9776216321020812,0.9819508414234687,0.8890390949085268,0.9584499337547224,0.9825028167870752
Ghana,0.9824324397862374,0.987314279307416,0.9655941295209417,0.9566977056228012,0.9848740451234007,0.9731799610509381,0.9579083172352897,0.9648598356017769,0.9808633308252762,0.9702521727371755,0.9739795283551814,0.9055843949867506,0.9458183546572112,0.9656380151559895,0.98020282105478,0.9123832147535345,0.9891572327981011,1.0,0.9544038189617802,0.9549686660598115,0.9271239460915225,0.9724832271013208,0.9625749013076219,0.9744661464972553,0.9691931665741617,0.9293874992033104,0.9595290906279561,0.9761495469650798,0.9896298827676754,0.9681663909581845,0.9676548734303755,0.946296137798716,0.9614132207783478,0.9185143543615637,0.8982459983218039,0.9456589144323281,0.9160483735717396,0.9816443204106775,0.9441036579334126,0.9647025052594973,0.9697548441181101,0.9449852534700125,0.9443151389711774,0.9725352543470814,0.9387975932966272,0.9746200312264369,0.9736389707622286,0.9402354143595886,0.8960636023467795,0.9718180927776642,0.975612348285696,0.9825140306615352,0.9316294951267889,0.9876398955954087,0.9776520841359392,0.9831024442806043,0.9258728695855011,0.979774981744493,0.9929567251431733,0.9246745961268014,0.9695304696587408,0.9821903315855456
Gold,0.9575924544824024,0.9781322839476742,0.9611678098138444,0.977478566028585,0.9305897886014945,0.9644570337324565,0.9545230708198075,0.95297323650551,0.9766360705457038,0.9535148700353372,0.9452826810842013,0.9702292327124624,0.9794720825483945,0.9710573619600547,0.9617332607428561,0.9643732830412372,0.9339560588545,0.9544038189617802,1.0,0.9710609920108076,0.9803484851698565,0.9736436723482441,0.9726135506933071,0.9596943708027821,0.9464431429899016,0.9869615524767439,0.969843020197207,0.9689774315878051,0.9594267467294748,0.9462499167758068,0.9598470800379548,0.9412336508974102,0.9334232131966359,0.9844731739499487,0.9702268934885397,0.9300448652733476,0.9640980298679925,0.9746210375745534,0.932859517107409,0.9434592403443471,0.9401020914844213,0.9488585341109174,0.8590840413746549,0.9659391891557273,0.9857480712666951,0.892415805848844,0.92021365911807,0.9738052596970893,0.9791299455269014,0.9667028001253664,0.9585244420324981,0.9575663372584223,0.979466168384865,0.9820746215887064,0.9265204810372257,0.955873902278979,0.959446126767361,0.9436801270981365,0.9712676483964657,0.9701319864128386,0.9715183926987259,0.9309254693854452
Hinduism,0.9776752472920986,0.970473676741724,0.987104405588534,0.9569611592703408,0.9319443017240706,0.9782798806635934,0.9719531789999771,0.986781008825983,0.9651144086727313,0.9759615803142112,0.9609553976866914,0.9266409574160901,0.9428722461559217,0.985842765285643,0.980380131588665,0.9272817391862774,0.9381760159121048,0.9549686660598115,0.9710609920108076,1.0,0.9728149947648368,0.9882811990020866,0.9910190646528264,0.9806215843795909,0.9645252910714917,0.946088415458735,0.9955993593266553,0.9848336796540698,0.9651890396365104,0.9802698503553448,0.9752297540372459,0.9783005280571682,0.9690493998264592,0.94495211430885,0.9281939460128394,0.966707776199982,0.9417417051978176,0.9555837060034968,0.9662330546462713,0.9729898408401861,0.9419320953649486,0.9441829642661577,0.8802249283493894,0.9704541480328321,0.9527197824045697,0.8991659098263888,0.9425292035961229,0.9890803487453063,0.9426272080588839,0.9918311755507999,0.9799739083003982,0.9657506591670912,0.9478933337633065,0.9795934925160754,0.9328575867762688,0.963986310926043,0.9003781945042694,0.9650299156795703,0.9643625067045918,0.9353072996407639,0.9644661356848612,0.9600700454936785
Human,0.9334380246944207,0.9626102067928748,0.9607717747030482,0.9751999231268559,0.8916075524394269,0.9376607418930091,0.9322392955023101,0.938755628514444,0.9538749877761413,0.9257493913957726,0.9118533822261611,0.9684675617476864,0.9781985005694829,0.9546557002823386,0.9518690326052925,0.9701354739099773,0.8940290887287388,0.9271239460915225,0.9803484851698565,0.9728149947648368,1.0,0.9647108986978281,0.9640769364686778,0.9408652112995873,0.9124698040864684,0.98335556445193,0.9714221712968422,0.9555004063287348,0.9338680122206336,0.9361897843508934,0.92943762254638,0.9281724455113309,0.905612577457723,0.9824217702154789,0.975352343507623,0.9075111957930041,0.9718445282924795,0.9570398377608367,0.9230157576585448,0.9260711650988538,0.8968956656505458,0.9436074363761162,0.804813187355536,0.9364570043618993,0.9880446450634772,0.8419297786101624,0.8796426674397735,0.9863580881895686,0.9734870774454587,0.9594023922071181,0.9381784328766427,0.927635711338148,0.9819108228208675,0.9631360027711137,0.8910024852532493,0.9235043699476052,0.9476010241378392,0.9143717824395895,0.9429785454381007,0.9737452867696378,0.9608426636778085,0.9041745767157492
India,0.9776625926591772,0.9863216571809694,0.9838970776915413,0.9541283412650519,0.9517916776322372,0.9748881700271025,0.9570619683524054,0.9760423708227806,0.9668513680708651,0.9776079054216442,0.9537742159101832,0.9222986435215125,0.9525208692187016,0.9851082013927495,0.9863666250207903,0.916740978585963,0.957208645335057,0.9724832271013208,0.9736436723482441,0.9882811990020866,0.9647108986978281,1.0,0.991842056379885,0.9902984294147436,0.9748668301967057,0.9493631958828179,0.9860766098854881,0.9921202168842084,0.9838302933062903,0.9645659199892263,0.9737256258989619,0.9642859980533559,0.9581164966220618,0.9501298453727773,0.9261207481577862,0.9477019185288619,0.9258510690287028,0.9622216148313839,0.9438722750109502,0.9563816343397291,0.9637260951781036,0.9681974818780326,0.8968002943301886,0.9832012655938306,0.9544717839264004,0.922877440414382,0.9555113349816932,0.9766997245501958,0.9461569981859578,0.9824165409226109,0.9835099294375385,0.9846915727522614,0.9552409955170842,0.9889591331795895,0.952707435161798,0.9732284441249053,0.9110388181641886,0.9796355652672079,0.9818701948989286,0.9288074307316317,0.9707013572246839,0.9687198143955734
Internet,0.9760161699794168,0.9761131974346603,0.986778355022078,0.9527105126431147,0.9441999964077129,0.985701767986127,0.9630421938133424,0.9824102834583568,0.9694144047487611,0.9868290624624361,0.9626004655418968,0.9241020349716974,0.9441660114779462,0.9939197610939864,0.9847222530482118,0.915963387448297,0.9492966783469957,0.9625749013076219,0.9726135506933071,0.9910190646528264,0.9640769364686778,0.991842056379885,1.0,0.9866084594655004,0.9737772273189477,0.9476386409264105,0.9872178360087532,0.9928840035595385,0.9783196187240062,0.9684144406912191,0.984456942103639,0.9660535990694055,0.9671136303592499,0.9440564881188384,0.9250786869171586,0.95555540345138,0.9274199905745938,0.9599567152869243,0.9469195634164197,0.9660688658466201,0.9616195428011827,0.950876251905419,0.9007057450635875,0.9840329129473779,0.9487301131301177,0.9127697617269103,0.9518069555040065,0.9791542017928349,0.9434226951479717,0.9878038371989328,0.9869013101382683,0.9779889596529998,0.95318636366268,0.985237145673746,0.9506746445730315,0.9773281708685357,0.9021024369309331,0.9809508447966087,0.9763229314992681,0.9292037970099998,0.9627443859066663,0.9676123255879643
Iran,0.9848630549057645,0.9798397305776337,0.9796869884531856,0.939261070206577,0.9618620077400143,0.9845228602965886,0.9648005837817126,0.9840075490476973,0.9624325965420576,0.9851881652430489,0.9658344505434414,0.8957822033218484,0.925813286713081,0.9828456535514973,0.9827236980617987,0.8820749536757186,0.9710534436109243,0.9744661464972553,0.9596943708027821,0.9806215843795909,0.9408652112995873,0.9902984294147436,0.9866084594655004,1.0,0.9883983193928588,0.9218445125425497,0.9807852327879006,0.9948625982078702,0.9836275849008823,0.971415938221566,0.9808399450239202,0.9743754916815714,0.9719837793311255,0.9244303877935112,0.8988386551013572,0.9662346750080957,0.8975264888179483,0.9495897977597664,0.9531141513885362,0.9668406237458813,0.9714830690319602,0.9607656731757104,0.9175388623203398,0.9889282487161872,0.9337236273116348,0.9475479297062716,0.9816591587682809,0.9608165754386092,0.9232961666993167,0.9807757015480971,0.9911517054746153,0.9900761170483556,0.9276337815680558,0.9859132011492386,0.9559738102536001,0.9772496062364724,0.8804948461279005,0.9895917438565578,0.983465094865238,0.8972759457898207,0.9723319047123912,0.9777870258675088
Iraq,0.9796574749247263,0.9681089471675771,0.9640454591439391,0.9156787298317648,0.9558561274748476,0.9805530791433965,0.9632398113064852,0.983141441031914,0.9493095893189734,0.9818948259003288,0.969920486785289,0.8709268995979957,0.900739555080218,0.9784537177130033,0.9729562320163684,0.8621454423138138,0.9719555975543887,0.9691931665741617,0.9464431429899016,0.9645252910714917,0.9124698040864684,0.9748668301967057,0.9737772273189477,0.9883983193928588,1.0,0.9011473663420005,0.9637029564525614,0.9833748195296894,0.9746160509595241,0.966827627285613,0.977727594572551,0.9738064509558634,0.9766624759627294,0.902571333555271,0.8624755657064956,0.9741977035854832,0.8721158618051831,0.9394161852209365,0.942830896125592,0.9634537041752579,0.9727431091559388,0.943346347618475,0.9286727189154739,0.983365602983743,0.9052752237936658,0.9603849010983921,0.9840898405063105,0.9353373558652817,0.9035031311738984,0.9720472030468541,0.9829522532922399,0.9822294711001069,0.9014701647983813,0.9737104158296661,0.9604603165421576,0.9711990657249883,0.8601168896854275,0.9847937767168835,0.9758334422022175,0.8739125484399088,0.9588536331216083,0.9701740309541679
Iron,0.9238874226965017,0.9611273158835684,0.9359232620206663,0.9763766429039397,0.9022491562285823,0.9286207649875421,0.9175692790812714,0.9122933529594001,0.9599344065157579,0.9153024853416901,0.9070642818539959,0.9834967759503531,0.992937349978681,0.9459474431258328,0.9377346484009488,0.9794074127006479,0.9000599355050639,0.9293874992033104,0.9869615524767439,0.946088415458735,0.98335556445193,0.9493631958828179,0.9476386409264105,0.9218445125425497,0.9011473663420005,1.0,0.9474868973356467,0.9395085999531267,0.936221625192782,0.9091841300432064,0.9244642621236923,0.8992958576273339,0.886977782621935,0.9941811709497432,0.9861360456402596,0.8803072502488529,0.9728062128219648,0.9699297597920222,0.8984879101126836,0.9058339075253125,0.9033562484982763,0.9336797159045291,0.8153136419430044,0.934960630474323,0.992736740358051,0.8451667010407066,0.8672655460328996,0.9588407948019796,0.9776265646648027,0.9376009076172526,0.9212025624742175,0.9247844870946117,0.992974992368315,0.958032656237879,0.8966021937668185,0.9265159825388614,0.9816710889982917,0.9051990111074973,0.9472912306408285,0.985884143030987,0.9470381926566114,0.8937454249390095
Islam,0.979669656790153,0.9705819595684216,0.988286002404179,0.9668820918030413,0.9388435405311738,0.9759877409173082,0.9765842730822869,0.9874301312990857,0.9678629286609893,0.9731988372142854,0.961602202520837,0.9344606875059609,0.9457940466732296,0.9802563921753297,0.9766389714049887,0.9258603604934207,0.9456616015300087,0.9595290906279561,0.969843020197207,0.9955993593266553,0.9714221712968422,0.9860766098854881,0.9872178360087532,0.9807852327879006,0.9637029564525614,0.9474868973356467,1.0,0.9815246050582175,0.9690732809086079,0.9766185394188707,0.9748691184493973,0.9788020005999506,0.9697243692744378,0.9465594241405765,0.9334746429791625,0.9659787499945254,0.950174868985841,0.9571844763553471,0.9718894513757731,0.9754261684301557,0.937514078112932,0.9451967330662695,0.886758694879978,0.9685734324875134,0.95547378503242,0.9071644600421629,0.9453707650553711,0.9852456703862387,0.9411764943789552,0.9863018817052147,0.974150197253618,0.9673271026015451,0.9485608002186474,0.9785946190163703,0.9315745076940294,0.9662564340624152,0.9058031535836824,0.9625543605057653,0.9650809834558731,0.9354648984409444,0.9719124862516457,0.9617177264473123
Italy,0.9841356827089555,0.9865273549319753,0.9802056669042599,0.949582689906428,0.9626034306791414,0.9866911884922238,0.9642692212154956,0.9819611164408365,0.9718362793395129,0.9878709205330476,0.965743342108452,0.9118640739402283,0.9436543223120458,0.990620244547294,0.9856870096225818,0.9062640489482608,0.9650976931096167,0.9761495469650798,0.9689774315878051,0.9848336796540698,0.9555004063287348,0.9921202168842084,0.9928840035595385,0.9948625982078702,0.9833748195296894,0.9395085999531267,0.9815246050582175,1.0,0.9857741671990952,0.9725433866489825,0.9829073679759572,0.967126966527591,0.9683893781699644,0.9369959398382677,0.9110187190138979,0.9585945926460521,0.9110914156549946,0.9645646460372443,0.9481369821206734,0.9663537264675023,0.9753691258628419,0.9594590552817774,0.9144418781592255,0.9924056961364063,0.9466823802111621,0.939898726336548,0.9722123558075514,0.9696866882833223,0.9360873874445288,0.9881304406577124,0.9943126857150961,0.9899973645567671,0.9448341658246062,0.9904721501689034,0.9590102018533512,0.9795107945982773,0.9003310142823182,0.9901452230785344,0.9877629346007905,0.9184098221098933,0.9683246227365675,0.977269816367363
Japan,0.9845876065290065,0.985830746550712,0.9707260332485813,0.9555706723587714,0.9870917149897108,0.98078803639997,0.9543900827461681,0.9669810709935681,0.9793618985744894,0.9846888740995215,0.9711863306750502,0.911626361165866,0.9490414880710062,0.981592090081751,0.9785343446270544,0.9021161448760968,0.9845286868998412,0.9896298827676754,0.9594267467294748,0.9651890396365104,0.9338680122206336,0.9838302933062903,0.9783196187240062,0.9836275849008823,0.9746160509595241,0.936221625192782,0.9690732809086079,0.9857741671990952,1.0,0.9584555785565065,0.9831664753819634,0.9470920603220822,0.9666952544951932,0.9298032336607757,0.9100380324474496,0.9410944874259062,0.9122294968802369,0.9758638023229642,0.9399347482880048,0.9619367655921759,0.9835775557299206,0.9488926648509783,0.9515656555555421,0.9891539505012547,0.937847685626551,0.9581582506860996,0.9710824786796051,0.944758897882409,0.9142213104666935,0.9748061144075933,0.9847162734677277,0.9935058333011321,0.9443451282077534,0.9872994986975401,0.9774129908976515,0.9910691653514742,0.9205211158576873,0.9907536304210248,0.9935668540540734,0.9234783253146567,0.9582095482153479,0.9865878394315242
Jesus,0.985341615066825,0.9612289426694516,0.9754028516381662,0.9412708642608176,0.9423738581709306,0.9798366216537044,0.9842506545967838,0.9904485495771763,0.9650698050322347,0.9716567198874148,0.9807970947209101,0.8913823783554377,0.9118260721215622,0.9695136460437475,0.9775455116189695,0.9107346026963179,0.9568430001048175,0.9681663909581845,0.9462499167758068,0.9802698503553448,0.9361897843508934,0.9645659199892263,0.9684144406912191,0.971415938221566,0.966827627285613,0.9091841300432064,0.9766185394188707,0.9725433866489825,0.9584555785565065,1.0,0.9696937293183714,0.9840693324255873,0.9832038188221243,0.8989225223867826,0.8826789518986451,0.9866707645771083,0.9195751292196493,0.9552174063869416,0.9830432192072959,0.9910881456695585,0.9370961798326113,0.913177594101257,0.9081113668158756,0.9546955882384196,0.923050190401282,0.9362720674235991,0.9630734617528698,0.9658508496177075,0.8870049382512004,0.9902824216717573,0.9754984259897519,0.9573830008706209,0.9045786873600944,0.9740569856802537,0.9453473721993404,0.9667545156630649,0.8786250604613023,0.9633205109722544,0.9638395952174805,0.9117321837142316,0.9611893920884754,0.9721457675538258
Judaism,0.9853051611083861,0.9665609952343817,0.9750731364726868,0.94423524867373,0.9665664429879535,0.9949928558747303,0.9751797765799063,0.982733996702833,0.9785039826462404,0.9979011786799645,0.987010434124421,0.9136123407990938,0.9241102689231876,0.9907725167051364,0.9721432128365622,0.8961372164268568,0.9646795858528558,0.9676548734303755,0.9598470800379548,0.9752297540372459,0.92943762254638,0.9737256258989619,0.984456942103639,0.9808399450239202,0.977727594572551,0.9244642621236923,0.9748691184493973,0.9829073679759572,0.9831664753819634,0.9696937293183714,1.0,0.9636626733888283,0.9872109703188915,0.9165335682539049,0.9021077766662208,0.966580305421969,0.9128134864990123,0.9604421354774556,0.95692817316609,0.9812463613881127,0.978252522705812,0.9154095647975329,0.9514469032084402,0.9868357755718696,0.9215920950997,0.9367124080013275,0.9670362213245339,0.9528999587092986,0.9108896777025314,0.9834130303811379,0.9880455254688681,0.9811824508151292,0.9251150465634622,0.9801447251228487,0.9682242861296281,0.9924292972916693,0.8936422282807377,0.9864264748905006,0.9793096151628011,0.9142436619753666,0.9465236460219733,0.9802723374199195
Julius_Caesar,0.9812306450567313,0.9442945530045529,0.9673373037737767,0.923346464348384,0.923390054547229,0.9694558979756857,0.9835989003371481,0.9908699923582109,0.9395030109409326,0.9627367810761366,0.9642142325358735,0.8803783097158491,0.8894190733256809,0.9638263283795402,0.9617467835314076,0.8828543176379474,0.9479122748080095,0.946296137798716,0.9412336508974102,0.9783005280571682,0.9281724455113309,0.9642859980533559,0.9660535990694055,0.9743754916815714,0.9738064509558634,0.8992958576273339,0.9788020005999506,0.967126966527591,0.9470920603220822,0.9840693324255873,0.9636626733888283,1.0,0.9763837153756192,0.8993426105933272,0.8738914676532036,0.9924091675411433,0.8993707054218727,0.9237469322150675,0.9772854496678498,0.9774668351600809,0.9216033339417753,0.9129378190209607,0.8812278013650574,0.953052612981157,0.9093785765356073,0.9210719135732277,0.9611318889482334,0.9560821152027656,0.9002573005358103,0.9741420838076146,0.9631425329471283,0.9528628364314533,0.8916076395508249,0.9577307927786946,0.9138934276217796,0.9530519846227619,0.8466800311146442,0.9519017373386918,0.9466443326606565,0.8804989997140957,0.9615787522294731,0.9585937915990613
Koran,0.983229327711857,0.9478526523171359,0.972532858882351,0.9258680883957449,0.9529254508020675,0.9888047532728369,0.9785861062443826,0.9908295646972166,0.9584040140367122,0.9865480739994433,0.9896453812397287,0.8748609460089062,0.8896469769971007,0.9764149404332929,0.965736960032884,0.8710614955876114,0.9621960863428028,0.9614132207783478,0.9334232131966359,0.9690493998264592,0.905612577457723,0.9581164966220618,0.9671136303592499,0.9719837793311255,0.9766624759627294,0.886977782621935,0.9697243692744378,0.9683893781699644,0.9666952544951932,0.9832038188221243,0.9872109703188915,0.9763837153756192,1.0,0.880400667304278,0.8632250700479097,0.9856941711092182,0.8973531496241438,0.9425154823593923,0.9709090788534797,0.9913108910224568,0.9554467019623479,0.8927919514893764,0.9481561300607864,0.9654364137261101,0.8910965096064712,0.9452861868329557,0.971594307821854,0.939956610045767,0.8741640534657233,0.9831284319286369,0.9787758047675181,0.9639919055510499,0.8863828480449515,0.9641143997223216,0.9587762843849987,0.9769763941803815,0.855850794278479,0.9744097188922889,0.9610623284515769,0.8856144725177995,0.9414855300919842,0.9761071139579738
