,Adolf_Hitler,Africa,Asia,Association_football,Barack_Obama,Bible,Buddha,Buddhism,China,Christianity,Christmas,Dog,Earth,English_Language,Europe,Eye,George_W._Bush,Ghana,Gold,Hinduism,Human,India,Internet,Iran,Iraq,Iron,Islam,Italy,Japan,Jesus,Judaism,Julius_Caesar,Koran,Maize,Milk,Mohandas_Karamchand_Gandhi,Money,Moon,Moses,Muhammad,New_York_City,Niger,Osama_Bin_Laden,Paris,Periodic_table,Pope_Benedict_XVI,Pope_John_Paul_II,Religion,Rice,Roman_Catholic_Church,Rome,Russia,Silver,South_Africa,South_America,Soviet_Union,Sun,United_Kingdom,United_States,Water,Wikipedia,World_War_II
Adolf_Hitler,1.0,0.9868826212009677,0.9751191843602558,0.9940461874421876,0.9768504014541171,0.9798705122697858,0.9902938158541414,0.9897146956400271,0.9673342575829827,0.9904540109008376,0.9685810209078839,0.9880058278684873,0.9916812548387673,0.9881145006943958,0.9838464602646959,0.9847872742732614,0.9814487028420393,0.9717121604680654,0.9919130892303685,0.9937032860059192,0.9758560868011833,0.9706793639576775,0.9944442856916025,0.9706120094860892,0.9608126495644103,0.9932200065416229,0.9908491048454682,0.9788164547343549,0.9811469610889854,0.969424795033939,0.9882100997315723,0.9975320060163706,0.9940823107663391,0.9891360602687996,0.9875099948438566,0.9942793293227309,0.9781944090372466,0.9933995531461253,0.9881335864619061,0.9912462631670091,0.955413179624497,0.9656437913666648,0.9635051706122164,0.9634673925722251,0.9950830808149412,0.9930313795484974,0.97889286460037,0.9753824929523585,0.9858565140074699,0.9716553684475596,0.9720333102628388,0.9673911051412634,0.993793849678631,0.9754517676102468,0.9839243209586382,0.9895021312237863,0.9943836594942596,0.9654714595220814,0.9764969870957596,0.9854705322595492,0.9950643348300803,0.9821273290992231
Africa,0.9868826212009677,1.0,0.9933808111957604,0.9974326304276242,0.9876507861168823,0.9901009302734716,0.9932575868880987,0.9949553413911102,0.9832791244729057,0.9955059788319734,0.9929470652289,0.9886177125960632,0.9970626976763057,0.9951042335397632,0.9974070298559996,0.994371641702936,0.9888611155664878,0.9875523720938142,0.9964625256499685,0.9951471400340931,0.9727037415851895,0.9889765823941218,0.9944594892839744,0.9892912017002724,0.9813601404646375,0.9970192893089181,0.9847690154769249,0.9952525361464815,0.9931467716641683,0.9889814969920496,0.9956681763063197,0.9896845341063691,0.9891108601803665,0.9962470296878531,0.9982296262501011,0.9935510143154989,0.993270182396897,0.991489543096056,0.9863612909239207,0.9902639239905192,0.9846384340365656,0.9830480539500154,0.9780584436748736,0.9848288148797495,0.9953647275480004,0.9942349527583771,0.9906087796865491,0.9814720307384366,0.9976215124499077,0.991332844843052,0.9902686787790363,0.9877555439693152,0.9886232191567119,0.9884194513947763,0.9968799766787219,0.9935352551506967,0.9953435534668502,0.9884692361252955,0.9942557746339081,0.9877614651012502,0.9940753397755595,0.9935239139121325
Asia,0.9751191843602558,0.9933808111957604,1.0,0.9901886538007469,0.9868538271556805,0.9931020214487696,0.9878750690532858,0.9889906585635827,0.9847600131046862,0.9894740435276735,0.9908752670778657,0.9768584881666945,0.9872417202099613,0.9945441902211963,0.9928589618218421,0.9894070211668776,0.9863999243490981,0.9879742253516833,0.9920517837654328,0.9900579765080171,0.9612152030264739,0.9884265401318307,0.9865370236074273,0.991248243024441,0.9816674768736721,0.9904530144096719,0.9763130848833486,0.9948484440742168,0.9934818177283672,0.9938560903803865,0.990590741695562,0.9835314664173368,0.9829371440434661,0.9924096689250326,0.9936200471772584,0.9891778176359217,0.9898069926586772,0.9780838090357034,0.9772754898498466,0.9822877559869343,0.9848132165969203,0.9829802692712976,0.9806768087655077,0.9847341659260431,0.9877822240139713,0.9859763902172943,0.9845300436509088,0.9693335299994515,0.993308602438459,0.9949869889457928,0.9935117046590273,0.9876979512130983,0.9810207347900765,0.9857682632555078,0.9925723491047023,0.9904454760138962,0.9843267473747676,0.9899361458524811,0.9937450173342681,0.977502794047981,0.9858427306169403,0.9897098598902748
Association_football,0.9940461874421876,0.9974326304276242,0.9901886538007469,1.0,0.9856943604714317,0.9909063708959361,0.9965152653435482,0.996632950538662,0.9803851261110897,0.9973620029462028,0.9880292539917728,0.9916470423898857,0.9975480822697645,0.9944065224884269,0.99642376725427,0.9927558303422116,0.9878070797019595,0.9844798620200652,0.9987939165333412,0.9982996263707073,0.9769602552221593,0.9841908619798192,0.9974337363012907,0.9855834426376181,0.97801879788485,0.9979636016727783,0.9902607319515502,0.9922833496813643,0.990960575845905,0.9874391951780583,0.9966328556014488,0.9960284609535742,0.9942922336237464,0.9969298477421371,0.9979641027921831,0.997858481049043,0.9926382374156612,0.9956154295126821,0.990118563606934,0.9940242298781887,0.978106596059316,0.9799739627268571,0.9752265468828243,0.9800717597516155,0.9974466662621997,0.9959388794797162,0.9883551245495705,0.9849463395956527,0.9969612265615936,0.9884916622888552,0.986641128383453,0.9824814342241275,0.9936094095041341,0.9866550156509298,0.9942267131187968,0.9941567197740913,0.9965695885636846,0.9841841188288736,0.9899671517751285,0.9919770437680254,0.9974981288140956,0.9908407557891473
Barack_Obama,0.9768504014541171,0.9876507861168823,0.9868538271556805,0.9856943604714317,1.0,0.9944514226813564,0.9752851974848695,0.9778725629316819,0.9978437857155521,0.9779514396284484,0.9881986808926103,0.959341039272299,0.981779104334184,0.9905172876605629,0.9850698817350942,0.9750571527136497,0.9995096546870923,0.9972777219675459,0.9831691067129055,0.9813898641328347,0.9339179691276156,0.9977237695486529,0.9778357075383454,0.9974928025910567,0.9934107493383945,0.9845220942016111,0.9597053196328327,0.9958049083374769,0.9979035162670779,0.9871666819461512,0.9769613726039492,0.9852611279884184,0.9734936142123954,0.9874111884118235,0.984235105829129,0.9837242652879133,0.9773861457715226,0.9683214745144536,0.9604351730414521,0.9682591606397556,0.9883056403802446,0.9937886753837647,0.9977255676544144,0.9951625456752552,0.9853765290696399,0.9924342141550744,0.9976617954983205,0.9513342323718541,0.9884313494154009,0.9883116654902565,0.995743422862285,0.9973962022315334,0.972201949372397,0.996757729856097,0.9774600635190573,0.9939570913385999,0.9830978424546946,0.9934179161367004,0.99661752113316,0.9591112371335477,0.9826284835636323,0.9977659701732048
Bible,0.9798705122697858,0.9901009302734716,0.9931020214487696,0.9909063708959361,0.9944514226813564,1.0,0.9855114329243044,0.9860219246714794,0.9933636988334559,0.986202730477992,0.9911511753031711,0.9699751993123609,0.9845459344335669,0.9931463692101244,0.9918441521272984,0.9796576270699938,0.9943896909707227,0.9937874136090731,0.9910986645302168,0.9892220488943565,0.9484607907097334,0.9925724075338876,0.9855190920963666,0.9957185326276599,0.9909333921876043,0.9883682225993036,0.9709981377633038,0.996245051175744,0.9968403944239188,0.9956082340248682,0.9849827060040527,0.9895472591909985,0.9822380999669829,0.9939803149101372,0.9907626787355257,0.9908823618070527,0.9858346712972277,0.9767912441879478,0.9713951115097184,0.9774438114968718,0.9880832023534669,0.9902158058518299,0.990986570268086,0.9911986954615024,0.9881038388019747,0.9905639725502491,0.9919878537434136,0.9666053771640227,0.99366988824505,0.9945967052687772,0.9955703536698646,0.9926668394141742,0.9794950601148392,0.9944671442963898,0.9834311739234896,0.9936606336170434,0.9840070207659823,0.9939716486641851,0.9949381136095654,0.9720312010171556,0.9861970037496065,0.9939218059650518
Buddha,0.9902938158541414,0.9932575868880987,0.9878750690532858,0.9965152653435482,0.9752851974848695,0.9855114329243044,1.0,0.9981462017719728,0.9686342889636883,0.998115755656206,0.9835353321198894,0.9948615809045761,0.9928032476413945,0.9894945257596032,0.9948259569601009,0.9928119140287996,0.9779026049911355,0.9736832728988829,0.9969603106360855,0.9985759683629478,0.9852119448223846,0.9732034163930408,0.9977319262387726,0.9770040339889675,0.9660348920336875,0.9942305412559337,0.9944454275749741,0.9852943763452123,0.9833789986769028,0.9867963936661098,0.997406740360911,0.9926702811373023,0.9942233350848915,0.9948657319255152,0.9961353269279188,0.9977298711481666,0.9929563964168554,0.9948738282901424,0.9958430739754287,0.996887881410915,0.9689199919804801,0.9676040198574004,0.9626896710504914,0.9682549566262657,0.9919417639050617,0.987509877728011,0.9777484545851708,0.9918633651257748,0.9947334927758567,0.9874991466647158,0.978434123287738,0.9719871612463091,0.9921075676462788,0.9756547620523909,0.9938343355710479,0.9878840287544732,0.9903286208145611,0.9760989629194095,0.9826408439129787,0.9957100086190528,0.9928741066497362,0.9825855665834504
Buddhism,0.9897146956400271,0.9949553413911102,0.9889906585635827,0.996632950538662,0.9778725629316819,0.9860219246714794,0.9981462017719728,1.0,0.970878534823664,0.9980828706319929,0.9862391668636075,0.9956062877237438,0.9949840345322281,0.9916179698077267,0.9945209448055822,0.9931910849845693,0.9805328383639612,0.9755794778766931,0.998071978353727,0.9985027344859949,0.9862757583908918,0.9759019201104681,0.9972307371298472,0.9789632734431631,0.9687475267108872,0.9954820089451522,0.9946682727274262,0.9871303294234934,0.9858892371712829,0.9871330165548781,0.9980898483606861,0.9912611665323992,0.9949187127695354,0.9968654938827209,0.9964665898384385,0.9971077736615155,0.9954512965648528,0.9953344553598857,0.9958789375499214,0.9967946020129972,0.9715582820554571,0.9687575717716503,0.9652847934391794,0.9701490590773164,0.9933544224135112,0.9902263661607387,0.9813881659945238,0.9903147227514466,0.9966028494151096,0.9889600909027114,0.9789342632939405,0.9750063183799726,0.993984434266846,0.9784200240362773,0.9948303733360971,0.9882366647411833,0.9927200401746331,0.977768245589237,0.9856197256734075,0.9952330109032408,0.9947482422289277,0.9842586949867587
China,0.9673342575829827,0.9832791244729057,0.9847600131046862,0.9803851261110897,0.9978437857155521,0.9933636988334559,0.9686342889636883,0.970878534823664,1.0,0.9709368666415688,0.9885619239906687,0.949648194277955,0.9760530413468279,0.9861808382426019,0.9819782206396968,0.9668020306609354,0.9961714092372795,0.998933150715263,0.9774346201893429,0.9740627630580978,0.9208784382538285,0.99859285771618,0.9704497603043903,0.9986305254933159,0.9980081046098154,0.9771111875317956,0.9485546183459812,0.9954537467063124,0.9962292550592763,0.9874350089231938,0.9700410903843281,0.9777161372022254,0.9644544004097503,0.9832253901660793,0.9788803374452768,0.977214455038661,0.9742013480009937,0.9610799090975282,0.9506231354453611,0.9588903311783998,0.9932993461606741,0.9974871631786046,0.9985459835397392,0.998520511970816,0.9787769218008264,0.9866429453911142,0.9956627847917243,0.9454185504550331,0.9854369204001912,0.9870371428352404,0.9960735540768878,0.9986830026891976,0.9629600091675136,0.9982697283827731,0.9723979608502554,0.9886348476776998,0.9762700103780529,0.9966045059192807,0.9955898227285993,0.9518532261830284,0.9745462536151028,0.9944729130863953
Christianity,0.9904540109008376,0.9955059788319734,0.9894740435276735,0.9973620029462028,0.9779514396284484,0.986202730477992,0.998115755656206,0.9980828706319929,0.9709368666415688,1.0,0.9843129040805986,0.9948240111171766,0.9944560446673415,0.9920521668176113,0.9943354565059681,0.9928520328452576,0.9801979787113506,0.9752289729124457,0.9981452326894867,0.9989134393447833,0.9845702417833166,0.9757526325376066,0.9986020160893981,0.9790910730216416,0.9674814871766797,0.9970994448955035,0.9947115692748009,0.9872447883112807,0.9851486000880193,0.9863344581324482,0.997371491024258,0.9918554173789194,0.9967203066137078,0.995303286787911,0.9974115709262639,0.9976331906375457,0.9954746388049227,0.9946170396027627,0.993773738550636,0.9980122443185272,0.97147569377889,0.968325481552466,0.965577151535911,0.9711368566258541,0.9932653586085328,0.9908027043399584,0.9814034340224798,0.9906520204657847,0.9949900107604116,0.9891042123938947,0.9803274483182483,0.9748716916137875,0.9949982586087386,0.9778582473614968,0.9958767804043601,0.9915019745977304,0.9919003967082476,0.9780364077486112,0.9858706276983537,0.9944071227615207,0.9965262824709417,0.9858886726156346
Christmas,0.9685810209078839,0.9929470652289,0.9908752670778657,0.9880292539917728,0.9881986808926103,0.9911511753031711,0.9835353321198894,0.9862391668636075,0.9885619239906687,0.9843129040805986,1.0,0.9726226451138907,0.9853542756916102,0.9858376388365581,0.9946853430648118,0.982068275032812,0.9869842839980821,0.9902520653318162,0.9868623222861315,0.9844266560858693,0.9513458567415932,0.9917662604387112,0.9810365948975689,0.9939547001507002,0.9907999367099964,0.9841456334342207,0.9662508066423067,0.99542978039224,0.9923397256202566,0.9952810858727996,0.9857654078518248,0.9774369734301511,0.9719998276359413,0.9904534699122682,0.9910546313618961,0.9840363834920371,0.9899612093989273,0.9769941767455084,0.9721192453658145,0.9740442188172387,0.9950881180469531,0.9884264960030039,0.9834385447020899,0.9907230713780977,0.9821667480137691,0.984038207610988,0.9897393349779094,0.9735594108547809,0.9950837743107035,0.9953505004580065,0.9910328393754766,0.9925605789366193,0.9701619884707225,0.9906896992041074,0.9857335447192599,0.9842490142685502,0.9814877800993727,0.9958332523061848,0.9948529305184257,0.975036985572198,0.9797560957574718,0.9900890706700809
Dog,0.9880058278684873,0.9886177125960632,0.9768584881666945,0.9916470423898857,0.959341039272299,0.9699751993123609,0.9948615809045761,0.9956062877237438,0.949648194277955,0.9948240111171766,0.9726226451138907,1.0,0.991869376615406,0.9815221707617272,0.9872341742401849,0.99149276856646,0.9635886219338903,0.9568463477509727,0.9927036017954493,0.9939369416614857,0.9954192211318303,0.9577932882235393,0.9948726439388506,0.9600018776749577,0.9475190929641442,0.9913124447681478,0.9973498348883231,0.9725713412824505,0.9701562767924256,0.9707709887755628,0.9952841638135143,0.9848709358143808,0.9923263748715265,0.9879212857229299,0.9909568788614679,0.9907537452763997,0.9877168720651278,0.9973791357949726,0.9979693890480711,0.9967601210257551,0.9525112479013421,0.9499137659094367,0.941751104678921,0.9502374456291726,0.9886718543091426,0.9810469070148338,0.9652154485591404,0.9923498745147031,0.9872316018967962,0.9739474958615797,0.9618117220526353,0.9555682263239911,0.9921750793174687,0.9607841332323217,0.9911211973597571,0.9771174539539599,0.9894328173927724,0.959199129729644,0.969942894918935,0.9980288251866926,0.9907717224618156,0.9699434910614436
Earth,0.9916812548387673,0.9970626976763057,0.9872417202099613,0.9975480822697645,0.981779104334184,0.9845459344335669,0.9928032476413945,0.9949840345322281,0.9760530413468279,0.9944560446673415,0.9853542756916102,0.991869376615406,1.0,0.9934825085027582,0.9942565293823833,0.9946591811829602,0.9841806739836513,0.9821518462157028,0.9964815187372165,0.9948678108402043,0.9791959255714682,0.9823105767274325,0.9944719868342765,0.9816784167665208,0.9745312151332975,0.9973716609962493,0.9883788902284912,0.9895626668415053,0.9879063489020299,0.9811567869332568,0.9963849957359434,0.9909062018902802,0.991409108763412,0.9940589228748915,0.9957634416067731,0.9929817059677011,0.9905285396255041,0.9956400603133734,0.9886230591424529,0.9916170330853636,0.9754702011464896,0.9781545177307879,0.9703439994191271,0.9770506044785555,0.9977131064260454,0.9944100119752487,0.985968185050062,0.9814047968687503,0.9947393008532117,0.9824924062807657,0.983336808403441,0.979483343518464,0.9922904260322105,0.9833753353557957,0.9944737410872422,0.9897717084601827,0.9989261578143427,0.9802078269249985,0.9874912707122414,0.9911909324511582,0.9961786137236345,0.9873981763901213
English_Language,0.9881145006943958,0.9951042335397632,0.9945441902211963,0.9944065224884269,0.9905172876605629,0.9931463692101244,0.9894945257596032,0.9916179698077267,0.9861808382426019,0.9920521668176113,0.9858376388365581,0.9815221707617272,0.9934825085027582,1.0,0.9916250085359961,0.9898993747272163,0.9917817668540633,0.9898091468551711,0.9953748310343123,0.9935436059181554,0.9658947122841522,0.9896629359875987,0.991947572883704,0.9900224512798764,0.9812921787397,0.9957483951105669,0.9823952299797334,0.9947828058999971,0.9958093065546557,0.9874705486724729,0.9918738960399184,0.9916482001945609,0.9907315174975605,0.9962714036439583,0.9932595097589608,0.9936133149289288,0.9885948979113367,0.9857843823090946,0.9820002586671943,0.9877571059209539,0.9796449026286653,0.9839769490222948,0.9832700977317966,0.9842414795533132,0.9952843238223108,0.9948854729027469,0.9901040123641527,0.9698198058473573,0.9947980933758224,0.9897348216154869,0.9917258976727875,0.9874595227739625,0.9909628932126814,0.989604647699693,0.9938239073610656,0.9961821561938715,0.9937966227892125,0.9864111194184761,0.9938764851514001,0.9794025077474146,0.9938179310010298,0.9941810485802925
Europe,0.9838464602646959,0.9974070298559996,0.9928589618218421,0.99642376725427,0.9850698817350942,0.9918441521272984,0.9948259569601009,0.9945209448055822,0.9819782206396968,0.9943354565059681,0.9946853430648118,0.9872341742401849,0.9942565293823833,0.9916250085359961,1.0,0.9929201806383513,0.9860040941679703,0.9862600787924076,0.995333874062274,0.994879708222151,0.9714365923381878,0.9867241060731654,0.9930119424568813,0.9887875063288118,0.9820847407723938,0.9942028087690674,0.9831760492332331,0.9938652077232951,0.9913090585171885,0.9932567769777848,0.9952463018887661,0.9891261437991927,0.9861936275994795,0.995798541909775,0.9983334226304743,0.9932827950634238,0.9925101222702459,0.9904055269663282,0.9863551161699978,0.9877476093240223,0.9857889302188708,0.9834845622136051,0.9767039234642894,0.9839197260923572,0.9926350112718721,0.9893988844543535,0.9866937535479491,0.9845950448887034,0.997690509050369,0.9927831625303025,0.9893823217266361,0.9857306132841507,0.9839978722578958,0.986852439971926,0.993753771096586,0.989776853858987,0.9915647567564813,0.9894708950593046,0.9918839706796203,0.9884873579695107,0.9899549494985297,0.9901046634545939
Eye,0.9847872742732614,0.994371641702936,0.9894070211668776,0.9927558303422116,0.9750571527136497,0.9796576270699938,0.9928119140287996,0.9931910849845693,0.9668020306609354,0.9928520328452576,0.982068275032812,0.99149276856646,0.9946591811829602,0.9898993747272163,0.9929201806383513,1.0,0.9773434481247669,0.9740719847682761,0.9931484296746843,0.9932251083062862,0.9824820971151057,0.9756227613040176,0.991342113128595,0.9757502609777303,0.9634386336816768,0.9950856229174371,0.9880687072294987,0.9844929508602922,0.9828233288292967,0.9796024077782254,0.9972483554315202,0.9862572731079775,0.9869829422993325,0.9893875937563132,0.9953269274054343,0.9895613071683207,0.9861953455010974,0.9898317656994421,0.9899425446181727,0.9904295040703689,0.9672089977046401,0.969011480601162,0.9621589357839935,0.9676884792168086,0.9930113181649481,0.9854879096123599,0.9758975128357581,0.9781798557349081,0.9906372758586187,0.9814475334335023,0.9800369467992761,0.9724157484545596,0.9868202247042654,0.9718369394838756,0.9943838557075169,0.9849239000999859,0.9927895835245365,0.9733080633508344,0.9824795238470704,0.989192535658272,0.9903108330873133,0.9821799300219292
George_W._Bush,0.9814487028420393,0.9888611155664878,0.9863999243490981,0.9878070797019595,0.9995096546870923,0.9943896909707227,0.9779026049911355,0.9805328383639612,0.9961714092372795,0.9801979787113506,0.9869842839980821,0.9635886219338903,0.9841806739836513,0.9917817668540633,0.9860040941679703,0.9773434481247669,1.0,0.9960512297433,0.9852958497812677,0.984106190956396,0.939434766325158,0.9964886819003378,0.9812293513511506,0.9959652663233677,0.9911615827678589,0.9870339687256021,0.9645008686379847,0.9952326949533983,0.997945909363906,0.9859783578223767,0.9790668134287089,0.9885244646151099,0.9773077754377241,0.9893974248821303,0.9858308910881246,0.9860839151175527,0.9776727502737974,0.9723516844525801,0.9647323346002216,0.9717075635279396,0.9855333283724067,0.9920155522404921,0.995891169783794,0.9930895577247353,0.9884073772813338,0.994469262648222,0.997635467693686,0.9542112814586956,0.9893621681722334,0.9873150856559794,0.9944961536376243,0.9959674444203261,0.9759077423654483,0.9963698659941486,0.9791118790074321,0.9952183200634931,0.9862348829019986,0.9913231941456234,0.9960329015127092,0.9626064001713827,0.9852363676192809,0.9978606442689268
Ghana,0.9717121604680654,0.9875523720938142,0.9879742253516833,0.9844798620200652,0.9972777219675459,0.9937874136090731,0.9736832728988829,0.9755794778766931,0.998933150715263,0.9752289729124457,0.9902520653318162,0.9568463477509727,0.9821518462157028,0.9898091468551711,0.9862600787924076,0.9740719847682761,0.9960512297433,1.0,0.9817275250307284,0.9780544474456466,0.9300469401556951,0.9992431016638647,0.9747484341137699,0.9984950610502111,0.9976258510479786,0.9814831822280765,0.9543643870271108,0.9973500429984394,0.9972083765303992,0.9884453008167259,0.976149889456204,0.9805246542817455,0.9687031334169832,0.9866278258516961,0.9830554831257239,0.9801393310378412,0.9776197466673539,0.9676346045583255,0.9570103029498339,0.9645529936533075,0.9937538853769379,0.9985248658604523,0.9967655642605057,0.9983947958367252,0.9834932922977682,0.9892645477341295,0.9960267021495993,0.9506021989300208,0.9886825808494395,0.987336642358722,0.9978025945397725,0.998294452892701,0.9681819721811079,0.9983432511134092,0.9786580690692922,0.9899048628838002,0.9821705667318195,0.9968082464106345,0.9964119227754863,0.9589877561981072,0.9785018872357566,0.9951885103101068
Gold,0.9919130892303685,0.9964625256499685,0.9920517837654328,0.9987939165333412,0.9831691067129055,0.9910986645302168,0.9969603106360855,0.998071978353727,0.9774346201893429,0.9981452326894867,0.9868623222861315,0.9927036017954493,0.9964815187372165,0.9953748310343123,0.995333874062274,0.9931484296746843,0.9852958497812677,0.9817275250307284,1.0,0.998883511721521,0.9804730858229621,0.9812396729308006,0.9972930236159318,0.9836842226643036,0.9749103625520928,0.9978949049636606,0.9922281733551952,0.9910208335271223,0.9898386232806106,0.9885744744704043,0.99788482603299,0.9944304710658305,0.9960822733925269,0.9978144133008385,0.9978546708321147,0.9979806959230378,0.994658078203984,0.9946869738065124,0.9915805322086176,0.9955631261409926,0.9755642004851516,0.9759127219531688,0.9724291657750957,0.9765662042507278,0.996539170712425,0.994048724620874,0.9854887378431271,0.9854912892875533,0.9970798522362264,0.9897785588354524,0.9853275290391356,0.9797894209457179,0.9956774406795044,0.9838230230778209,0.9950263430604883,0.9928343266306308,0.9950203521013001,0.9821911032977158,0.9887495217947566,0.9928091027094595,0.9975702329557327,0.9885076200142047
Hinduism,0.9937032860059192,0.9951471400340931,0.9900579765080171,0.9982996263707073,0.9813898641328347,0.9892220488943565,0.9985759683629478,0.9985027344859949,0.9740627630580978,0.9989134393447833,0.9844266560858693,0.9939369416614857,0.9948678108402043,0.9935436059181554,0.994879708222151,0.9932251083062862,0.984106190956396,0.9780544474456466,0.998883511721521,1.0,0.9830815002116468,0.9780227911565129,0.9988680338924729,0.9810419842929174,0.9700272193437656,0.9977041795036824,0.9950069254954281,0.9883288776576699,0.9880020121715613,0.9872039316609977,0.9973059910805344,0.9959215650545167,0.9971104327274323,0.9968445698471393,0.9975405490260755,0.9991793158643734,0.992952286057743,0.9949691742364843,0.9943427969973904,0.9969975453676705,0.9711050546760399,0.9715881280193398,0.9695599120600934,0.9726092958322057,0.995753654568008,0.9926845296938306,0.983027626314991,0.987584872519796,0.995720776163311,0.9890162103947036,0.982062148707464,0.9767734607205748,0.9952061847804188,0.9805156352054494,0.9941267379993436,0.9928421679960743,0.9937004789132425,0.9787837901543991,0.9867395948006482,0.99326555032516,0.996883683568891,0.9874029157642797
Human,0.9758560868011833,0.9727037415851895,0.9612152030264739,0.9769602552221593,0.9339179691276156,0.9484607907097334,0.9852119448223846,0.9862757583908918,0.9208784382538285,0.9845702417833166,0.9513458567415932,0.9954192211318303,0.9791959255714682,0.9658947122841522,0.9714365923381878,0.9824820971151057,0.939434766325158,0.9300469401556951,0.9804730858229621,0.9830815002116468,1.0,0.931168939513196,0.9842133668717968,0.9347243731147508,0.9175908300105357,0.9790697856680518,0.9946650894475405,0.9502921902097231,0.948217780433276,0.9517380524033342,0.9857895349520931,0.9699625137568805,0.984313985354281,0.972750956653351,0.9774854668920995,0.9782285457075737,0.9757920173743118,0.9880273945307204,0.9938621629815159,0.990051576213827,0.9250314641590579,0.9212082458278692,0.9123248770315913,0.9212836986630742,0.9753568446953343,0.9624673550115747,0.9401896016068079,0.9859597359706683,0.9711994794844128,0.9559126673928435,0.937417670301763,0.928426850666854,0.9840047179989543,0.9341275455862235,0.9795100310737522,0.958222473034722,0.9758458620541999,0.9333033527474586,0.9478950810715611,0.9923274606890418,0.9786202834099265,0.9470434170499068
India,0.9706793639576775,0.9889765823941218,0.9884265401318307,0.9841908619798192,0.9977237695486529,0.9925724075338876,0.9732034163930408,0.9759019201104681,0.99859285771618,0.9757526325376066,0.9917662604387112,0.9577932882235393,0.9823105767274325,0.9896629359875987,0.9867241060731654,0.9756227613040176,0.9964886819003378,0.9992431016638647,0.9812396729308006,0.9780227911565129,0.931168939513196,1.0,0.9750420237724102,0.9988440031161196,0.9967339239324368,0.9824184723123418,0.954759166564283,0.9975108576190044,0.9976083546686577,0.9878805817837907,0.976345069919056,0.9793002046658519,0.968038128896995,0.9863255128094748,0.9840252744553567,0.9794961396666224,0.9778892394823473,0.9673390821290613,0.9577390572819011,0.9645714347502362,0.9943078158413083,0.9975707638161198,0.9965709852061546,0.9984298074065402,0.9835086141446384,0.9890528054507259,0.9965266893256324,0.9509467680863773,0.988915108967018,0.988370808241784,0.9973384254240423,0.9993764184157038,0.9672657129012137,0.9978290401957155,0.9796778217346249,0.9903452484564289,0.982248072778873,0.9969408327732073,0.9977379002915363,0.9584384509404653,0.9784227268317718,0.9964998732232688
Internet,0.9944442856916025,0.9944594892839744,0.9865370236074273,0.9974337363012907,0.9778357075383454,0.9855190920963666,0.9977319262387726,0.9972307371298472,0.9704497603043903,0.9986020160893981,0.9810365948975689,0.9948726439388506,0.9944719868342765,0.991947572883704,0.9930119424568813,0.991342113128595,0.9812293513511506,0.9747484341137699,0.9972930236159318,0.9988680338924729,0.9842133668717968,0.9750420237724102,1.0,0.9775438961745155,0.9659443867055177,0.9970105157149778,0.9957120397211092,0.9857286201795145,0.9851275315542981,0.982664784671147,0.9955382776852895,0.9945413556908961,0.9975176564771885,0.9954581096444964,0.9959833215942158,0.9979628364543212,0.9911516561618977,0.9962037286233713,0.9944337960448052,0.9973001332048167,0.9680057876881616,0.9680328459799186,0.9645975376224264,0.9698719118018255,0.995003657560371,0.9917864717586151,0.9810295988279026,0.9891935782284632,0.9936698170474909,0.9856356066289699,0.9786143720145629,0.9739141136126586,0.9951698354309898,0.9785429416283503,0.994399480785295,0.9920061781801567,0.9935063106164098,0.9754109556088355,0.9844699731903813,0.9936097459505987,0.9961349468921429,0.9854887529093695
Iran,0.9706120094860892,0.9892912017002724,0.991248243024441,0.9855834426376181,0.9974928025910567,0.9957185326276599,0.9770040339889675,0.9789632734431631,0.9986305254933159,0.9790910730216416,0.9939547001507002,0.9600018776749577,0.9816784167665208,0.9900224512798764,0.9887875063288118,0.9757502609777303,0.9959652663233677,0.9984950610502111,0.9836842226643036,0.9810419842929174,0.9347243731147508,0.9988440031161196,0.9775438961745155,1.0,0.9968993677289362,0.9832014870672912,0.9583959771324108,0.9982009559167361,0.9979569376511248,0.9932031384578462,0.9785104336550683,0.9807519123412458,0.971252619730345,0.9883090650884436,0.9862543300134602,0.9829146580367706,0.9824699991692232,0.9682022853131653,0.9608075871819167,0.9676820608526272,0.9956232332811205,0.9963321187518274,0.996328588845689,0.998258576352231,0.9830411464302462,0.9883677227203068,0.9957907453603374,0.9569596347672291,0.990989257822536,0.9933745456593948,0.997892116956258,0.9992255716408511,0.9690231115107865,0.9976361612580499,0.9806000518229528,0.9913343748833635,0.9804046846272214,0.9986909054154398,0.9985479675890705,0.9620151075570204,0.9795716172917726,0.9961020793387452
Iraq,0.9608126495644103,0.9813601404646375,0.9816674768736721,0.97801879788485,0.9934107493383945,0.9909333921876043,0.9660348920336875,0.9687475267108872,0.9980081046098154,0.9674814871766797,0.9907999367099964,0.9475190929641442,0.9745312151332975,0.9812921787397,0.9820847407723938,0.9634386336816768,0.9911615827678589,0.9976258510479786,0.9749103625520928,0.9700272193437656,0.9175908300105357,0.9967339239324368,0.9659443867055177,0.9968993677289362,1.0,0.9724638087606838,0.9430117669339807,0.9940936027398808,0.9926878005372484,0.9878335328411659,0.9682995924475795,0.9717301036203051,0.9583839369984398,0.9812642033647033,0.9768314306401197,0.972732708090765,0.9745020535797487,0.9599138152034719,0.9472084011767206,0.954412285731177,0.9966242164491959,0.9979503049847414,0.9950531941725322,0.9983634945123646,0.9745715965290512,0.982273241800118,0.9932541186289223,0.9468683678765539,0.984969017034119,0.985348839938746,0.9938074422069384,0.9969949252138801,0.9576671689122674,0.997325401665178,0.9697771665685039,0.9818869870095268,0.9732475778379365,0.9975935762408132,0.9929882191949057,0.9519932410520557,0.9698506426129949,0.9898849511297647
Iron,0.9932200065416229,0.9970192893089181,0.9904530144096719,0.9979636016727783,0.9845220942016111,0.9883682225993036,0.9942305412559337,0.9954820089451522,0.9771111875317956,0.9970994448955035,0.9841456334342207,0.9913124447681478,0.9973716609962493,0.9957483951105669,0.9942028087690674,0.9950856229174371,0.9870339687256021,0.9814831822280765,0.9978949049636606,0.9977041795036824,0.9790697856680518,0.9824184723123418,0.9970105157149778,0.9832014870672912,0.9724638087606838,1.0,0.9913074425516787,0.9899253622593546,0.9899070499755205,0.9835847514540688,0.9963075867528912,0.9943334735478516,0.9954504889102896,0.9951522331773354,0.9977720575256509,0.9959618117694987,0.9903291532069367,0.9932816951379615,0.9893278214928394,0.9937655336432325,0.9733249697973477,0.9759103553934227,0.9733296508522585,0.976683365313406,0.9983918421198172,0.9950661734310635,0.9861340452506335,0.9804076764052616,0.9943579767472334,0.9865010470522695,0.9851521758768392,0.9803998254688377,0.9944562071449582,0.9829114075179795,0.9946573974393493,0.9948824607388909,0.9969989731139218,0.9801202708767144,0.989228496650698,0.9889631730563704,0.9981458307400768,0.9905056668258936
Islam,0.9908491048454682,0.9847690154769249,0.9763130848833486,0.9902607319515502,0.9597053196328327,0.9709981377633038,0.9944454275749741,0.9946682727274262,0.9485546183459812,0.9947115692748009,0.9662508066423067,0.9973498348883231,0.9883788902284912,0.9823952299797334,0.9831760492332331,0.9880687072294987,0.9645008686379847,0.9543643870271108,0.9922281733551952,0.9950069254954281,0.9946650894475405,0.954759166564283,0.9957120397211092,0.9583959771324108,0.9430117669339807,0.9913074425516787,1.0,0.9698624886116974,0.9699859671905243,0.9694198593162914,0.9925028479999698,0.9881843676368947,0.9962532660373014,0.9870758847581191,0.9887626235868434,0.9929228337118443,0.9851922663706127,0.9944810657203826,0.9975559985413934,0.9974762223633832,0.9458440282872661,0.9457915022559515,0.9422752357125619,0.9465898886879089,0.9886505885482568,0.9811249928445838,0.9631808779178532,0.9886212152345658,0.9843652394169213,0.9733831548181283,0.9598073025508806,0.9528579055964729,0.9945010198912263,0.9588506232336146,0.98790914134844,0.9796940480854265,0.9870871811971603,0.9553628773310958,0.9682801827631192,0.9946910078708413,0.9916830265548188,0.9692913072947499
Italy,0.9788164547343549,0.9952525361464815,0.9948484440742168,0.9922833496813643,0.9958049083374769,0.996245051175744,0.9852943763452123,0.9871303294234934,0.9954537467063124,0.9872447883112807,0.99542978039224,0.9725713412824505,0.9895626668415053,0.9947828058999971,0.9938652077232951,0.9844929508602922,0.9952326949533983,0.9973500429984394,0.9910208335271223,0.9883288776576699,0.9502921902097231,0.9975108576190044,0.9857286201795145,0.9982009559167361,0.9940936027398808,0.9899253622593546,0.9698624886116974,1.0,0.9985563792443191,0.9942208740556383,0.9872552967501302,0.9862017770936954,0.9801617598803984,0.9941316317785728,0.9923592189489197,0.9890789905921333,0.9890377071114885,0.9791904560542786,0.9722973575622545,0.9787164489144355,0.9940203539480766,0.9940077423966031,0.9919005281615929,0.9956112342318251,0.9894126461626315,0.9930756675116817,0.9962272629287509,0.9677273828159494,0.9959437971303388,0.9945927954528485,0.9979142170241146,0.997003960939949,0.9793732169700246,0.9969158916677989,0.989567768130585,0.9941368286133907,0.9880926612599498,0.9974545179911367,0.9990040535628792,0.9740260216522711,0.9871284976183478,0.9970850105574967
Japan,0.9811469610889854,0.9931467716641683,0.9934818177283672,0.990960575845905,0.9979035162670779,0.9968403944239188,0.9833789986769028,0.9858892371712829,0.9962292550592763,0.9851486000880193,0.9923397256202566,0.9701562767924256,0.9879063489020299,0.9958093065546557,0.9913090585171885,0.9828233288292967,0.997945909363906,0.9972083765303992,0.9898386232806106,0.9880020121715613,0.948217780433276,0.9976083546686577,0.9851275315542981,0.9979569376511248,0.9926878005372484,0.9899070499755205,0.9699859671905243,0.9985563792443191,1.0,0.9918312077074353,0.9848148348528867,0.9886009102606463,0.9805026996349852,0.9938126421762127,0.9903460184750993,0.989329206587487,0.9847076874361561,0.9773166201259413,0.9717205199521098,0.9768441587822906,0.9899026156541059,0.9934939604948935,0.9941271352224241,0.9941747122194332,0.990529957042139,0.9936879353637709,0.9961200402119703,0.9621471027661274,0.9943381370278503,0.9930356428094054,0.9966891085748018,0.9968677705854563,0.9792816874949826,0.997080215100284,0.9864544018233027,0.9953490811911466,0.98830209737522,0.9949928551182405,0.9985873388167434,0.9696518526598364,0.9868769081453529,0.997926244778646
Jesus,0.969424795033939,0.9889814969920496,0.9938560903803865,0.9874391951780583,0.9871666819461512,0.9956082340248682,0.9867963936661098,0.9871330165548781,0.9874350089231938,0.9863344581324482,0.9952810858727996,0.9707709887755628,0.9811567869332568,0.9874705486724729,0.9932567769777848,0.9796024077782254,0.9859783578223767,0.9884453008167259,0.9885744744704043,0.9872039316609977,0.9517380524033342,0.9878805817837907,0.982664784671147,0.9932031384578462,0.9878335328411659,0.9835847514540688,0.9694198593162914,0.9942208740556383,0.9918312077074353,1.0,0.9857601427035223,0.9807859069852564,0.9772407444077371,0.9917756743383666,0.9905209838073838,0.9879399458403131,0.991171132290193,0.9741410845923902,0.9728639604717247,0.9770035361577468,0.9908240411831859,0.9847349218427249,0.983618192662127,0.9876494517540684,0.980628306913437,0.9823484275336064,0.9863072422457838,0.9742351442533698,0.9941765455893916,0.9983055270777316,0.9918074242845638,0.9892180222674146,0.9736108250963637,0.9884643890372465,0.984573780600158,0.9863629245841494,0.9769803625470207,0.9944415169099653,0.9930107276627387,0.9750340024398638,0.9801229182275494,0.9882293311187569
Judaism,0.9882100997315723,0.9956681763063197,0.990590741695562,0.9966328556014488,0.9769613726039492,0.9849827060040527,0.997406740360911,0.9980898483606861,0.9700410903843281,0.997371491024258,0.9857654078518248,0.9952841638135143,0.9963849957359434,0.9918738960399184,0.9952463018887661,0.9972483554315202,0.9790668134287089,0.976149889456204,0.99788482603299,0.9973059910805344,0.9857895349520931,0.976345069919056,0.9955382776852895,0.9785104336550683,0.9682995924475795,0.9963075867528912,0.9925028479999698,0.9872552967501302,0.9848148348528867,0.9857601427035223,1.0,0.9899052835302452,0.9927340586704052,0.9945273571562762,0.9973157280078053,0.9951445178918243,0.9938406631615845,0.9944728204077455,0.9938480513531613,0.9955340383260033,0.9714081242355646,0.9705614913496008,0.9643111841486859,0.9703923166241547,0.9939129724458332,0.9890632679583982,0.9796272804256941,0.9874861651786405,0.9953376191124609,0.9869169405141299,0.9811162588094211,0.9742716994768812,0.9926211970634047,0.9764395631137127,0.9957957324649533,0.9874029067379373,0.9935945286104136,0.9773840992546263,0.9846620523290052,0.9952228780383593,0.9945650092398776,0.9834604301185503
Julius_Caesar,0.9975320060163706,0.9896845341063691,0.9835314664173368,0.9960284609535742,0.9852611279884184,0.9895472591909985,0.9926702811373023,0.9912611665323992,0.9777161372022254,0.9918554173789194,0.9774369734301511,0.9848709358143808,0.9909062018902802,0.9916482001945609,0.9891261437991927,0.9862572731079775,0.9885244646151099,0.9805246542817455,0.9944304710658305,0.9959215650545167,0.9699625137568805,0.9793002046658519,0.9945413556908961,0.9807519123412458,0.9717301036203051,0.9943334735478516,0.9881843676368947,0.9862017770936954,0.9886009102606463,0.9807859069852564,0.9899052835302452,1.0,0.9932376381403559,0.9929901966592831,0.9915666185268078,0.9971249326574684,0.9818968010890033,0.9903988433519098,0.9865038068524116,0.989880656476982,0.966227135652993,0.9752384619103875,0.9749787763044113,0.9735131871394287,0.9957527984443351,0.9944083126807697,0.9845234372573901,0.9748996761805118,0.9905540144962184,0.9815698401187436,0.9818247630203705,0.9770381812904919,0.9916626000152582,0.9829493447080611,0.9851378530194566,0.9938716413247423,0.9929522988771393,0.9760798868686863,0.9839891963819172,0.9838498230649614,0.9947207241589008,0.9884223607821423
Koran,0.9940823107663391,0.9891108601803665,0.9829371440434661,0.9942922336237464,0.9734936142123954,0.9822380999669829,0.9942233350848915,0.9949187127695354,0.9644544004097503,0.9967203066137078,0.9719998276359413,0.9923263748715265,0.991409108763412,0.9907315174975605,0.9861936275994795,0.9869829422993325,0.9773077754377241,0.9687031334169832,0.9960822733925269,0.9971104327274323,0.984313985354281,0.968038128896995,0.9975176564771885,0.971252619730345,0.9583839369984398,0.9954504889102896,0.9962532660373014,0.9801617598803984,0.9805026996349852,0.9772407444077371,0.9927340586704052,0.9932376381403559,1.0,0.9925360790371472,0.9917948317824019,0.9963682581677751,0.9888841846725098,0.9929094962843905,0.9915568949913164,0.997302117659528,0.958634824631379,0.959930686459869,0.9599787427851888,0.9622691503829257,0.9930991364706513,0.9906314888466878,0.9766641791696633,0.9838013496110752,0.9888085314333982,0.9804975480505477,0.9732838589212639,0.9667023341553097,0.9985107682936863,0.9728584782081247,0.9905353338570434,0.9903117414168189,0.9910190836607002,0.9677402629748594,0.9790041254474888,0.9906559280430332,0.9970815346358158,0.9806779979834273
