,Adolf_Hitler,Africa,Asia,Association_football,Barack_Obama,Bible,Buddha,Buddhism,China,Christianity,Christmas,Dog,Earth,English_Language,Europe,Eye,George_W._Bush,Ghana,Gold,Hinduism,Human,India,Internet,Iran,Iraq,Iron,Islam,Italy,Japan,Jesus,Judaism,Julius_Caesar,Koran,Maize,Milk,Mohandas_Karamchand_Gandhi,Money,Moon,Moses,Muhammad,New_York_City,Niger,Osama_Bin_Laden,Paris,Periodic_table,Pope_Benedict_XVI,Pope_John_Paul_II,Religion,Rice,Roman_Catholic_Church,Rome,Russia,Silver,South_Africa,South_America,Soviet_Union,Sun,United_Kingdom,United_States,Water,Wikipedia,World_War_II
Adolf_Hitler,1.0,0.9900868664324006,0.9889723749896223,0.9716480816742048,0.9720126655575934,0.9827921391444778,0.8763952966997718,0.9806783221378848,0.9903613291411187,0.9888452802669242,0.9790709693921098,0.9847322792801776,0.9881955702393835,0.9805020760449696,0.9758326796619491,0.9942122564026374,0.9520496274433342,0.8057801733229771,0.9864337809983996,0.9893670797670585,0.9935811695566197,0.9929514523647776,0.988226659067896,0.9876062642530753,0.9819894614244343,0.9915057833593859,0.9862090461687575,0.9342692344320614,0.9902761271460062,0.9864146183984426,0.9938507660600175,0.9665051191245397,0.9856658003304365,0.9494082649525084,0.9653292660922195,0.9743590343905585,0.9892301031943195,0.9899484065394658,0.9735764160301038,0.980076494106349,0.98159435246326,0.9751649248090904,0.9582669880745566,0.9908651161604276,0.9904959900558424,0,0,0.9854579009847803,0.9897631816218581,0.9353302783618984,0.9925429281809277,0.9835816889256893,0.9900935909905167,0.9850890911174248,0.9911776407312389,0.9930862405430366,0.9882112024634616,0.9760531337087351,0.9920156668739378,0.9922033608917504,0.9777005788120358,0.9889852904875785
Africa,0.9900868664324006,1.0,0.9969944138240676,0.9832973358807269,0.965863038890467,0.9878530759647288,0.8912174731820345,0.9802100425278008,0.9954017753500475,0.9887927362404878,0.9759343104477122,0.9905349632194272,0.9905111859636473,0.9897461552185567,0.9893563527048738,0.9935090562900638,0.9590614920394435,0.829185255435761,0.9933104532564198,0.9921699067908932,0.9955576541704795,0.9970412029161891,0.9860732073978742,0.993873766416295,0.9869703566427487,0.9939570101164023,0.9892769087455673,0.953154757190371,0.9961754462551331,0.9809843649925117,0.9972440581076969,0.9767643140549188,0.9826946674020324,0.96003728716478,0.9780557117448168,0.9788501400634858,0.9875750405785334,0.9912725623938677,0.970475866733426,0.9840713997603169,0.9939293334319017,0.9781860901990166,0.9478630666771094,0.9967586783748238,0.9951988714475578,0,0,0.991155146328163,0.9888919640433683,0.9463017125392728,0.9943623258163876,0.9849803317823197,0.9859666668053634,0.9896167159795413,0.9959203053989895,0.9974472825845023,0.9879214051607123,0.9841105353931923,0.9944491668656671,0.9944200546693376,0.9859998103316027,0.9944244699581051
Asia,0.9889723749896223,0.9969944138240676,1.0,0.9907941810367747,0.9518208392894091,0.9866666768195284,0.9103009698947937,0.9733543752476385,0.9941112328713843,0.9881924323598911,0.9745548532368375,0.9872049808489969,0.9822706891056818,0.9932103871490655,0.9919326770958339,0.9872237064138141,0.9708825361104135,0.8575437218277053,0.9942773045330037,0.9856549807780528,0.989847436465759,0.9975004429006983,0.9769872933981821,0.9969255068830447,0.9934190185896469,0.9975929508955957,0.984516845782294,0.9648080315905313,0.9977306874303661,0.9746012191970393,0.9944162418794574,0.9820154735016802,0.9718288445547846,0.9722515349239588,0.9854831113215416,0.9645912360009399,0.97750435191938,0.9837180834919182,0.9660726991649713,0.9789917201962036,0.9943204649670568,0.9880086833815924,0.9291181460579715,0.9959305847062578,0.9915389076929774,0,0,0.9831437712099113,0.9796649044695457,0.9313997854011706,0.9908442811146011,0.9749639281301556,0.987636433944901,0.9946515781680039,0.9898279058935457,0.9968143719130829,0.9777321635857799,0.9920912231803881,0.9958005522180094,0.9880623965750198,0.9826166900319799,0.9885065586055951
Association_football,0.9716480816742048,0.9832973358807269,0.9907941810367747,1.0,0.9135515597567138,0.9812807468818573,0.9317550301050075,0.9508929391445363,0.9809186447765723,0.9742681380565403,0.9465482095667079,0.9814623690963061,0.9576146558539406,0.9912088323999907,0.9932267367526735,0.9681777619456636,0.9713769514608703,0.9052937464559623,0.9915042066794606,0.9690842936571691,0.9708445422944588,0.9882418195558312,0.9538565609075186,0.9939258088627431,0.9934636173882935,0.9882941608209646,0.9731006564965201,0.9838718966180612,0.9922895992722637,0.9608988272838686,0.9792939469356788,0.9896835763944013,0.9495779203971091,0.9842984620182355,0.9910263986376834,0.9393939885691935,0.9510377846223533,0.9623103241092109,0.9618374083022031,0.9702083159135455,0.9865936442077204,0.992646100144781,0.8868216420979721,0.9803871370169054,0.9779363517016268,0,0,0.9698489502875628,0.9536315051196641,0.9114951796050926,0.9726149215228245,0.9450645480540797,0.9773042615957545,0.9948702730823163,0.9705495763583454,0.9870154647017125,0.9535461376777251,0.9972534536714661,0.9841320367546498,0.9719293272173863,0.9799580079914079,0.9716296601037693
Barack_Obama,0.9720126655575934,0.965863038890467,0.9518208392894091,0.9135515597567138,1.0,0.9463824007605609,0.7755309893313387,0.9723140622816768,0.9611646575529781,0.9549856351791686,0.9740787630735902,0.9560789108303055,0.9876450443132795,0.9326744793017905,0.9322379964176121,0.9807544068455737,0.8810437195353658,0.6798849703707261,0.9497281536500438,0.9740824907476611,0.9829298918606676,0.9563085583603809,0.9848200621242686,0.9418053869360961,0.9270679792897025,0.9517420708619158,0.9661832272969431,0.857899516162952,0.9511223923365625,0.9680173742185479,0.9700870645234746,0.9011492913807632,0.9842551467864536,0.8782661319796532,0.9096788243831001,0.9782897661143,0.9895859746423923,0.9830035080157781,0.9429177765231463,0.9569668717948774,0.947996217410381,0.9115460500523853,0.9956098538301842,0.9627230129864406,0.9734744621275683,0,0,0.9683382240723166,0.9904145748578866,0.930754147291077,0.9682798152585734,0.988481248544375,0.9530271531723054,0.93493356228067,0.9813912130590491,0.9625341686073542,0.9880998060388885,0.9163751954556939,0.9571170354294691,0.9753562724907793,0.9453970760703393,0.979572970589928
Bible,0.9827921391444778,0.9878530759647288,0.9866666768195284,0.9812807468818573,0.9463824007605609,1.0,0.9005628342515697,0.9674537502580249,0.9831011931722519,0.9775751710996278,0.9645511989479408,0.983541878699486,0.9748749430757714,0.9852195560190717,0.9835633196635543,0.9791114396749078,0.9557871574813419,0.8461331031072037,0.9874656283674401,0.9805339006624734,0.9824211241889229,0.9883909913355349,0.9677116343196587,0.988532990536478,0.9829178521967902,0.9858470323735182,0.9828323936255263,0.955346970557231,0.9892949551065291,0.9775031148297997,0.9868294728891397,0.9805556745186603,0.9718572325877602,0.9572968777259541,0.9728892308684983,0.9678772499768078,0.9698321984907422,0.9769230312182787,0.9785136932467616,0.980571333387886,0.9810512171232073,0.9773848551965462,0.9276691746025285,0.9827992094168846,0.983384970561299,0,0,0.980229485798903,0.9746438906122948,0.947750137124764,0.9838063485963363,0.9657673404910233,0.9820030867153962,0.9874619240243743,0.9827747981505525,0.9894577532091406,0.9742187114306625,0.9823999590134556,0.9843918382728475,0.9847683146154289,0.9842522479556145,0.9810529397250374
Buddha,0.8763952966997718,0.8912174731820345,0.9103009698947937,0.9317550301050075,0.7755309893313387,0.9005628342515697,1.0,0.8411276252869594,0.8779159541426875,0.9081354187414132,0.8217681984666705,0.8875078120560478,0.8322132549610648,0.9022567036266684,0.9332745011691362,0.865656435150514,0.9260754351012788,0.9616162403708352,0.9103658471284592,0.8778125883322722,0.8577168573020211,0.9060108324536238,0.8250668829350832,0.9264458594694669,0.9387676067541326,0.9019520924793077,0.8968153850457874,0.9713418873571327,0.9125783003444278,0.8788433534006427,0.889377964605321,0.937427789195333,0.8520653054228893,0.9171200213464596,0.9434745207082932,0.809658255424308,0.8275264944724144,0.8362751735199638,0.8872018981634968,0.8989799763000043,0.8848287421327511,0.9385979420431513,0.7470834926877936,0.894269466532836,0.8706105046625067,0,0,0.8804728210465718,0.8294045541755051,0.7800423695101658,0.878477976272896,0.8124091927638505,0.9192422932564354,0.9281837948142038,0.8565888407011748,0.8976453685329487,0.8208835721956538,0.9422704669116284,0.8866700690984535,0.8642897319122671,0.8896204414822054,0.8607135319023905
Buddhism,0.9806783221378848,0.9802100425278008,0.9733543752476385,0.9508929391445363,0.9723140622816768,0.9674537502580249,0.8411276252869594,1.0,0.9708354008820551,0.9649259576726602,0.975793917645724,0.9723682074917545,0.9756062406593807,0.9618755067159628,0.9629458323455969,0.9832807591961783,0.9151360958758757,0.7524533240860084,0.9737251703237939,0.9891474515488742,0.9861585126519128,0.9729077771210729,0.9812269260363933,0.9699716719417741,0.9579912029705593,0.9787130840252918,0.9836998874370342,0.9071281447992138,0.9691798560529933,0.9808916396842364,0.9846611357971786,0.9571037822874746,0.9809541148681273,0.9145958730450342,0.9336792908056576,0.980137688615884,0.9837269770512652,0.9763851074343607,0.967247092696813,0.9824810967793002,0.9707891480774667,0.9487343731134243,0.9608555605142313,0.9772228815396317,0.97517453430284,0,0,0.9792483396486462,0.9855373570873196,0.9651231623264304,0.989279162198949,0.9748683397767498,0.9684231076102313,0.9622162929921678,0.9861093108378262,0.9736915677985701,0.9830166999774789,0.951139423598363,0.9712046722789074,0.9844841377256341,0.9840921211534647,0.980198564209534
China,0.9903613291411187,0.9954017753500475,0.9941112328713843,0.9809186447765723,0.9611646575529781,0.9831011931722519,0.8779159541426875,0.9708354008820551,1.0,0.9846372638215665,0.9762651471856391,0.9835773641486699,0.9901605360426707,0.9890341349658669,0.9802850965427865,0.9905141386853472,0.9703838590001634,0.8239655228116752,0.9859947164608746,0.985020212138244,0.9926239559935681,0.9967984411264973,0.9869658586893649,0.9896898982841404,0.9826709467988298,0.9917728130697571,0.9770991293694467,0.9441049238872496,0.9943697712514955,0.9709867174519006,0.9913610939062654,0.9694710407284458,0.9748406500609441,0.9621259604797702,0.9754701927079811,0.9755209931061801,0.9870178759385759,0.9919913948168607,0.9556154339854549,0.9690787228395978,0.9946567234285828,0.9758497578624961,0.94201289131984,0.9947404976436995,0.9928230137789468,0,0,0.9841977005297649,0.9870883253373254,0.9367310298707783,0.9910139943013431,0.987249270130671,0.9795670399870733,0.9864960795145771,0.993509401968795,0.9960391677488374,0.9877702689993056,0.981001082016001,0.9972584728412613,0.9906394788206493,0.975833046267851,0.9877217460204304
Christianity,0.9888452802669242,0.9887927362404878,0.9881924323598911,0.9742681380565403,0.9549856351791686,0.9775751710996278,0.9081354187414132,0.9649259576726602,0.9846372638215665,1.0,0.9548831258113682,0.9892174083293507,0.9796686824216189,0.9822566306818385,0.9841084348543289,0.9902317992664006,0.9564659231095908,0.8421295626009696,0.9887681714042171,0.985487692990776,0.9851108538813238,0.9927875449371769,0.9802768329891758,0.9906101951382364,0.9887634165080343,0.9867779010442622,0.9856706534626059,0.9556289206052504,0.9914297564896706,0.9824384508832517,0.9933345464028039,0.9704261255075227,0.9803169580416583,0.9620976641072374,0.980677563919889,0.9594421444198318,0.978666855911325,0.9821746756016607,0.9722565409538848,0.9801436973939052,0.9808338654886279,0.9807666637637278,0.9392480319283025,0.9906215659264632,0.9890785115073739,0,0,0.9887607460107831,0.9759527887014825,0.9146736345986137,0.9847309483047674,0.9703660513688736,0.9892795926653768,0.9859513929589607,0.9818722066124074,0.9914334586591881,0.9740323662145778,0.9820650861047217,0.9849379887921215,0.9889677083517887,0.9696527364465023,0.9842418214558099
Christmas,0.9790709693921098,0.9759343104477122,0.9745548532368375,0.9465482095667079,0.9740787630735902,0.9645511989479408,0.8217681984666705,0.975793917645724,0.9762651471856391,0.9548831258113682,1.0,0.9531164492457397,0.9810551450309453,0.958904287118656,0.9477672410533108,0.9721141852357896,0.9286954060013503,0.7491398529480563,0.9611766467975356,0.9680922370237525,0.9819462965159765,0.9700085777304207,0.9716736896373434,0.9604082728384934,0.9510225029716265,0.97580948563668,0.9610474255139656,0.8926792825349688,0.9667610105083445,0.9570884185428169,0.9756878972051398,0.9344286156984901,0.9615039706215107,0.9204363122133533,0.9319634515136875,0.9663749595567536,0.9768887096109381,0.976870143943322,0.9374279127731093,0.9517874561334351,0.9693092955715543,0.9427300234886983,0.9552872625447231,0.9760620331421455,0.9736938373528858,0,0,0.9547578883890784,0.982792923598872,0.9346155607240032,0.9794532768042383,0.9813336568325621,0.961025568974095,0.9587143172894604,0.9831839001359904,0.9741896607595683,0.9790704325724507,0.9464864754960896,0.977141469708814,0.9712661888073187,0.9565040322976055,0.9757509168607403
Dog,0.9847322792801776,0.9905349632194272,0.9872049808489969,0.9814623690963061,0.9560789108303055,0.983541878699486,0.8875078120560478,0.9723682074917545,0.9835773641486699,0.9892174083293507,0.9531164492457397,1.0,0.9822181944793669,0.9878401489857453,0.9889307983324614,0.9907945263803476,0.9404215800706677,0.8357317542692261,0.9947671758919626,0.9881715102208837,0.989664851020909,0.9899677045723224,0.983614373064797,0.9899672890801733,0.9845707025664894,0.9864094538872066,0.9908111572698741,0.9543713724006773,0.9913918159121614,0.986095584457284,0.9932162347161665,0.9762260862357921,0.9810913454907536,0.964551432379128,0.9783613918602629,0.9684729062301141,0.9797331887698824,0.9869681150088087,0.9850494823132864,0.9875178433170865,0.9849970216336993,0.978909226040941,0.941006618848192,0.985084842237012,0.9941388066401754,0,0,0.9926668877048711,0.9797745559330394,0.9380833261499364,0.9822432652629738,0.9704696208390329,0.98202855140454,0.9859481594111004,0.9865469385677594,0.991730498635174,0.9808303162527143,0.9815118111682066,0.9827495219167628,0.9940135139814908,0.9851199022620238,0.9914815500732211
Earth,0.9881955702393835,0.9905111859636473,0.9822706891056818,0.9576146558539406,0.9876450443132795,0.9748749430757714,0.8322132549610648,0.9756062406593807,0.9901605360426707,0.9796686824216189,0.9810551450309453,0.9822181944793669,1.0,0.9725837432707796,0.9665662597066496,0.9938729006598154,0.9338240185580705,0.7627418838643152,0.9776122774201946,0.9862487684736494,0.997064762646499,0.9857043166613013,0.9946672705032232,0.9745903572969923,0.9636224729337693,0.9795677500238124,0.9792898589917882,0.9118845878008359,0.9828652386218089,0.9756722119874531,0.9896806027126506,0.9433928792547415,0.9864472567868481,0.9334053684333459,0.9537506026423457,0.9858444825111404,0.9963032176744163,0.9988870447714115,0.958117962410553,0.9707320856600549,0.982121527072291,0.952372737516178,0.9750985277057562,0.9870142184420363,0.994830032817444,0,0,0.9855157451488579,0.9972716995364549,0.942426242605824,0.9854317210403359,0.9973884311684628,0.9717072441712571,0.969683243649106,0.9965463626735277,0.9893362074921298,0.9970452644014689,0.9584202399028094,0.9863369379180306,0.9930038935693364,0.9685175130341191,0.9946185430479674
English_Language,0.9805020760449696,0.9897461552185567,0.9932103871490655,0.9912088323999907,0.9326744793017905,0.9852195560190717,0.9022567036266684,0.9618755067159628,0.9890341349658669,0.9822566306818385,0.958904287118656,0.9878401489857453,0.9725837432707796,1.0,0.9857210873813582,0.9781217318666439,0.9671363991469246,0.8651831195805406,0.9918246001825389,0.9742121666668195,0.9807703354664739,0.9919179407551665,0.9704761262567981,0.992606652425764,0.9910170764385565,0.993145465409168,0.9730230317747856,0.9620512595090596,0.9929451327584884,0.9650895835900489,0.9881576653086195,0.9855530791853401,0.9566261838583946,0.9854531102635438,0.9831270622278363,0.9538186370390768,0.9663781913820869,0.9776826294415145,0.9666153946794142,0.967472522253271,0.9929276098604808,0.9881405587781105,0.9067442899841333,0.9875765622901118,0.9857399066835705,0,0,0.9765741266997213,0.9670981942630577,0.9323982847518094,0.9831340805345687,0.9630855084581953,0.9779523794177762,0.9917016735862882,0.979423472704167,0.9903356907644367,0.969804088842583,0.9900115565145403,0.9906505035450031,0.9838433691490065,0.9788368020506097,0.9801397453557199
Europe,0.9758326796619491,0.9893563527048738,0.9919326770958339,0.9932267367526735,0.9322379964176121,0.9835633196635543,0.9332745011691362,0.9629458323455969,0.9802850965427865,0.9841084348543289,0.9477672410533108,0.9889307983324614,0.9665662597066496,0.9857210873813582,1.0,0.9789806279963903,0.9612317642837317,0.8893645877819685,0.9945860231989426,0.9813953184996148,0.9787706205321522,0.990592562313767,0.9629256969647804,0.9962024905665314,0.9936100013918684,0.9877715276287803,0.9882411988099364,0.9834857570992391,0.9941554692770644,0.975772940224683,0.9874180707974465,0.9875606265472537,0.969313499674665,0.970915935253132,0.9912984913133284,0.951112630216648,0.9623554585326335,0.9697329728936,0.9736792266626855,0.9864124876891207,0.9842890238011214,0.9898791684921469,0.9118632327594021,0.9860693085890941,0.9848357848927796,0,0,0.9826874654009188,0.9644920895535286,0.9181382097284759,0.9785236986140308,0.953554018643355,0.9843976991433496,0.9936741364728466,0.9786475052444291,0.989873878259251,0.9623044919387513,0.9947886325214383,0.9825561760900661,0.9801471369392238,0.9851207317567147,0.982027168981885
Eye,0.9942122564026374,0.9935090562900638,0.9872237064138141,0.9681777619456636,0.9807544068455737,0.9791114396749078,0.865656435150514,0.9832807591961783,0.9905141386853472,0.9902317992664006,0.9721141852357896,0.9907945263803476,0.9938729006598154,0.9781217318666439,0.9789806279963903,1.0,0.9410665978418487,0.7930118805073787,0.9878516082507738,0.995882442537395,0.9975147786363658,0.992107151439045,0.9954862312271452,0.9859581596624809,0.9777084525784536,0.9869549115819247,0.9914295739979652,0.9319175261469688,0.9893453873981052,0.9900578923440845,0.9957435892943871,0.9616872644550108,0.9940326208980025,0.9432552425809142,0.9666437747926752,0.9823424422403959,0.995669989412861,0.9954414994784045,0.9746614667219572,0.9850577851806209,0.9832162060207462,0.9681718508430868,0.9697616429121807,0.9917383979887946,0.995496328359943,0,0,0.995081800416269,0.9943137190819755,0.9398682502844973,0.9920002886834445,0.9889949540759991,0.9864326142362019,0.980332879160808,0.9957437765382625,0.992890435144115,0.9940298987322731,0.9709751126291917,0.988067254099621,0.997283802667618,0.9794570575007873,0.9948050033072237
George_W._Bush,0.9520496274433342,0.9590614920394435,0.9708825361104135,0.9713769514608703,0.8810437195353658,0.9557871574813419,0.9260754351012788,0.9151360958758757,0.9703838590001634,0.9564659231095908,0.9286954060013503,0.9404215800706677,0.9338240185580705,0.9671363991469246,0.9612317642837317,0.9410665978418487,1.0,0.8950252959375196,0.9549659306806201,0.9370629924495679,0.9415024597782887,0.9717427303720223,0.9281955159134873,0.9715784050080873,0.9730810591442056,0.9682261981338729,0.9322412814920576,0.9609255188736167,0.9709183032615409,0.9194262901237276,0.952089506800762,0.9580062086866475,0.9171390780765226,0.9644182035503397,0.973361245852394,0.9105701834574617,0.9269103237179795,0.9377843228235275,0.9059166819924074,0.925602931151246,0.9692809402760256,0.9728822196280409,0.8521390194390748,0.9679424146741793,0.9485843673817727,0,0,0.9351816902170941,0.9276192077725788,0.873616895472506,0.9532450904363396,0.928325477741814,0.9518910942962634,0.9724865161912383,0.9444999017888417,0.9647136458043131,0.9254430083721668,0.9772091593099628,0.9723866165932136,0.941692803567087,0.9346822399777465,0.9352403314924902
Ghana,0.8057801733229771,0.829185255435761,0.8575437218277053,0.9052937464559623,0.6798849703707261,0.8461331031072037,0.9616162403708352,0.7524533240860084,0.8239655228116752,0.8421295626009696,0.7491398529480563,0.8357317542692261,0.7627418838643152,0.8651831195805406,0.8893645877819685,0.7930118805073787,0.8950252959375196,1.0,0.8623468069878856,0.7959177289839542,0.7883333881077579,0.8503769106422234,0.7525625349996788,0.8770294024996099,0.8963432763040431,0.8489407788695802,0.8226370482014348,0.9537373936558586,0.8646680265167935,0.7987873210449993,0.8228875626477468,0.8938415759264953,0.7664332771491669,0.9150613349120517,0.9163993434028437,0.7200215309167125,0.7455197294655661,0.7716011858177847,0.8201593654021316,0.8227559866079306,0.8385251535612939,0.908363877697241,0.6408150754437502,0.8342842745001253,0.8165193031634037,0,0,0.8052315579660534,0.7487513966789356,0.6874664567117912,0.8030933903847851,0.7328973833385191,0.8524604276927438,0.8879137533565228,0.7875140920359731,0.8425395552166697,0.7468368505642712,0.9101721355501274,0.8367796868062417,0.7955544638574573,0.8277882868892267,0.8000196398223443
Gold,0.9864337809983996,0.9933104532564198,0.9942773045330037,0.9915042066794606,0.9497281536500438,0.9874656283674401,0.9103658471284592,0.9737251703237939,0.9859947164608746,0.9887681714042171,0.9611766467975356,0.9947671758919626,0.9776122774201946,0.9918246001825389,0.9945860231989426,0.9878516082507738,0.9549659306806201,0.8623468069878856,1.0,0.9874159409826675,0.9879901193690529,0.9940189364166633,0.9769831239935405,0.996993089809832,0.9941116886555998,0.9942058276416941,0.9910053771611417,0.9690951602410133,0.9960484557014878,0.9835159712116625,0.9946122532856075,0.9846202277715385,0.9766603580895086,0.9729872515198298,0.9854740858906644,0.9617952802665056,0.9747725239680574,0.9808454337181783,0.9817954980715101,0.9880277721645685,0.9892743403622021,0.9882309224199287,0.9296986954710699,0.9906430038951837,0.9914973628369165,0,0,0.9881066239610363,0.9757465176076969,0.9325655883585217,0.9873078651115075,0.966177238576357,0.9896918807709839,0.9953291380438483,0.9858734509405904,0.9945195422872136,0.9750980566451258,0.9919889013276171,0.9890259303034243,0.9900944571181869,0.9889471275488997,0.9899199408145543
Hinduism,0.9893670797670585,0.9921699067908932,0.9856549807780528,0.9690842936571691,0.9740824907476611,0.9805339006624734,0.8778125883322722,0.9891474515488742,0.985020212138244,0.985487692990776,0.9680922370237525,0.9881715102208837,0.9862487684736494,0.9742121666668195,0.9813953184996148,0.995882442537395,0.9370629924495679,0.7959177289839542,0.9874159409826675,1.0,0.9942799886296507,0.9892728350046598,0.9891940485029987,0.9858708058327192,0.9757278192687282,0.9851795095293332,0.9949344155374125,0.9369198476542381,0.9863783754884318,0.9921503101929865,0.9935101823808747,0.9690352881909753,0.9931086376730504,0.9339608197522035,0.9628578635051508,0.9860987520935153,0.9914072190153745,0.9877491523884122,0.9779147411837834,0.9925970110950905,0.9815461870555416,0.9654181666423282,0.9629535231543623,0.9874957974394555,0.9892368188707377,0,0,0.996842027416464,0.9908692786893022,0.953208459924644,0.9929327893578341,0.9824195225577385,0.9839500761544212,0.977950614883356,0.9936263735017865,0.9895063207592396,0.9888622972354439,0.9700741070862415,0.9819601780713865,0.9956167769553278,0.9879623919201391,0.9895908925895329
Human,0.9935811695566197,0.9955576541704795,0.989847436465759,0.9708445422944588,0.9829298918606676,0.9824211241889229,0.8577168573020211,0.9861585126519128,0.9926239559935681,0.9851108538813238,0.9819462965159765,0.989664851020909,0.997064762646499,0.9807703354664739,0.9787706205321522,0.9975147786363658,0.9415024597782887,0.7883333881077579,0.9879901193690529,0.9942799886296507,1.0,0.9920130511945752,0.9950658103199278,0.9852038725377201,0.9755353452680395,0.9889335790769241,0.9895538600912562,0.9297476887082138,0.9900370727526334,0.9853952455477212,0.9959724222682977,0.9617570191764591,0.9901663260386431,0.9438479487483382,0.9634184269634373,0.9865403704388753,0.9961932143364631,0.9973571614359866,0.9713573513677108,0.98348057860519,0.9878311253303218,0.966063985593669,0.9690460845759661,0.9917165481879131,0.9970327935441826,0,0,0.992089685315559,0.9973346623377615,0.950098592278041,0.9927596565660108,0.9931749927013407,0.9818775363556622,0.9804007918009988,0.9991522966954451,0.9943688869192163,0.9965567385352622,0.9709259618071461,0.990650727742085,0.9972120904820203,0.9828975084917595,0.9971046897570646
India,0.9929514523647776,0.9970412029161891,0.9975004429006983,0.9882418195558312,0.9563085583603809,0.9883909913355349,0.9060108324536238,0.9729077771210729,0.9967984411264973,0.9927875449371769,0.9700085777304207,0.9899677045723224,0.9857043166613013,0.9919179407551665,0.990592562313767,0.992107151439045,0.9717427303720223,0.8503769106422234,0.9940189364166633,0.9892728350046598,0.9920130511945752,1.0,0.9835853607101915,0.9973603396567973,0.9927866679992646,0.9956339933359167,0.9865894512427641,0.9619996053569903,0.9990117568803374,0.9800269481700812,0.9956464196090197,0.9808701546620239,0.9792950310286812,0.9688888321889375,0.9847926968061305,0.9706145007958377,0.983582428982427,0.9880583286922022,0.9694211156821754,0.9810017253649228,0.993717464913972,0.9863977135164321,0.9371918895737956,0.996581553528751,0.9936884286360191,0,0,0.9893620254442965,0.9835855049436325,0.9326960657509983,0.9927551138713341,0.9793494620461403,0.989642139219531,0.994280789044684,0.9917236934711314,0.9986910340915282,0.9826996502227365,0.9906326861411804,0.9967886201381652,0.9922216384972511,0.9829064714190242,0.9892690447335627
Internet,0.988226659067896,0.9860732073978742,0.9769872933981821,0.9538565609075186,0.9848200621242686,0.9677116343196587,0.8250668829350832,0.9812269260363933,0.9869658586893649,0.9802768329891758,0.9716736896373434,0.983614373064797,0.9946672705032232,0.9704761262567981,0.9629256969647804,0.9954862312271452,0.9281955159134873,0.7525625349996788,0.9769831239935405,0.9891940485029987,0.9950658103199278,0.9835853607101915,1.0,0.9728354803718634,0.961628516220184,0.9787017934692761,0.9794009146723002,0.9059755189850729,0.9792167660777923,0.9803603501352357,0.9890426621721848,0.9456355355242115,0.9885751701263837,0.9310885141921997,0.9485380516921578,0.9862793277679658,0.9980763794441472,0.9964642694446725,0.9613197863847416,0.9721043415620342,0.980869280684009,0.9516817725784598,0.9746477773313085,0.9843815266279302,0.9912011640814113,0,0,0.9888841502473398,0.9952528041637577,0.9467855367628958,0.9875167290626146,0.9933807935449318,0.9703485270120783,0.9661518813152636,0.9933913786353298,0.9853785097283061,0.9967011466994913,0.9545552571038206,0.9823226060769564,0.9947308096689924,0.9705821764698658,0.990420675398475
Iran,0.9876062642530753,0.993873766416295,0.9969255068830447,0.9939258088627431,0.9418053869360961,0.988532990536478,0.9264458594694669,0.9699716719417741,0.9896898982841404,0.9906101951382364,0.9604082728384934,0.9899672890801733,0.9745903572969923,0.992606652425764,0.9962024905665314,0.9859581596624809,0.9715784050080873,0.8770294024996099,0.996993089809832,0.9858708058327192,0.9852038725377201,0.9973603396567973,0.9728354803718634,1.0,0.9977506368359111,0.9957661230761189,0.9878364695368842,0.9761427673079324,0.9983781227632376,0.9792135950191395,0.9931659350439398,0.9889766846861633,0.9733905831588173,0.9752387819748004,0.9901069432442418,0.9589393985490919,0.972163509421324,0.9779623731796376,0.974354123162031,0.984457827036658,0.9904327151738617,0.9932808257153927,0.9208571597754018,0.9934983044337016,0.9886611313999611,0,0,0.985659086581845,0.9729937824451758,0.9260721021904712,0.9886992243117487,0.9648158721893229,0.9911462519647262,0.9979123049640145,0.9845362656670775,0.9954025940863515,0.9715887856285745,0.9966617470102894,0.9924770066502234,0.9869455661091961,0.9860313011332984,0.9849146987176144
Iraq,0.9819894614244343,0.9869703566427487,0.9934190185896469,0.9934636173882935,0.9270679792897025,0.9829178521967902,0.9387676067541326,0.9579912029705593,0.9826709467988298,0.9887634165080343,0.9510225029716265,0.9845707025664894,0.9636224729337693,0.9910170764385565,0.9936100013918684,0.9777084525784536,0.9730810591442056,0.8963432763040431,0.9941116886555998,0.9757278192687282,0.9755353452680395,0.9927866679992646,0.961628516220184,0.9977506368359111,1.0,0.9932015511197221,0.9804411908722418,0.9810094995932009,0.9950353160395421,0.9719524116920147,0.9876909114492582,0.9880270038455333,0.9627276036835686,0.9827285411660345,0.9927213677637848,0.9412036204875335,0.9592489014118902,0.9674857737002855,0.9701699448827819,0.9765645014009378,0.9842598073572327,0.9970953034321203,0.9034690438186628,0.9892324087844644,0.9815513463024234,0,0,0.9761833935247843,0.9596856111143908,0.9073192735625071,0.9806850571110705,0.9510691515496799,0.9906303927316326,0.9982411986288567,0.9735301390985608,0.9898111392467784,0.9587028461674295,0.998013417905467,0.9881866787544792,0.9777893373964759,0.9762537603813264,0.9772132355246274
Iron,0.9915057833593859,0.9939570101164023,0.9975929508955957,0.9882941608209646,0.9517420708619158,0.9858470323735182,0.9019520924793077,0.9787130840252918,0.9917728130697571,0.9867779010442622,0.97580948563668,0.9864094538872066,0.9795677500238124,0.993145465409168,0.9877715276287803,0.9869549115819247,0.9682261981338729,0.8489407788695802,0.9942058276416941,0.9851795095293332,0.9889335790769241,0.9956339933359167,0.9787017934692761,0.9957661230761189,0.9932015511197221,1.0,0.9831893901982254,0.9586852132986534,0.9953412029563483,0.9761158183101825,0.9943904558345554,0.9827005704630222,0.9717888558796437,0.9723483480244861,0.9797456261325578,0.9638132556552779,0.977270999594584,0.9822718974519512,0.9689379269459579,0.9788594406212979,0.9932249788948916,0.9892476177089692,0.9290417850430236,0.9952659665764035,0.9889650399140218,0,0,0.9808831882031186,0.9788953669290262,0.9366428689150927,0.9928852468223386,0.9725360152157373,0.9878418008693752,0.9942987418552529,0.9880123888077762,0.9941324625675985,0.977768748038799,0.9903214461560618,0.9959448759830327,0.9884860511237652,0.9835653397962415,0.9869938695721041
Islam,0.9862090461687575,0.9892769087455673,0.984516845782294,0.9731006564965201,0.9661832272969431,0.9828323936255263,0.8968153850457874,0.9836998874370342,0.9770991293694467,0.9856706534626059,0.9610474255139656,0.9908111572698741,0.9792898589917882,0.9730230317747856,0.9882411988099364,0.9914295739979652,0.9322412814920576,0.8226370482014348,0.9910053771611417,0.9949344155374125,0.9895538600912562,0.9865894512427641,0.9794009146723002,0.9878364695368842,0.9804411908722418,0.9831893901982254,1.0,0.9504448584796144,0.9870826650035812,0.9955466581741235,0.9930292290913841,0.9725232733452043,0.9916229402811358,0.9402212015102929,0.9698575402425909,0.9721177780331789,0.9814978127794437,0.9805908232204504,0.9881542768056684,0.9979827499387328,0.9746407126853295,0.971750738412945,0.9558419372988336,0.9846429043317747,0.9884314955038489,0,0,0.9930543492857431,0.9829759813436423,0.939332663714185,0.9863305713740412,0.9697625245296793,0.988947433728252,0.982787053960441,0.9877191954817033,0.9885268699169205,0.9798803743163884,0.9760454170355146,0.9771435666700573,0.9903453459916939,0.988741113554083,0.9901257434081642
Italy,0.9342692344320614,0.953154757190371,0.9648080315905313,0.9838718966180612,0.857899516162952,0.955346970557231,0.9713418873571327,0.9071281447992138,0.9441049238872496,0.9556289206052504,0.8926792825349688,0.9543713724006773,0.9118845878008359,0.9620512595090596,0.9834857570992391,0.9319175261469688,0.9609255188736167,0.9537373936558586,0.9690951602410133,0.9369198476542381,0.9297476887082138,0.9619996053569903,0.9059755189850729,0.9761427673079324,0.9810094995932009,0.9586852132986534,0.9504448584796144,1.0,0.9693184415796774,0.9320485172348154,0.9489350349610568,0.9769117418045006,0.9173615082214317,0.9694580631056144,0.9860429499180163,0.8899215015934206,0.9037377120133643,0.9169704740763689,0.9377265458214289,0.9516385854151916,0.9539309584079599,0.9813284908146073,0.8302678843594359,0.9529238832664567,0.9437222236411632,0,0,0.9413928444722754,0.9060135235612974,0.8568786135240374,0.936751893200727,0.8928219278186184,0.9569645627237388,0.9772839100265519,0.9299478188340506,0.9581196154594827,0.9025238160597459,0.9872957362385276,0.9508361831464925,0.9347155324071231,0.9516669631476137,0.9359360572491565
Japan,0.9902761271460062,0.9961754462551331,0.9977306874303661,0.9922895992722637,0.9511223923365625,0.9892949551065291,0.9125783003444278,0.9691798560529933,0.9943697712514955,0.9914297564896706,0.9667610105083445,0.9913918159121614,0.9828652386218089,0.9929451327584884,0.9941554692770644,0.9893453873981052,0.9709183032615409,0.8646680265167935,0.9960484557014878,0.9863783754884318,0.9900370727526334,0.9990117568803374,0.9792167660777923,0.9983781227632376,0.9950353160395421,0.9953412029563483,0.9870826650035812,0.9693184415796774,1.0,0.9791053409642975,0.994738499760723,0.9830586004912187,0.9767837131488467,0.9741225075730118,0.988788907981375,0.9652299227297838,0.9785139849498885,0.9852930073995488,0.9716936631723962,0.9819869359705132,0.9929243227769152,0.9898110758995134,0.9310215074822432,0.9950577608122031,0.993758400328632,0,0,0.9872670282378303,0.9794786826462551,0.9278373293085541,0.9889537526735541,0.9740134730674045,0.9896264104144971,0.9970388663877158,0.9893083946747963,0.998453488895982,0.9789160571138705,0.994177181496019,0.9956494730787293,0.9898900640493363,0.9836161208474262,0.9897828467359426
Jesus,0.9864146183984426,0.9809843649925117,0.9746012191970393,0.9608988272838686,0.9680173742185479,0.9775031148297997,0.8788433534006427,0.9808916396842364,0.9709867174519006,0.9824384508832517,0.9570884185428169,0.986095584457284,0.9756722119874531,0.9650895835900489,0.975772940224683,0.9900578923440845,0.9194262901237276,0.7987873210449993,0.9835159712116625,0.9921503101929865,0.9853952455477212,0.9800269481700812,0.9803603501352357,0.9792135950191395,0.9719524116920147,0.9761158183101825,0.9955466581741235,0.9320485172348154,0.9791053409642975,1.0,0.9886719316023622,0.964388902476951,0.9922993839842377,0.930588878672018,0.9590010483695945,0.9711494752771325,0.9812525912324197,0.9783449967012988,0.9916656516558755,0.992497616675468,0.96441523434375,0.9638227761232318,0.9620193081874349,0.9770523359689022,0.9825180629597527,0,0,0.9898947830556313,0.9806443914894373,0.937255876474055,0.9834402065301678,0.9667864570623873,0.9872609453276513,0.9744786076873387,0.9816423295239035,0.9822716915978529,0.9794588364598799,0.9646455019587982,0.9691598404897462,0.9886684736185836,0.9805076452352439,0.9841250158274263
Judaism,0.9938507660600175,0.9972440581076969,0.9944162418794574,0.9792939469356788,0.9700870645234746,0.9868294728891397,0.889377964605321,0.9846611357971786,0.9913610939062654,0.9933345464028039,0.9756878972051398,0.9932162347161665,0.9896806027126506,0.9881576653086195,0.9874180707974465,0.9957435892943871,0.952089506800762,0.8228875626477468,0.9946122532856075,0.9935101823808747,0.9959724222682977,0.9956464196090197,0.9890426621721848,0.9931659350439398,0.9876909114492582,0.9943904558345554,0.9930292290913841,0.9489350349610568,0.994738499760723,0.9886719316023622,1.0,0.9756847116803223,0.987042243802134,0.9597525018676443,0.9754690008750342,0.9760261807208315,0.9888514453994104,0.9910478068935082,0.9794733203414631,0.987917978497349,0.9897588859655343,0.9793428857985375,0.9540396429578734,0.9959620763242539,0.9955608234034272,0,0,0.9924967114054817,0.9891084205681654,0.9443215249171296,0.9952732521688384,0.9827099005259922,0.9903186566513469,0.9893643659831846,0.9942187086394558,0.9964140095555242,0.9880114610274237,0.9823930000301998,0.991717949737966,0.9962823530408983,0.985372792780624,0.9950460074911546
Julius_Caesar,0.9665051191245397,0.9767643140549188,0.9820154735016802,0.9896835763944013,0.9011492913807632,0.9805556745186603,0.937427789195333,0.9571037822874746,0.9694710407284458,0.9704261255075227,0.9344286156984901,0.9762260862357921,0.9433928792547415,0.9855530791853401,0.9875606265472537,0.9616872644550108,0.9580062086866475,0.8938415759264953,0.9846202277715385,0.9690352881909753,0.9617570191764591,0.9808701546620239,0.9456355355242115,0.9889766846861633,0.9880270038455333,0.9827005704630222,0.9725232733452043,0.9769117418045006,0.9830586004912187,0.964388902476951,0.9756847116803223,1.0,0.9467824170740612,0.9711997291492405,0.9771617055537692,0.9396247791171843,0.9439897058314896,0.9501769785602224,0.9702966492592621,0.9737116063028994,0.9764429793771743,0.9873728057500142,0.8773836039473628,0.9724000984538793,0.9643181478629099,0,0,0.9692549572266529,0.9453176540582959,0.9285751074820932,0.9744851737141855,0.9324542637544326,0.974335429120962,0.9864984574063282,0.9616091789935537,0.976789032821333,0.9457834013007166,0.9889632431717474,0.9726969036961187,0.9682373394558508,0.9843213827450761,0.9602330975735435
Koran,0.9856658003304365,0.9826946674020324,0.9718288445547846,0.9495779203971091,0.9842551467864536,0.9718572325877602,0.8520653054228893,0.9809541148681273,0.9748406500609441,0.9803169580416583,0.9615039706215107,0.9810913454907536,0.9864472567868481,0.9566261838583946,0.969313499674665,0.9940326208980025,0.9171390780765226,0.7664332771491669,0.9766603580895086,0.9931086376730504,0.9901663260386431,0.9792950310286812,0.9885751701263837,0.9733905831588173,0.9627276036835686,0.9717888558796437,0.9916229402811358,0.9173615082214317,0.9767837131488467,0.9922993839842377,0.987042243802134,0.9467824170740612,1.0,0.9136216325899212,0.9494192564611665,0.9824765685571167,0.9913156815248909,0.9863147035610536,0.9750028962601446,0.9878149989969666,0.9652724908008418,0.9510091957770508,0.9801377805992235,0.9802163416092037,0.9855978765003234,0,0,0.9914444162834055,0.9903297274606307,0.9384866217160915,0.9833190542876294,0.981643823019197,0.9796977857296758,0.9671725503638247,0.9884573933739901,0.9812895078129923,0.9888445393817397,0.9549119130866535,0.972718870428873,0.9898026464998494,0.9739675906482523,0.9892713303433436
Maize,0.9494082649525084,0.96003728716478,0.9722515349239588,0.9842984620182355,0.8782661319796532,0.9572968777259541,0.9171200213464596,0.9145958730450342,0.9621259604797702,0.9620976641072374,0.9204363122133533,0.964551432379128,0.9334053684333459,0.9854531102635438,0.970915935253132,0.9432552425809142,0.9644182035503397,0.9150613349120517,0.9729872515198298,0.9339608197522035,0.9438479487483382,0.9688888321889375,0.9310885141921997,0.9752387819748004,0.9827285411660345,0.9723483480244861,0.9402212015102929,0.9694580631056144,0.9741225075730118,0.930588878672018,0.9597525018676443,0.9711997291492405,0.9136216325899212,1.0,0.9843061748852001,0.8960548329941219,0.9207939171623789,0.9408960636970932,0.9385401354781038,0.9326244136370762,0.9707232566353511,0.9869638973503615,0.8454248943879895,0.9637745350562389,0.9591568566213149,0,0,0.9393957871412497,0.920684130396131,0.8679235748634472,0.9469938736566839,0.9158271750911541,0.9568078923984397,0.9800078357823268,0.9408463008714378,0.9664816463883034,0.9246253101418442,0.9843838615257747,0.9672555167427729,0.9483440485644561,0.9426832586623916,0.948473738362856
