,Adolf_Hitler,Africa,Asia,Association_football,Barack_Obama,Bible,Buddha,Buddhism,China,Christianity,Christmas,Dog,Earth,English_Language,Europe,Eye,George_W._Bush,Ghana,Gold,Hinduism,Human,India,Internet,Iran,Iraq,Iron,Islam,Italy,Japan,Jesus,Judaism,Julius_Caesar,Koran,Maize,Milk,Mohandas_Karamchand_Gandhi,Money,Moon,Moses,Muhammad,New_York_City,Niger,Osama_Bin_Laden,Paris,Periodic_table,Pope_Benedict_XVI,Pope_John_Paul_II,Religion,Rice,Roman_Catholic_Church,Rome,Russia,Silver,South_Africa,South_America,Soviet_Union,Sun,United_Kingdom,United_States,Water,Wikipedia,World_War_II
Adolf_Hitler,1.0,0.9870515545778866,0.9709141153734148,0.9925943528740118,0.957592853378734,0.9717350576641465,0.9720004200038647,0.9605917676413714,0.9843820743526336,0.987681796296284,0.9813832316233623,0.9692633487856157,0.9848582142931912,0.9395175590225152,0.987284610923864,0.9792894860988073,0.9589122239957727,0.9743360923586197,0.9732428030425966,0.9777662072360587,0.9843630350275779,0.9844637083615978,0.9881811206448119,0.9774991445242149,0.9811759575063903,0.9790519251653235,0.9739507576295425,0.9816193447511802,0.9912194915932265,0.984615064165802,0.9822958459682417,0.9867052566657004,0.9723104933096988,0.8689011552381342,0.9820984423118697,0.9790750823345824,0.9665399176716695,0.9798627659057515,0.973826215443323,0.9796196840469366,0.9825253561854689,0.9722017248323402,0.9386781718769371,0.9818652719639911,0.9279047841262278,0.9950670680259259,0.9657236709750449,0.9733508977122168,0.9614492094418698,0.9693647115297958,0.9769707882305041,0.9752929059126887,0.946720248038018,0.9781812056676639,0.9809870067093044,0.9797192536688654,0.9854327531236333,0.9817289756975907,0.9839884053442917,0.8364893973561034,0.9715051315584954,0.966549254679954
Africa,0.9870515545778866,1.0,0.9752432714235209,0.9895919794857416,0.9451714364559581,0.9730288182384891,0.9697000373988596,0.9600395848651226,0.9875895858875565,0.9930900808315685,0.9760518724191721,0.9746687305236086,0.9893895346260365,0.942626368403718,0.9914581755485259,0.9812197265162579,0.9456905939552879,0.9715647627984413,0.9821187238730521,0.9771194955816018,0.9903136160055503,0.9814739843609962,0.9812951160155816,0.9719524542182568,0.978754054897061,0.9812299439740612,0.979098362375496,0.9894117584083031,0.9930137149964285,0.984428036179599,0.9837762904613482,0.984860774608552,0.9733196533956119,0.8967002614739129,0.9839259348183468,0.9623609455278751,0.9682268930835443,0.988419614979192,0.974241960676756,0.9811396264483088,0.9879137543469427,0.9839285256054762,0.9227432641988531,0.9860510110402321,0.9303019847780022,0.9813074025573679,0.9593442159386699,0.9713336205327691,0.9806588411372296,0.9637966364204924,0.989171759182737,0.9692486262061701,0.9696327233188963,0.9887095533955865,0.9931306667364888,0.9707578523319305,0.9934282469738183,0.9796823156916641,0.9798482860839334,0.8620421738414767,0.9776114961231169,0.9516130809302594
Asia,0.9709141153734148,0.9752432714235209,1.0,0.9657818274300363,0.9608873315243306,0.9726321792522049,0.9305797388110513,0.901983485683585,0.9806794820777301,0.9811626850572895,0.9638516315703792,0.9266924889129222,0.9783181497409033,0.9627456111801908,0.9834119900371036,0.985114701954546,0.9673875051671249,0.9908388924447096,0.9628013250435348,0.951221738102437,0.962943490966115,0.9916798540874533,0.974553250998555,0.9940155953038358,0.9937993449023041,0.9561867326384862,0.9408089529946704,0.9838696989168829,0.9807760872094978,0.9583910893408726,0.9552760602569805,0.9491420513569356,0.9368631916345938,0.8479917783953845,0.9713389319937924,0.9692579338536367,0.9319393919287823,0.9481079979878128,0.9334467402273792,0.9493157885183553,0.9877006692540282,0.978417531159114,0.9552408017475073,0.977286314168848,0.9373363521221483,0.9698391680030339,0.9583749536686673,0.9513505935637366,0.9428542065795051,0.9818663685304865,0.9730351985746275,0.9920465088307755,0.9572642218679644,0.9784951652892032,0.9792304395534045,0.9838776182152936,0.967193668180172,0.9869555914656722,0.9846318091086306,0.8181799663298431,0.9405472263233082,0.978173746864675
Association_football,0.9925943528740118,0.9895919794857416,0.9657818274300363,1.0,0.9539180354204061,0.970346377623822,0.9681864122320162,0.9633889209495875,0.9834287892671378,0.9882462273112879,0.9788674990991231,0.9749138054606079,0.9831785954528092,0.9322961616008408,0.9827706260344128,0.9785033920371153,0.9526255834503863,0.9681064581984068,0.9729812231962389,0.9761746288148103,0.9859352215762504,0.9792347251502348,0.9872326475083185,0.974680533884181,0.9765934296409067,0.9734066356081958,0.9759187658631111,0.9762444727446097,0.9900187599647661,0.9894918549568592,0.983649047337343,0.9913710366019421,0.9800227404785221,0.8772227305380815,0.9809322048868805,0.968712736247315,0.9731549995566829,0.9783234270135021,0.9785510339667023,0.9811616960927744,0.981787211188122,0.9717723649658893,0.9287001072377127,0.9830716072005343,0.9260726322440118,0.9925989639546975,0.9601080571253445,0.9664187663946612,0.9736917665094369,0.9698243038724862,0.9766519030157068,0.9666999582218069,0.945488178622444,0.9739925078510722,0.9777175727812716,0.9720419568376835,0.9885137491005246,0.9741598748761392,0.9798630879966914,0.8492665840048014,0.9779474007782948,0.9529626806900695
Barack_Obama,0.957592853378734,0.9451714364559581,0.9608873315243306,0.9539180354204061,1.0,0.9469125249183145,0.8902326821734252,0.87072290704021,0.9504947603016025,0.950009377470716,0.925598254915353,0.88869355400654,0.9540704222030401,0.8833795174640497,0.9513430657702964,0.9404719505411167,0.9890127014706167,0.968386926643305,0.9531743879650739,0.9080691176979088,0.9347690029353227,0.9603267851013164,0.9376695708060264,0.9659464150139812,0.9712838304981162,0.9246106599346993,0.9020740893016049,0.9638799253559183,0.963262272479078,0.9516925140597551,0.9189139417251595,0.9462485248817674,0.9023738918661476,0.8806906490179537,0.9192613764001627,0.9751296472583457,0.9036596093080547,0.9315706728478472,0.9012949249635184,0.9449763756461618,0.9759879296256063,0.9632643296518879,0.9780050819345375,0.9748136489175918,0.9248651382573164,0.9697581462832565,0.977438756604872,0.9041284007845564,0.91432454782049,0.9597538463671558,0.9566899105720508,0.9616862619794511,0.9110801864018316,0.9432256847037906,0.9492334338698705,0.9553813505833245,0.9476074324560307,0.9526491535550939,0.9715055889551951,0.8089774066255754,0.9071587647256146,0.9516069447244832
Bible,0.9717350576641465,0.9730288182384891,0.9726321792522049,0.970346377623822,0.9469125249183145,1.0,0.947757417983745,0.9409281079412914,0.9867478150318334,0.9763087203854014,0.9701841258447929,0.9451935603844559,0.9600425726704296,0.951859300792194,0.9779071925861019,0.9762175622639558,0.9431235135623149,0.9767811964082691,0.9603442602438473,0.9742122463276087,0.9683009913218071,0.9753368904346521,0.9824284180289568,0.9722532534180548,0.9782230298172319,0.9804275766401771,0.9615727395675286,0.968513013414167,0.9818387703970228,0.9723811206417414,0.9722307122454102,0.960605095757712,0.9612015477058279,0.8687617307214024,0.9726854450627503,0.9626224578935475,0.9600777172962544,0.9428713184918434,0.9342941481611519,0.9606705991519583,0.9710524552429937,0.9725618368410668,0.9112423880095004,0.9797496832380022,0.9677200013452713,0.971035387783658,0.9463171475222364,0.9697866042482548,0.9627308673272611,0.973143228747542,0.9827998275771942,0.9714188269069235,0.9651161916234039,0.9783730777771256,0.9739238434085331,0.977545356355138,0.9790045523138167,0.9865118383874505,0.9782524634963241,0.8835132814982004,0.9630554288715231,0.9562335721857519
Buddha,0.9720004200038647,0.9697000373988596,0.9305797388110513,0.9681864122320162,0.8902326821734252,0.947757417983745,1.0,0.989327746838682,0.9644710108957706,0.9648421630987007,0.9826474871376792,0.9866648429534701,0.948995688668871,0.9372121457066269,0.9635203845752727,0.9467118811878105,0.8864917397692427,0.9241768836202632,0.941156043045352,0.9852281762650704,0.9818106952447698,0.9462869943811256,0.9689460795996458,0.9308325124470659,0.9359120512119983,0.9737278560864162,0.9887058668431141,0.9461159729492717,0.9608209270016492,0.9758005451303469,0.9898051138743025,0.9749742694695398,0.9889995315814798,0.8345889879310412,0.9795149059253866,0.9332388588042925,0.9778385879370431,0.9667564084036597,0.9798958617308268,0.9783166238426753,0.9438896121263459,0.9342957928829297,0.8784505229467432,0.9514877538151617,0.8873449179686749,0.9601582380381353,0.9324520178855676,0.9824257824715295,0.9698926903383858,0.9236625098895854,0.9579884742204926,0.9317737867630502,0.9459968484041421,0.9676602964121787,0.9505279992165804,0.9326589479315783,0.971493477373391,0.9584492788917246,0.9396339229527155,0.8611287853662563,0.9818370029495973,0.9037158480570363
Buddhism,0.9605917676413714,0.9600395848651226,0.901983485683585,0.9633889209495875,0.87072290704021,0.9409281079412914,0.989327746838682,1.0,0.9488525164514456,0.9513938932394783,0.9672327648223032,0.9878759915632569,0.9302059077098894,0.9053590885633537,0.9452919793149812,0.9337167181627581,0.8606101061694299,0.8982849797494569,0.9294519348795931,0.979964223063804,0.969648558159092,0.9204166122678074,0.9597779046588162,0.9040210317187772,0.9113706274595182,0.9688664044732326,0.9866094361318116,0.924874499204929,0.9477058741686502,0.9690558168244753,0.9813331345001183,0.9751809795157749,0.9879761479269406,0.8497006956262829,0.9671397870142191,0.91194422286823,0.9818812709239817,0.9592757478946015,0.9754685579026979,0.9687145081861854,0.9240305288298051,0.9174196261759897,0.8378507877755074,0.9381863361021099,0.8821021957055644,0.9530712223568761,0.9138567833060082,0.9708192162330009,0.9650827403419712,0.9074484398694024,0.9506880001848483,0.9011112180427341,0.9266289197610859,0.9496855576326225,0.9395617643271437,0.9143506845687307,0.9673018869032936,0.9390977059127993,0.9203661674780282,0.8856300992757423,0.9862627175954587,0.8779181502593514
China,0.9843820743526336,0.9875895858875565,0.9806794820777301,0.9834287892671378,0.9504947603016025,0.9867478150318334,0.9644710108957706,0.9488525164514456,1.0,0.9859750608994328,0.9749481123371901,0.9619533247215657,0.9826308553917825,0.9632946677365376,0.9920470491116166,0.9838690572541907,0.9510848360267771,0.9859799390746825,0.9788407813454444,0.9805402955520227,0.9826361603481878,0.9900535768247285,0.9867199578357088,0.9825367950206243,0.9891757287123186,0.9883574601430487,0.9716590971077199,0.9862204074816845,0.9950337969997695,0.9795461110759471,0.9796993556205124,0.9689038002644446,0.9654858351192279,0.864858949485452,0.9845182952861796,0.9723932109816339,0.9677536290849497,0.9681305442153152,0.952428717673109,0.9698974352357465,0.9850426079517303,0.9833206455507264,0.9287914133987107,0.988328738689084,0.9559235319248818,0.9771394306729988,0.9622720757644765,0.9735291733437719,0.9756525918619076,0.9786492979167678,0.985558706343472,0.98449489852464,0.9681586335773765,0.9902073137507051,0.9836924374994365,0.9851436526613213,0.9910880859371564,0.992337500468958,0.9916198347336541,0.8541733387002453,0.9667945701569897,0.9650112134795018
Christianity,0.987681796296284,0.9930900808315685,0.9811626850572895,0.9882462273112879,0.950009377470716,0.9763087203854014,0.9648421630987007,0.9513938932394783,0.9859750608994328,1.0,0.9786294923333193,0.9682755772152802,0.9856730171171206,0.9521568593233309,0.9908093776245238,0.9823390001784813,0.9548237430359032,0.9791357499603077,0.9722696951087332,0.9795903819026736,0.9850948217899848,0.9884659494382089,0.9863163723708652,0.9804574580602184,0.983847484413713,0.972150537415875,0.9759666024485709,0.9875665335427439,0.9910110804521454,0.9822160578350703,0.9857359689383913,0.9810209114395471,0.9725083111771584,0.8757868799409118,0.9841000103972342,0.9696408124178426,0.960056773303096,0.9794981149777885,0.9656468314481602,0.9766016974726794,0.9888677447192299,0.9860092073946485,0.9351270235952603,0.9826411589316304,0.931660518147267,0.984443288105421,0.9598482958067562,0.9796748415161773,0.9638597391745329,0.9653635701641349,0.9852589903927117,0.9791343698841655,0.9723559792337583,0.9875247521395965,0.9925864207870162,0.9783855788768432,0.9859868094717589,0.9871885484630777,0.9838550148955895,0.8411124517117722,0.9748711713601372,0.9680217976115612
Christmas,0.9813832316233623,0.9760518724191721,0.9638516315703792,0.9788674990991231,0.925598254915353,0.9701841258447929,0.9826474871376792,0.9672327648223032,0.9749481123371901,0.9786294923333193,1.0,0.9702827166689773,0.9620986972887103,0.9552473158059938,0.9756883950148999,0.9703253487273554,0.927205945743705,0.9554520964406339,0.9534745384592084,0.981428925545617,0.9839136228809576,0.9700882690106081,0.9843642038705185,0.9655453988912107,0.9651080303126214,0.9721677696387553,0.9785756660931754,0.959374474452928,0.9733352683921545,0.9822549691054393,0.9862687032379088,0.9758317790585785,0.9840654291071246,0.8403532631618389,0.9883371727503343,0.9590562440301585,0.9740599873187891,0.9583964320003201,0.9761450433001516,0.9785284843124066,0.9641998122289724,0.9527900628234037,0.912242767031954,0.9684659025352494,0.9069409612177837,0.9765535837213942,0.939648111016429,0.9772235740071582,0.9673685448489608,0.9550433026859321,0.9655959235838812,0.9592960510907358,0.957116795762387,0.9727922518474936,0.9599970538470921,0.9567944887907117,0.9712130951237883,0.9745337485610507,0.9598421335195431,0.855582177424348,0.9731207137304855,0.9401960056764977
Dog,0.9692633487856157,0.9746687305236086,0.9266924889129222,0.9749138054606079,0.88869355400654,0.9451935603844559,0.9866648429534701,0.9878759915632569,0.9619533247215657,0.9682755772152802,0.9702827166689773,1.0,0.9507624926849428,0.9293763516125764,0.9590239054339793,0.9529894545785615,0.8846081234294294,0.9206452120400765,0.944507904612165,0.9840737743819767,0.978798519489386,0.9424813452098325,0.9710706375064216,0.927339630149979,0.9312298106731307,0.9692865668466595,0.9917607604734316,0.9480233623179289,0.9601058954484585,0.9735396750610081,0.9879578378374394,0.9753200326149585,0.9891755478793739,0.8494004671951862,0.9805433642702847,0.9188228224535243,0.9752950367805199,0.9727420691431593,0.9812386406171756,0.9688940167876094,0.9456238935957006,0.9428229136993758,0.868996764510236,0.9486928998077209,0.8889422717628024,0.9597307305151107,0.9312948821076158,0.9718924776845602,0.9725074491969287,0.9203960857065626,0.9616465624226961,0.9253645772512189,0.9456180078216722,0.9668574345266818,0.9564946457579808,0.9306039201031486,0.9756544063158975,0.9552200712705826,0.9383226356513265,0.8683087073152849,0.9880114142040091,0.9011744615853094
Earth,0.9848582142931912,0.9893895346260365,0.9783181497409033,0.9831785954528092,0.9540704222030401,0.9600425726704296,0.948995688668871,0.9302059077098894,0.9826308553917825,0.9856730171171206,0.9620986972887103,0.9507624926849428,1.0,0.9323351673766704,0.9895877184312771,0.9784127890901949,0.9624893894302609,0.9807637276344395,0.9861968322610319,0.9563786543405467,0.9829910800414493,0.9885654543893566,0.9735401107677205,0.979443061497089,0.9854212831117856,0.963714754569065,0.951565472029029,0.9917830722929469,0.99157522734654,0.9696494505841973,0.967379142568238,0.9692818449527913,0.9477935519776833,0.8824504206893745,0.9709830944701974,0.9681738940576189,0.9406939845382325,0.9833837067170155,0.9541178625100144,0.9651901621395125,0.9886283559701204,0.9836770689221926,0.9435381845877127,0.9811391616584408,0.926980869685083,0.9773173406668483,0.9569597299469608,0.9568818687961032,0.9584969793720507,0.9647235714000266,0.9699794174751578,0.980471493805119,0.9509472160802983,0.9737643643009751,0.986986783596962,0.9796530708993808,0.9823633814360244,0.9728113748186317,0.9870131723590588,0.8064927659045262,0.9514866977418183,0.967071972368345
English_Language,0.9395175590225152,0.942626368403718,0.9627456111801908,0.9322961616008408,0.8833795174640497,0.951859300792194,0.9372121457066269,0.9053590885633537,0.9632946677365376,0.9521568593233309,0.9552473158059938,0.9293763516125764,0.9323351673766704,1.0,0.9557511749907328,0.9588822504484604,0.8990932135004363,0.9536235326987211,0.911990736017276,0.9554208088889308,0.9349481226347114,0.962248176935444,0.9660553466241736,0.9612560779307555,0.95640425954833,0.9460241209061556,0.9409141591206946,0.9401679618397517,0.9457856851961327,0.9306853942021398,0.9485718316260326,0.9089880866697261,0.9354677034871363,0.7503904253491912,0.9712589034987094,0.9220206111529939,0.9355632892024274,0.9054652573347822,0.9125926968089282,0.9109284049122953,0.9420044102472106,0.9299388057300499,0.886024304153329,0.9302766416760606,0.9024066067646518,0.9267541087515293,0.9131497443138337,0.9570822049012737,0.9270220398873774,0.9499682705833481,0.939436339796569,0.9639287994827584,0.9432931977377161,0.9620129302519947,0.9385407698701909,0.9534477420919206,0.9394522368121476,0.9719275720519248,0.9452894504804725,0.8065607148989811,0.9323554038758598,0.9361846560057164
Europe,0.987284610923864,0.9914581755485259,0.9834119900371036,0.9827706260344128,0.9513430657702964,0.9779071925861019,0.9635203845752727,0.9452919793149812,0.9920470491116166,0.9908093776245238,0.9756883950148999,0.9590239054339793,0.9895877184312771,0.9557511749907328,1.0,0.9783244078166444,0.9596835870444559,0.9832666893672807,0.9862290484410536,0.9717043524034727,0.9854560431460377,0.990991250266468,0.982992501086997,0.982757556165227,0.9898240754263086,0.9776807550155677,0.9664325663300938,0.9891308440451276,0.9961247685150847,0.9804659530837676,0.9803891791126602,0.9722472797531441,0.962417624631055,0.889900847864293,0.9847943652628061,0.9762506664107733,0.957000126042767,0.9780048603683851,0.9559518803848911,0.9714059381732932,0.9877595904436408,0.9838791477293215,0.936914378566303,0.9846648225638406,0.9462332128248752,0.9797469972743349,0.9589489001773529,0.9755045391219557,0.9662454396526864,0.9727373362451148,0.9835729170820132,0.9828587113621629,0.9682500858939834,0.9872961307726317,0.9915250628174547,0.983955198889034,0.987820361225682,0.9879263959926728,0.9889190378505269,0.8289968441480392,0.9644155127546857,0.9703652897411846
Eye,0.9792894860988073,0.9812197265162579,0.985114701954546,0.9785033920371153,0.9404719505411167,0.9762175622639558,0.9467118811878105,0.9337167181627581,0.9838690572541907,0.9823390001784813,0.9703253487273554,0.9529894545785615,0.9784127890901949,0.9588822504484604,0.9783244078166444,1.0,0.94346821829592,0.9805211847718023,0.9582399644482795,0.971561312979744,0.9715639321552694,0.9858130890055837,0.9883548318610171,0.9841228624150057,0.982523243617467,0.9734508042448757,0.9592926109039863,0.9761089133631546,0.9812114949853052,0.9590042306172868,0.9673766761610055,0.961412145335349,0.9553762874895608,0.8354451299060802,0.982981837699055,0.9578222339825542,0.9525796136382576,0.9558457061937454,0.9541555628764613,0.9519819249941176,0.9777967280241235,0.970998808490965,0.9245189459869242,0.9715004569609048,0.9395402246233753,0.9753119485804576,0.948249754191568,0.9604552517875338,0.9568937235756317,0.9781586852512916,0.9716398270360068,0.9819764464729522,0.9496582761833081,0.9761497224288269,0.9780629905200459,0.985186679432443,0.97619905776761,0.9845265060837601,0.979985527746984,0.8467565626567373,0.9612159955660023,0.9696564959054363
George_W._Bush,0.9589122239957727,0.9456905939552879,0.9673875051671249,0.9526255834503863,0.9890127014706167,0.9431235135623149,0.8864917397692427,0.8606101061694299,0.9510848360267771,0.9548237430359032,0.927205945743705,0.8846081234294294,0.9624893894302609,0.8990932135004363,0.9596835870444559,0.94346821829592,1.0,0.9778211947312133,0.9562907396298391,0.9069924978828255,0.9358322371100493,0.9718207759459715,0.9440748093439821,0.9753697731402775,0.9772025577159142,0.917074791526491,0.8974990108170305,0.9683336289612211,0.9664197695023997,0.948660142689854,0.9178896710877434,0.9363407859119786,0.8979699991970376,0.8633284983293722,0.9236297984931162,0.9722121868901857,0.8949109473672082,0.9325212351827173,0.8936608383083905,0.9310612798845661,0.9762659921358474,0.9649470594905508,0.975732725950257,0.9698478837812196,0.9192407526333743,0.9654720268632918,0.9648718133030855,0.9113174486815793,0.9055255361859207,0.9647543221393773,0.9450833165197347,0.972514037928643,0.9138928538288419,0.9419450275379238,0.9524095880330955,0.9635938010111094,0.9426657784451627,0.9548981290343396,0.9766636499201968,0.7692151145781897,0.8966135331777662,0.964531057548843
Ghana,0.9743360923586197,0.9715647627984413,0.9908388924447096,0.9681064581984068,0.968386926643305,0.9767811964082691,0.9241768836202632,0.8982849797494569,0.9859799390746825,0.9791357499603077,0.9554520964406339,0.9206452120400765,0.9807637276344395,0.9536235326987211,0.9832666893672807,0.9805211847718023,0.9778211947312133,1.0,0.9679310435198136,0.9526870433737954,0.9610666526971879,0.9961476225638061,0.974730997357614,0.9928912874821193,0.9964491845514828,0.9604528085865757,0.9354381027252978,0.9867481008530462,0.986901111525383,0.9589827936308809,0.9511203432699831,0.9460825346040797,0.9289597270609039,0.8466770625402247,0.9616070800603358,0.9777601625439364,0.9296629990200701,0.948686499988866,0.9194410232061299,0.9442506196429599,0.9862720636232857,0.9850091160535719,0.9531582729863491,0.9822599137447112,0.9543909150870401,0.9708968336174234,0.9597258543480427,0.9503967192980272,0.9400516916056982,0.9823861241759512,0.9693694977605071,0.996706630078671,0.9549246593919184,0.9752216702038928,0.9776467505111963,0.9920973322721182,0.9693715013654811,0.9871876774035064,0.995473992225832,0.8045512539219543,0.9318299956338595,0.9849215925597817
Gold,0.9732428030425966,0.9821187238730521,0.9628013250435348,0.9729812231962389,0.9531743879650739,0.9603442602438473,0.941156043045352,0.9294519348795931,0.9788407813454444,0.9722696951087332,0.9534745384592084,0.944507904612165,0.9861968322610319,0.911990736017276,0.9862290484410536,0.9582399644482795,0.9562907396298391,0.9679310435198136,1.0,0.9453692496922511,0.9791828320956358,0.9727536050607781,0.9590711803783707,0.9620705656840979,0.9756812161142779,0.9649432841688976,0.9463746774965326,0.9825254659737125,0.9879277772568437,0.9704581676452854,0.959724280921496,0.9613064986941605,0.940055900049643,0.9281790571561926,0.9632289298301127,0.9668278309353141,0.9380387328836269,0.9791702368571116,0.9402390433815828,0.962558234773684,0.9789125442190041,0.9828833622055366,0.9319637856561049,0.9812652268820636,0.9402821982060523,0.9671852779171516,0.9512000662880247,0.9454025853314849,0.9637864444023111,0.9516030167529801,0.9729201031942881,0.9624065699729053,0.9555284431792838,0.9683567450422402,0.9793987998307674,0.9655735268754126,0.982919923194036,0.9634348382910506,0.9792229660600278,0.8206820586199594,0.9417634479096115,0.9520354947802722
Hinduism,0.9777662072360587,0.9771194955816018,0.951221738102437,0.9761746288148103,0.9080691176979088,0.9742122463276087,0.9852281762650704,0.979964223063804,0.9805402955520227,0.9795903819026736,0.981428925545617,0.9840737743819767,0.9563786543405467,0.9554208088889308,0.9717043524034727,0.971561312979744,0.9069924978828255,0.9526870433737954,0.9453692496922511,1.0,0.9789461429540653,0.9661638202253079,0.9872524841059431,0.9518081388197103,0.9553138771920006,0.985006839547275,0.991490006512354,0.9608747554740451,0.9740993311895594,0.9773450181343083,0.9904752769168298,0.9731791164061891,0.9870045252385917,0.8291263657285587,0.9851814060466926,0.941110964671023,0.980661444087629,0.9622086922093559,0.9662718738832315,0.9692458917046257,0.9576484058732045,0.9574609212524604,0.8832386281586767,0.9651524396371948,0.9280359982498552,0.9692043228532174,0.9410224394719708,0.9886095810961807,0.968664329771231,0.9488219220511996,0.9722834923216271,0.9548025010478313,0.9619716425871278,0.9813490385568902,0.9678265479119449,0.9592130200683184,0.9813276719883314,0.9808620202559013,0.9623756002072746,0.8735594652659466,0.9861995209767936,0.932536839548367
Human,0.9843630350275779,0.9903136160055503,0.962943490966115,0.9859352215762504,0.9347690029353227,0.9683009913218071,0.9818106952447698,0.969648558159092,0.9826361603481878,0.9850948217899848,0.9839136228809576,0.978798519489386,0.9829910800414493,0.9349481226347114,0.9854560431460377,0.9715639321552694,0.9358322371100493,0.9610666526971879,0.9791828320956358,0.9789461429540653,1.0,0.974543051727588,0.9788206077266212,0.961896765903521,0.9682064365620937,0.9762525283600948,0.9791626160228755,0.9784533762467772,0.9856123005651547,0.9855231767546395,0.989931756474904,0.9825474985112566,0.9801092650680734,0.8860663583886882,0.984499725846911,0.9591070343859851,0.9654839577514372,0.9852480774773249,0.9746343311586563,0.9841506083616469,0.9751105917541844,0.9746531207893341,0.9232648970774161,0.9790504961237398,0.9240175072962286,0.9769152332716824,0.9534707008408397,0.9779296500312389,0.9803844371732816,0.949851453680694,0.9763380806219794,0.9629033803572478,0.965976010230094,0.9792665156797027,0.9779850861518482,0.9628265670395654,0.9879705515313962,0.9734728676377138,0.9724614664067144,0.8532563177672876,0.9768112987953101,0.9410714062475589
India,0.9844637083615978,0.9814739843609962,0.9916798540874533,0.9792347251502348,0.9603267851013164,0.9753368904346521,0.9462869943811256,0.9204166122678074,0.9900535768247285,0.9884659494382089,0.9700882690106081,0.9424813452098325,0.9885654543893566,0.962248176935444,0.990991250266468,0.9858130890055837,0.9718207759459715,0.9961476225638061,0.9727536050607781,0.9661638202253079,0.974543051727588,1.0,0.9847126797157291,0.9946438944828904,0.9964911470688067,0.9666401288904526,0.9525123591896327,0.9890863285381097,0.9917822058376219,0.9694408780421676,0.9682884372303262,0.9598192640458104,0.9484479168365507,0.8459950737859461,0.9768279529345327,0.978023713795755,0.9424995374504924,0.9627108683642955,0.9420653055662961,0.9569080684527725,0.9886144557453469,0.9844350628446065,0.9521279526761928,0.9826720374644922,0.9450715614366672,0.9789353394550869,0.9602520456464358,0.965681769676466,0.9498347929153986,0.9809486433027608,0.9718857047498681,0.9970824505917905,0.9591066708074064,0.9808752829229743,0.9831592541363834,0.9928139626436684,0.9769101786245192,0.9906881988716666,0.9954530912572278,0.8031107621202751,0.947890892289374,0.984931205988215
Internet,0.9881811206448119,0.9812951160155816,0.974553250998555,0.9872326475083185,0.9376695708060264,0.9824284180289568,0.9689460795996458,0.9597779046588162,0.9867199578357088,0.9863163723708652,0.9843642038705185,0.9710706375064216,0.9735401107677205,0.9660553466241736,0.982992501086997,0.9883548318610171,0.9440748093439821,0.974730997357614,0.9590711803783707,0.9872524841059431,0.9788206077266212,0.9847126797157291,1.0,0.9800358150414931,0.9788146410182943,0.9780701985578303,0.9758803965221937,0.9703096026325244,0.9853274353230577,0.9788926359608214,0.9845029446764976,0.9742415512698092,0.9785404378830077,0.8381784120825208,0.9913613433342601,0.961728400177359,0.9711170392966355,0.9597141556822022,0.9625976563386675,0.9629100574139731,0.9740300263148962,0.965061483019692,0.9186592693264208,0.9730562489575465,0.9412993429598216,0.9847027990697952,0.9516385360660023,0.9825767518371632,0.9625603921952541,0.975698189553631,0.972148918723496,0.9779733557305632,0.9529629933606344,0.9780328332463019,0.9743834427132195,0.9828322924129201,0.9833631418715673,0.9884339910900067,0.9801041267680004,0.8497596757695639,0.9768036230213141,0.9625744094174846
Iran,0.9774991445242149,0.9719524542182568,0.9940155953038358,0.974680533884181,0.9659464150139812,0.9722532534180548,0.9308325124470659,0.9040210317187772,0.9825367950206243,0.9804574580602184,0.9655453988912107,0.927339630149979,0.979443061497089,0.9612560779307555,0.982757556165227,0.9841228624150057,0.9753697731402775,0.9928912874821193,0.9620705656840979,0.9518081388197103,0.961896765903521,0.9946438944828904,0.9800358150414931,1.0,0.9962144279640557,0.9549645628913722,0.9404915570344549,0.9802765539361425,0.9838880673054407,0.9628968938285811,0.9572207201021039,0.9524957836901226,0.9410925715194858,0.8322225389230204,0.9708319322467499,0.9744275655169623,0.9378520856585189,0.9442896043930391,0.936529873731988,0.9498827799720873,0.9872801828404045,0.9730257112002055,0.9589123859977284,0.97780254572644,0.9343259463775115,0.9774856685295388,0.9585837151989033,0.95013805454574,0.9410519847852864,0.989703637329915,0.9656772102598417,0.9943887317055911,0.9419853819131178,0.9723329499916404,0.973291310403126,0.9879641581467471,0.9665223915201278,0.9851431837484833,0.9891222242020249,0.8037999988543064,0.9389855153775796,0.9826158152669918
Iraq,0.9811759575063903,0.978754054897061,0.9937993449023041,0.9765934296409067,0.9712838304981162,0.9782230298172319,0.9359120512119983,0.9113706274595182,0.9891757287123186,0.983847484413713,0.9651080303126214,0.9312298106731307,0.9854212831117856,0.95640425954833,0.9898240754263086,0.982523243617467,0.9772025577159142,0.9964491845514828,0.9756812161142779,0.9553138771920006,0.9682064365620937,0.9964911470688067,0.9788146410182943,0.9962144279640557,1.0,0.9648006299494669,0.9436723395176732,0.9874403830631192,0.9911332601523531,0.9675523687085376,0.9606425370456402,0.9575273461123521,0.9408317288033632,0.8627560737324391,0.9717083082648155,0.9844864456106162,0.9398560135287645,0.9558192266814376,0.9359066983813178,0.9561409701469136,0.9905838834590325,0.9835568859523217,0.958227671730148,0.9848576106639122,0.9506942109082472,0.9793722805633639,0.9625867230296169,0.9551844384774032,0.9489854658145728,0.9854681237531173,0.975842295170934,0.9952031453924994,0.955045507198309,0.9779180259869886,0.981706758730608,0.9922958944564504,0.9759181486020125,0.9880378788975286,0.9951834060831631,0.8108343155311715,0.9416976200003737,0.985629013513252
Iron,0.9790519251653235,0.9812299439740612,0.9561867326384862,0.9734066356081958,0.9246106599346993,0.9804275766401771,0.9737278560864162,0.9688664044732326,0.9883574601430487,0.972150537415875,0.9721677696387553,0.9692865668466595,0.963714754569065,0.9460241209061556,0.9776807550155677,0.9734508042448757,0.917074791526491,0.9604528085865757,0.9649432841688976,0.985006839547275,0.9762525283600948,0.9666401288904526,0.9780701985578303,0.9549645628913722,0.9648006299494669,1.0,0.9818322979954653,0.9703524123601401,0.9823988409361193,0.9730197345724296,0.9776433216579173,0.9693172910659771,0.9694783147117012,0.865819155455234,0.9787875947616373,0.9553761475733478,0.9788217888577315,0.9666939267754155,0.9604826758059373,0.9714977194243777,0.9660150475643378,0.9643597485069033,0.8893053712159358,0.9768966855980346,0.942697954107896,0.9678566911482243,0.9474631769099504,0.9713821818132504,0.9806011178290709,0.9582842229264953,0.9830572680977342,0.9570125418038337,0.9619092040129137,0.9851059932337146,0.9733322649352033,0.9640527573926677,0.9872447144918444,0.9793028578381312,0.969241657063929,0.8926703522682772,0.973389517423883,0.9375286831927624
Islam,0.9739507576295425,0.979098362375496,0.9408089529946704,0.9759187658631111,0.9020740893016049,0.9615727395675286,0.9887058668431141,0.9866094361318116,0.9716590971077199,0.9759666024485709,0.9785756660931754,0.9917607604734316,0.951565472029029,0.9409141591206946,0.9664325663300938,0.9592926109039863,0.8974990108170305,0.9354381027252978,0.9463746774965326,0.991490006512354,0.9791626160228755,0.9525123591896327,0.9758803965221937,0.9404915570344549,0.9436723395176732,0.9818322979954653,1.0,0.9578754164726971,0.968402704737402,0.9810964506150986,0.9906688091478585,0.9790934068804376,0.9925713890911891,0.8473355900452056,0.9812695174817303,0.930893758254132,0.9856729476992854,0.9710012445896273,0.9815436366442529,0.979065767437627,0.9564415607435452,0.9515657447840187,0.875599445642311,0.9639995241031938,0.8981041029586482,0.965986466683657,0.9387887709931518,0.9790325990542798,0.9775400030614286,0.9378080809862237,0.9743057055002285,0.9369031421760069,0.9584047796053897,0.9807377456743387,0.9657635381973112,0.938157279716328,0.9800132571018173,0.9687803472515568,0.9483061591410731,0.8892450008201587,0.9881763546112178,0.9134167058236444
Italy,0.9816193447511802,0.9894117584083031,0.9838696989168829,0.9762444727446097,0.9638799253559183,0.968513013414167,0.9461159729492717,0.924874499204929,0.9862204074816845,0.9875665335427439,0.959374474452928,0.9480233623179289,0.9917830722929469,0.9401679618397517,0.9891308440451276,0.9761089133631546,0.9683336289612211,0.9867481008530462,0.9825254659737125,0.9608747554740451,0.9784533762467772,0.9890863285381097,0.9703096026325244,0.9802765539361425,0.9874403830631192,0.9703524123601401,0.9578754164726971,1.0,0.991868204909087,0.9720233761509625,0.965420680663612,0.9651856781363507,0.9453902688595902,0.882263009892106,0.9672019552494663,0.9686845233290442,0.943262431632104,0.9801907678049396,0.9452056924119756,0.9677030282748144,0.9949139991142864,0.9930536890674964,0.948853857598156,0.9894200701131802,0.9332095089604129,0.9741932829915939,0.9713917391499682,0.9574425044582084,0.9608093680766286,0.9679809920576542,0.983780535997221,0.9835911901765355,0.9669999776372524,0.9885435674180048,0.9919327486528443,0.9764634048643719,0.9833728924669641,0.9832606449567775,0.9896284391645123,0.8311138240962497,0.9516356331868538,0.9658351371915465
Japan,0.9912194915932265,0.9930137149964285,0.9807760872094978,0.9900187599647661,0.963262272479078,0.9818387703970228,0.9608209270016492,0.9477058741686502,0.9950337969997695,0.9910110804521454,0.9733352683921545,0.9601058954484585,0.99157522734654,0.9457856851961327,0.9961247685150847,0.9812114949853052,0.9664197695023997,0.986901111525383,0.9879277772568437,0.9740993311895594,0.9856123005651547,0.9917822058376219,0.9853274353230577,0.9838880673054407,0.9911332601523531,0.9823988409361193,0.968402704737402,0.991868204909087,1.0,0.9853659746245376,0.9787229765510197,0.979021401668366,0.9640430192600711,0.891593659257984,0.9798657959705197,0.9789914570125461,0.9630222135717652,0.9799995350902961,0.9575546824363448,0.9758207645362218,0.9917185793334218,0.9879789654232908,0.9399397865327113,0.9928663137537275,0.9520125863870533,0.9867416817761063,0.9677552274898249,0.9707961809921624,0.9718962027317961,0.9779282967331815,0.986592916254334,0.9835683984170462,0.9636111215851003,0.9868491864661646,0.9909363133396253,0.985824775354384,0.9933671379306181,0.9874946274667591,0.9944263394028121,0.8429438112752045,0.9665782289928357,0.9694497348989737
Jesus,0.984615064165802,0.984428036179599,0.9583910893408726,0.9894918549568592,0.9516925140597551,0.9723811206417414,0.9758005451303469,0.9690558168244753,0.9795461110759471,0.9822160578350703,0.9822549691054393,0.9735396750610081,0.9696494505841973,0.9306853942021398,0.9804659530837676,0.9590042306172868,0.948660142689854,0.9589827936308809,0.9704581676452854,0.9773450181343083,0.9855231767546395,0.9694408780421676,0.9788926359608214,0.9628968938285811,0.9675523687085376,0.9730197345724296,0.9810964506150986,0.9720233761509625,0.9853659746245376,1.0,0.9856103919954017,0.990010041381916,0.9846344847272979,0.8875982402598389,0.9753864320516155,0.9619354759296125,0.9800551056662437,0.9749195508997657,0.9709688436407559,0.9884807617214574,0.9769777407324028,0.96833807942747,0.9225888198254345,0.9868472949054934,0.9227609774764519,0.9859265507776261,0.9650083124695031,0.9709352708884469,0.9769806480684421,0.9614613042000283,0.9803974025318001,0.9559223166680932,0.9555069242208365,0.9780165967381566,0.9717147744611692,0.9554011728798991,0.9872175574168792,0.9730968749982484,0.9713276984527242,0.8713830906041278,0.9796777471334875,0.9321820115847638
Judaism,0.9822958459682417,0.9837762904613482,0.9552760602569805,0.983649047337343,0.9189139417251595,0.9722307122454102,0.9898051138743025,0.9813331345001183,0.9796993556205124,0.9857359689383913,0.9862687032379088,0.9879578378374394,0.967379142568238,0.9485718316260326,0.9803891791126602,0.9673766761610055,0.9178896710877434,0.9511203432699831,0.959724280921496,0.9904752769168298,0.989931756474904,0.9682884372303262,0.9845029446764976,0.9572207201021039,0.9606425370456402,0.9776433216579173,0.9906688091478585,0.965420680663612,0.9787229765510197,0.9856103919954017,1.0,0.9829397438343602,0.9930070307561047,0.8606814047827227,0.9891104365183203,0.9502059451475054,0.9755268205339354,0.9733402976497353,0.9780243242117842,0.9831674758864973,0.9658287324016659,0.9618506712717383,0.9044816356125686,0.9688762037997488,0.9209549551741751,0.9762167369215912,0.9445692038269418,0.9898270525983525,0.9737393238795734,0.9470316051654155,0.9757682940834893,0.9557540843792129,0.9631628700285024,0.9799666549378686,0.9739531307779346,0.9585045205177696,0.9838057304880726,0.9771282698136629,0.9631697920802997,0.8630659274611872,0.9886069382059097,0.9364031161210878
Julius_Caesar,0.9867052566657004,0.984860774608552,0.9491420513569356,0.9913710366019421,0.9462485248817674,0.960605095757712,0.9749742694695398,0.9751809795157749,0.9689038002644446,0.9810209114395471,0.9758317790585785,0.9753200326149585,0.9692818449527913,0.9089880866697261,0.9722472797531441,0.961412145335349,0.9363407859119786,0.9460825346040797,0.9613064986941605,0.9731791164061891,0.9825474985112566,0.9598192640458104,0.9742415512698092,0.9524957836901226,0.9575273461123521,0.9693172910659771,0.9790934068804376,0.9651856781363507,0.979021401668366,0.990010041381916,0.9829397438343602,1.0,0.9830278713835451,0.8919444895495948,0.9703817241146546,0.9597990566648708,0.9740878327976231,0.980612166965345,0.9833368672791267,0.9913910033190155,0.9722237696839703,0.9592607241295085,0.9167454059168948,0.9776435081287453,0.9076056708726115,0.9896153488718452,0.960329159022343,0.9666788596897613,0.9693486079355347,0.9502868385669427,0.9771032215964429,0.9447272585030447,0.9393310869735751,0.9684844989654874,0.9723390882184133,0.9508660030815557,0.9837219187733361,0.9624862561385171,0.9621537683640773,0.873773177565712,0.9832606097486231,0.9289073316816119
Koran,0.9723104933096988,0.9733196533956119,0.9368631916345938,0.9800227404785221,0.9023738918661476,0.9612015477058279,0.9889995315814798,0.9879761479269406,0.9654858351192279,0.9725083111771584,0.9840654291071246,0.9891755478793739,0.9477935519776833,0.9354677034871363,0.962417624631055,0.9553762874895608,0.8979699991970376,0.9289597270609039,0.940055900049643,0.9870045252385917,0.9801092650680734,0.9484479168365507,0.9785404378830077,0.9410925715194858,0.9408317288033632,0.9694783147117012,0.9925713890911891,0.9453902688595902,0.9640430192600711,0.9846344847272979,0.9930070307561047,0.9830278713835451,1.0,0.845127246472444,0.980957841276241,0.9298833227837575,0.9844551915212122,0.9602203505825202,0.9833031537964972,0.979996183591941,0.9506970250239487,0.9399047797041401,0.8795810785606478,0.9579605515130475,0.896894605208262,0.9697192316615562,0.9325820447547586,0.9795946572766238,0.9750285628509109,0.9384483798638226,0.9646024426213449,0.9326914883938617,0.9460631093426916,0.9676689912256661,0.9551512560780854,0.9360911533495453,0.9757684595435859,0.9609250364106635,0.9430199791259724,0.8833256662862556,0.990702058251347,0.9071652436320329
