,Adolf_Hitler,Africa,Asia,Association_football,Barack_Obama,Bible,Buddha,Buddhism,China,Christianity,Christmas,Dog,Earth,English_Language,Europe,Eye,George_W._Bush,Ghana,Gold,Hinduism,Human,India,Internet,Iran,Iraq,Iron,Islam,Italy,Japan,Jesus,Judaism,Julius_Caesar,Koran,Maize,Milk,Mohandas_Karamchand_Gandhi,Money,Moon,Moses,Muhammad,New_York_City,Niger,Osama_Bin_Laden,Paris,Periodic_table,Pope_Benedict_XVI,Pope_John_Paul_II,Religion,Rice,Roman_Catholic_Church,Rome,Russia,Silver,South_Africa,South_America,Soviet_Union,Sun,United_Kingdom,United_States,Water,Wikipedia,World_War_II
Adolf_Hitler,1.0,0.969454578290097,0.9454863249123,0.9855873936967126,0.9854021534189829,0.9607733674958101,0.987747660466067,0.963496608413886,0.9750455349011117,0.9859737691732672,0.9915067263875487,0.9782752552576486,0.9865177089957446,0.9656171037664508,0.9749002284107711,0.9860534770845569,0.9595168920252148,0.9648137471202133,0.9811429353422078,0.9729629032048367,0.9805247991200449,0.9798403967571284,0.9905635487342023,0.9767883437087631,0.9918572283115439,0.9758938654425195,0.9823350766519194,0.9666911469140009,0.9800361928179554,0.9908639104194021,0.9846728487735347,0.9916268789469843,0.9884433171631781,0.9747502545202984,0.9806920070841073,0.9960835593781114,0.9741030238273594,0.9874940104678563,0.9892858871479608,0.9936792440237475,0.9583437851771563,0.976880575642983,0.9758110325914069,0.9612259824387323,0.9805090474738938,0.9895254600822799,0.981461807434703,0.9712090357111034,0.9760392265155088,0.9722811491353998,0.9744100712875047,0.980191100390974,0.9549666249859626,0.968421394587599,0.9323868007959135,0.9900170358718358,0.9872416968147574,0.9617630006841525,0.9756110533825794,0.9751499516682377,0.9920630063969025,0.9890394858806622
Africa,0.969454578290097,1.0,0.9794187097591139,0.9824669483059296,0.9702420226203105,0.9874534292365439,0.9675933377825153,0.9719413497186796,0.984968528041498,0.9857059254453069,0.9832863466274119,0.9902240546933869,0.9828309246463415,0.9937334855648305,0.9801301532637408,0.9816131904230512,0.9374187274674048,0.9785945498894106,0.9889474663907061,0.9830671878642101,0.9831273513696265,0.9931007770079753,0.9900974313111394,0.99453183885782,0.9774100912190514,0.988990759053513,0.9716567924533416,0.988415817922166,0.9935836743997638,0.9677523505036757,0.9805121927701973,0.9523214249280423,0.975766942961189,0.981845764393031,0.9801646203806403,0.9647001236393775,0.9756063187564608,0.9848258185265274,0.9542467521207153,0.9670035964539824,0.9719847595995016,0.9701332461578072,0.9519985354606656,0.9755010884307634,0.9851637134717747,0.9622501102800332,0.9623199514752316,0.9776054344012011,0.9802877760096996,0.9738103491911997,0.9799924785123684,0.9872334217274427,0.9408354147160519,0.9920823068935365,0.9815527642165669,0.9862816334593942,0.9839186383799577,0.9884005966947367,0.9974494422126832,0.9871941768786789,0.9845667693681017,0.9726427101005407
Asia,0.9454863249123,0.9794187097591139,1.0,0.960653741180351,0.9583729287386167,0.967392707718567,0.9409362638095158,0.9490097357964484,0.9677340348503207,0.9632794766905421,0.9622181597918841,0.974238884050079,0.9703089859355166,0.9693397410312516,0.9609027765426847,0.959374102328265,0.9341907403081962,0.9704137801904663,0.9773363708245045,0.9539347522178312,0.9667391148794704,0.9768618961874905,0.964627442560499,0.9712143641499614,0.9607000897985124,0.9716954748099395,0.9439747160142927,0.9736376142853548,0.9765158500059578,0.9380445268021618,0.9588195965369801,0.9134339579493723,0.942154344525846,0.9662965501416131,0.963997072300804,0.9378458909101839,0.9518655206654705,0.9649544373891212,0.922648154312684,0.9413939205385656,0.9656640028329116,0.9670901499161485,0.9432949037942733,0.9723671492945509,0.9637562470068389,0.9440724913023442,0.9517070700529632,0.9425338444229201,0.9736518868134503,0.9518824769142139,0.9826019672634868,0.9714795489516537,0.9396879194074078,0.9737418318681819,0.9630742080199716,0.9637254129202307,0.9674407485326837,0.9752144849267715,0.9826308907920384,0.9809767441694445,0.9656066181864487,0.9478523313770922
Association_football,0.9855873936967126,0.9824669483059296,0.960653741180351,1.0,0.9761918127472166,0.9813462531931317,0.977870301881647,0.9775390031026765,0.9811057591601816,0.9926211895703875,0.991392157326434,0.9881161685323275,0.9931648979002021,0.9759625360797042,0.9831321530752478,0.9871777846608413,0.9583364833081748,0.9830300449107928,0.9905966476925946,0.9864856917068934,0.9879930713085934,0.9942596828585645,0.9883562684151863,0.9876355527153338,0.9877905606798297,0.9797120568358344,0.9842738173237611,0.9844288462476133,0.9911272603988912,0.9813720154092289,0.9908546623642128,0.9741490497956277,0.9850512819620345,0.9869115722862084,0.9861664815913407,0.9834913605300561,0.9705246911391497,0.9905084970255118,0.9742432595671557,0.9832409912955791,0.9640863397947077,0.9823206863469062,0.962514925704058,0.9765703285989319,0.9852634535820128,0.9807555100240786,0.9812967894648315,0.9812620996455096,0.9882499478924713,0.9771787779045898,0.9864748572011338,0.9913014443633206,0.9589909574582451,0.9829420623082473,0.9617006421388091,0.9930708847441088,0.9866313073722204,0.98590486732815,0.986607357337734,0.9813936776136803,0.9922939859086315,0.9769166634874346
Barack_Obama,0.9854021534189829,0.9702420226203105,0.9583729287386167,0.9761918127472166,1.0,0.9566387445176762,0.9773317880153419,0.9355605485827366,0.9835308729060228,0.9818552203644625,0.9855948544575189,0.9700655410423428,0.9773478687901488,0.9608495346400613,0.9567094956776703,0.9686234442308328,0.981222611922255,0.9570195502397925,0.9798842054509214,0.9608381783083491,0.9671185382217521,0.9802863344835406,0.9817736610308602,0.9672433039321457,0.9861358050580941,0.9795707656214748,0.9622717301693668,0.9685618214460151,0.9770479686074393,0.961304232310238,0.964732721467676,0.9715128079434293,0.9639867236220653,0.9619727987256271,0.9730804755049823,0.9768725508532343,0.9670910524595965,0.982217383478759,0.9555269420985609,0.976717310763581,0.9880309040481454,0.9816511604301401,0.994212296031457,0.9832281428365091,0.9676729604689205,0.9845694163543941,0.9869069084472626,0.9449582285705953,0.9740636609349264,0.9771357545715582,0.9793067652185038,0.980482526355075,0.9476635634822367,0.9759646057313989,0.9386870142361979,0.9891542574663997,0.9823885040462091,0.9682207019104243,0.9780442559492377,0.9669232391339266,0.9854423387520428,0.9850752642772879
Bible,0.9607733674958101,0.9874534292365439,0.967392707718567,0.9813462531931317,0.9566387445176762,1.0,0.9570472418628218,0.9740550298602345,0.9612307145910315,0.9858666480384303,0.9802140293902764,0.9806599906176675,0.9728939431206339,0.9813771868307318,0.9850965473896948,0.9710004720528475,0.9423711349061742,0.9863380428145117,0.9753668034984725,0.9838355303115437,0.9750529499352402,0.9852369973579264,0.983083717157058,0.991484016257095,0.9628564662265009,0.9686078313310145,0.9774914553292333,0.9748485629365292,0.9833237891729736,0.964534394245006,0.9813628032972066,0.9422108913764279,0.9740166900555877,0.9740166293831447,0.9764568602553202,0.955972630619237,0.9454848478309609,0.9691386776644558,0.9546265334269649,0.968531534122955,0.9545498313984777,0.9691633762820235,0.943366497558826,0.9706949033394365,0.9730193764945599,0.9495989189819887,0.9539038737327862,0.9796172313679581,0.976010484754388,0.9735988152613307,0.9768959379980917,0.9875946981705445,0.9250108165502957,0.9765628450019165,0.9809187418122739,0.9805268392645351,0.9625699874332142,0.9886725263531574,0.9863729991096128,0.9775985903839471,0.9718756376468354,0.9500248421577245
Buddha,0.987747660466067,0.9675933377825153,0.9409362638095158,0.977870301881647,0.9773317880153419,0.9570472418628218,1.0,0.9676231722123688,0.9779548091084012,0.9817942202009035,0.9852919194955848,0.9825736924527045,0.9786785344899942,0.9737226032920313,0.9665234346673911,0.9858206773446364,0.94583608567761,0.9622990234691241,0.9803507260579103,0.9846190411468156,0.9858786970197884,0.9783549036991528,0.9863432664774424,0.9734023978754094,0.9904887960894764,0.9770824981563527,0.9820418897122066,0.9745291976305218,0.9833989733747955,0.9788913920798078,0.9841919183318367,0.9848497618521068,0.9870816231822639,0.9715077638867919,0.9818941698311554,0.9907649081128652,0.9812828150954716,0.9833080075849085,0.9761554854620726,0.9879522239382592,0.9549577764121828,0.9627786562069928,0.9668871687908198,0.9643655868437926,0.9691030579638634,0.9776782399048136,0.9717125301340978,0.9753069742751166,0.9781668288801719,0.9777631364060176,0.9737438073435843,0.9820580155753657,0.9539433728087748,0.9727426527250764,0.9398176270928453,0.9868108374206265,0.9791755333220734,0.9666713752765524,0.971596512016715,0.9750838906988456,0.9832609728399292,0.9892713880814746
Buddhism,0.963496608413886,0.9719413497186796,0.9490097357964484,0.9775390031026765,0.9355605485827366,0.9740550298602345,0.9676231722123688,1.0,0.9521105088413649,0.971026969299028,0.9745438919465236,0.9835924355686066,0.975578259260936,0.9810917023610746,0.987361229191425,0.9823256653494018,0.9094444465272148,0.9796672837801005,0.9716485861488885,0.9847163651528977,0.9845225928948447,0.9746443924812647,0.9780332425888034,0.9833792766687095,0.9672372798673315,0.9629564267426185,0.9864530200276584,0.9698454819838692,0.9793256805567995,0.9810802433316455,0.992538225983746,0.9489700012504282,0.9871061195599793,0.9836387517164492,0.9705924746295793,0.9656846551329267,0.9623624175372489,0.9672005322158329,0.9742442404069308,0.9726272965728471,0.9223332489709672,0.9528422990973203,0.9214088635931283,0.9439523713239332,0.9789195533627673,0.9557437004906201,0.9508188902176055,0.9920167087055369,0.9727432627886078,0.9467511412264837,0.9697756359074281,0.9771502519101102,0.9369387233927385,0.9631847060357013,0.9576355560230804,0.9688608361773007,0.9657999434222643,0.9704766956385267,0.9712018131961702,0.9800092870907379,0.9738200440150717,0.9489971727778916
China,0.9750455349011117,0.984968528041498,0.9677340348503207,0.9811057591601816,0.9835308729060228,0.9612307145910315,0.9779548091084012,0.9521105088413649,1.0,0.9786184311827472,0.9791401477903701,0.984018893919219,0.9838765742225596,0.979312402563752,0.9593158690090784,0.9801730848405785,0.9500820452933617,0.9651631555692708,0.9911039149942144,0.9748690970401074,0.9811675930874206,0.9915990708555426,0.980359765963771,0.9780777119693378,0.9890933236622479,0.9904870373084972,0.9587573780471756,0.9917472619050542,0.9912794753763711,0.9570915992428842,0.9692787230991923,0.9619013081561387,0.9662671402838462,0.976493996091839,0.978561857571487,0.9719336118207369,0.9842169632612922,0.9881849669771791,0.944708170016656,0.9621099721307289,0.9807742023887962,0.9729032623600359,0.9674371970984421,0.9821678676392019,0.9765482501037607,0.9713421148394638,0.9772914971608387,0.9615875488677645,0.9826012548725411,0.973526917613057,0.9797453411534672,0.9844317215908851,0.9627108365985086,0.9947373702867182,0.9609252200840794,0.9885045402457934,0.9872470294583684,0.9821440841179765,0.9893170062146485,0.9789505478505504,0.9852506706305593,0.9884764198160585
Christianity,0.9859737691732672,0.9857059254453069,0.9632794766905421,0.9926211895703875,0.9818552203644625,0.9858666480384303,0.9817942202009035,0.971026969299028,0.9786184311827472,1.0,0.9943207944738727,0.9871358424955031,0.9860163548526577,0.9779538005591975,0.9812668507764755,0.9857546585595637,0.9596509540186994,0.9742840869352739,0.9868002896483998,0.9884744665413903,0.9824727106336011,0.9910515651278292,0.993010894781441,0.9877265594169945,0.985716084629008,0.9803786480830361,0.9841718341782897,0.9775380546126502,0.98900862624898,0.9800783748191796,0.9886652902376535,0.9770759596256242,0.9848560175924893,0.9762125406004019,0.986729706148175,0.9848811768353513,0.9714092459114789,0.9897799463322393,0.9734467874491148,0.9870893817714796,0.972505704790421,0.9792690933242201,0.9694525805317623,0.9786903222139072,0.9795730240920686,0.9779618705904566,0.9735057540386374,0.9771615621159252,0.9821860108022378,0.9894729248394606,0.9844755973805028,0.990334942088763,0.9400988434188677,0.9824262689963167,0.9631760338096788,0.9952256584409808,0.9842122051122558,0.9834410538152238,0.9859159910764795,0.9774908812522263,0.990087760272525,0.9800430860125632
Christmas,0.9915067263875487,0.9832863466274119,0.9622181597918841,0.991392157326434,0.9855948544575189,0.9802140293902764,0.9852919194955848,0.9745438919465236,0.9791401477903701,0.9943207944738727,1.0,0.9847944590863053,0.9909206977272446,0.9791943632287523,0.9827982175744766,0.9835045738260443,0.9666313140611568,0.980758220811503,0.9895707551379626,0.9851958541322507,0.9883769694679502,0.9906637348621756,0.9945480995749117,0.9887570928653351,0.9899909362977134,0.9851415928288574,0.989210916135469,0.9781149851662965,0.9901378276511199,0.9866600486155962,0.9902585630299552,0.9799441174579434,0.9900543182718355,0.985006820388431,0.9903176003855753,0.986365709758869,0.9744549940397551,0.9909272982018165,0.9815963414361231,0.9933650380520568,0.9697319473955357,0.9878339481367147,0.9783153344789002,0.9772669972569884,0.9856241192822048,0.9853948830939772,0.9839520759394327,0.978723919200374,0.9863946334747737,0.9801129593518749,0.9864985197454987,0.9919657635843864,0.956718425063062,0.9792935601748898,0.955513269838509,0.9948516349523929,0.98907452321927,0.9807013025618696,0.9869560904123669,0.9849060952808114,0.9957907838969826,0.9822403478076391
Dog,0.9782752552576486,0.9902240546933869,0.974238884050079,0.9881161685323275,0.9700655410423428,0.9806599906176675,0.9825736924527045,0.9835924355686066,0.984018893919219,0.9871358424955031,0.9847944590863053,1.0,0.9884974994316391,0.9911902395300883,0.983938067199507,0.9940104309542047,0.9366434033974934,0.9801257598133708,0.9909806833346999,0.9896100389639749,0.9906817899527398,0.9921369573182681,0.9910912651186784,0.9901637359912332,0.9859934118916679,0.9862284894567542,0.9819299284733887,0.9903366600976432,0.9946438034081125,0.9779972179691739,0.9915360677851024,0.9650957782392783,0.9855256240190756,0.9873870472331641,0.9827619004564033,0.9793625132023386,0.9814880475204592,0.9878512229814506,0.9679663640340928,0.976051799739537,0.9636736619948935,0.9685242334626751,0.9530993111921595,0.973219829993519,0.9861013916151615,0.9731412883058738,0.9696745451111255,0.986535088445525,0.9870171166721633,0.9745565511149038,0.9849608042343599,0.989097299682079,0.9512121702893417,0.9886047677563845,0.9716789157077446,0.987650696104579,0.9861147878239848,0.9860262319309772,0.9905107394780925,0.9895579645716173,0.9879087626154489,0.9782746722133586
Earth,0.9865177089957446,0.9828309246463415,0.9703089859355166,0.9931648979002021,0.9773478687901488,0.9728939431206339,0.9786785344899942,0.975578259260936,0.9838765742225596,0.9860163548526577,0.9909206977272446,0.9884974994316391,1.0,0.9753482315270159,0.976294142739453,0.9866943246109857,0.9485075808619017,0.9815424401208378,0.9967398022050558,0.9785618984988729,0.9921464540469495,0.9935026225721023,0.9868075670122303,0.9849051681542849,0.9890253429468091,0.9895773225338926,0.9775757366639511,0.9865423528396811,0.991295025109349,0.9822854119228323,0.9888335837897644,0.9715052674558543,0.9827667049525205,0.9934245520458683,0.9917313286054708,0.9806435383061092,0.9783441910191939,0.9944075223123534,0.9734700844817433,0.9809601236298202,0.9651659682124987,0.9879330095945562,0.962283359208459,0.9721902027188892,0.986031108996539,0.9792588214059048,0.9790378917402716,0.9765463765912146,0.9932454947487331,0.9731413059075169,0.9856054202966139,0.9860551831647975,0.973764766894656,0.9807571190319604,0.9490751748930804,0.9890624921611015,0.9947876349265131,0.9822601776893404,0.9881463348933933,0.9905062839838705,0.9958138714410903,0.9807715091864969
English_Language,0.9656171037664508,0.9937334855648305,0.9693397410312516,0.9759625360797042,0.9608495346400613,0.9813771868307318,0.9737226032920313,0.9810917023610746,0.979312402563752,0.9779538005591975,0.9791943632287523,0.9911902395300883,0.9753482315270159,1.0,0.9839492900579906,0.9826161647026778,0.9268740829203643,0.9789758218726767,0.9817105121764491,0.9870578576267146,0.9853561253077785,0.9864809092414283,0.9890901571192078,0.9933156284762713,0.9776405625107826,0.9820561771627065,0.9782744512047975,0.9867870450408207,0.9924011303030483,0.9690939628873291,0.9828496546950131,0.950119509259609,0.9814947253650005,0.9804758381792764,0.9738617044922934,0.9652541914496677,0.9768786788564862,0.97690025098735,0.9576766223209894,0.9677926799109771,0.9575111375240689,0.9571475279786942,0.9454961323944499,0.9683793114171545,0.985184427466199,0.9611606282897367,0.960130036449515,0.9852684192398234,0.975100132259521,0.9630583405136888,0.9767072033674176,0.9863632120947491,0.9381033004533345,0.9888630834371964,0.9826783463543115,0.9809413642903204,0.9764849836184664,0.9828473991799738,0.9915311701606104,0.9869391019019684,0.979605467913905,0.9700353891474445
Europe,0.9749002284107711,0.9801301532637408,0.9609027765426847,0.9831321530752478,0.9567094956776703,0.9850965473896948,0.9665234346673911,0.987361229191425,0.9593158690090784,0.9812668507764755,0.9827982175744766,0.983938067199507,0.976294142739453,0.9839492900579906,1.0,0.9810434982885304,0.9410926127806581,0.9866961326662514,0.9725489940481039,0.9814819133954349,0.9803711274366641,0.9802576806023008,0.9888833613921657,0.992490387904287,0.9764112323761449,0.9614786289014376,0.988940635609204,0.9699593326966383,0.9836689447092902,0.9822616735585409,0.989126366246194,0.9537462173140251,0.9870504040715244,0.9774664095196763,0.9687516239015925,0.9731140290594626,0.9540491395612318,0.9687598564333115,0.9778340608405907,0.9804385794620891,0.9394343925006098,0.9631456054595672,0.9484329332683051,0.9580798231363165,0.9886108898080009,0.9690830013190841,0.9669289114731323,0.9851277225433276,0.9713551086983166,0.9562767829557057,0.9800012562032353,0.9854942346091367,0.9365976814709797,0.9714153165211633,0.969745137681859,0.9789136841408282,0.9693360453780557,0.9741516151524768,0.9824255615370321,0.9827982985093565,0.9793461607786357,0.9600400740570019
Eye,0.9860534770845569,0.9816131904230512,0.959374102328265,0.9871777846608413,0.9686234442308328,0.9710004720528475,0.9858206773446364,0.9823256653494018,0.9801730848405785,0.9857546585595637,0.9835045738260443,0.9940104309542047,0.9866943246109857,0.9826161647026778,0.9810434982885304,1.0,0.9314791146829512,0.9701067356706772,0.9857532431429742,0.9871351450555286,0.986533364371469,0.9864140596524267,0.9898083706504313,0.9843156366070415,0.9871924404849693,0.9815934749422676,0.9809857080601768,0.9816403466971118,0.9884998704712488,0.9862140487788539,0.9924749926198871,0.9764763503481176,0.9892132973363222,0.9838131382644142,0.9800372901790976,0.9886247492894155,0.9841142885194146,0.9870324337540459,0.9783398547696814,0.9807993951050313,0.9553985977549492,0.9644932012704649,0.9507917349227798,0.9623315594213389,0.984028721436429,0.9746850229342171,0.9679275219665987,0.9864411319789583,0.9814614190796979,0.9722726290759949,0.9768103106756304,0.9837835454369878,0.9470193326717383,0.98170730638116,0.955486278417626,0.987721302499909,0.9855031107504346,0.9751428221679288,0.9823582640098031,0.9820521419617184,0.9879137025789079,0.9820444963370453
George_W._Bush,0.9595168920252148,0.9374187274674048,0.9341907403081962,0.9583364833081748,0.981222611922255,0.9423711349061742,0.94583608567761,0.9094444465272148,0.9500820452933617,0.9596509540186994,0.9666313140611568,0.9366434033974934,0.9485075808619017,0.9268740829203643,0.9410926127806581,0.9314791146829512,1.0,0.9491360010702238,0.9492575167632327,0.9376090317118582,0.9391580332784163,0.956617971764587,0.9533486369319065,0.9430825795268959,0.958291180025677,0.939890992259863,0.9470730399091853,0.9391785245997613,0.9500510441481927,0.93068783145888,0.9396085178999468,0.938840837464574,0.9354971607217529,0.9351125958164835,0.9443428859339135,0.947445810415259,0.9156518207687485,0.9476687181073501,0.9286170586716539,0.9583101468682812,0.9655477903131412,0.9702779041009569,0.9890073522597204,0.9757559363487923,0.9405057830200585,0.9653118430189002,0.9828866324999155,0.9154608028410469,0.953490531979992,0.9507597893130924,0.9700303913775381,0.9681221654824241,0.9267550023657597,0.9465169183077567,0.9255855551126563,0.9682141929255539,0.9444280577249746,0.9513824590516182,0.9513480849152985,0.9386725488655724,0.9563259744605643,0.9457268419258442
Ghana,0.9648137471202133,0.9785945498894106,0.9704137801904663,0.9830300449107928,0.9570195502397925,0.9863380428145117,0.9622990234691241,0.9796672837801005,0.9651631555692708,0.9742840869352739,0.980758220811503,0.9801257598133708,0.9815424401208378,0.9789758218726767,0.9866961326662514,0.9701067356706772,0.9491360010702238,1.0,0.9816684820108036,0.9799418484394987,0.9871251913537441,0.9867943043893637,0.9785639507420132,0.9900241047652537,0.9733332444123648,0.9688542890894434,0.9805777980586522,0.9826890467863868,0.9875678869566418,0.9659535080423027,0.982717072702634,0.9396022435668431,0.9758279262317645,0.9858146306021012,0.9812780666030906,0.9583960500772557,0.9479624722327564,0.9689149397195302,0.9585636374877958,0.9710001043064007,0.9448788501922433,0.9783525660340262,0.94840523953551,0.9716524737222001,0.9769109218680708,0.9561356207771022,0.9686820550250359,0.9791977024332651,0.9876958112181279,0.9603461242918389,0.9859628299719515,0.990847803979411,0.9631649568531471,0.9741167311975762,0.9715210347943718,0.9778265460836834,0.9664094044685659,0.9880589351201582,0.9858294303659523,0.9902051420616126,0.9754729067640551,0.9547106535919748
Gold,0.9811429353422078,0.9889474663907061,0.9773363708245045,0.9905966476925946,0.9798842054509214,0.9753668034984725,0.9803507260579103,0.9716485861488885,0.9911039149942144,0.9868002896483998,0.9895707551379626,0.9909806833346999,0.9967398022050558,0.9817105121764491,0.9725489940481039,0.9857532431429742,0.9492575167632327,0.9816684820108036,1.0,0.9822318844956627,0.9933012450267357,0.9968005347219728,0.9871110409554749,0.987242660467776,0.9896081236804125,0.9946715587693832,0.9732366832742492,0.9930796679041217,0.9958743519161176,0.9727260413655209,0.9852501750756492,0.9655764269529264,0.9783519997672309,0.9914935112203317,0.9935842782575615,0.9760657044156673,0.9837968420307287,0.9948767226581378,0.962279040312805,0.975497221638234,0.9742686290402186,0.9862409590478323,0.9631199217548625,0.9804128015071222,0.9826657337301178,0.9738693635694718,0.9761490698604287,0.974062377785666,0.9949582408128427,0.9796418537295692,0.9880908994895533,0.9893770188735941,0.9724498976079803,0.9887649958824487,0.9598503792896587,0.9904946375720052,0.9940579265350854,0.989126930951304,0.993158744746996,0.9924804694484287,0.9931777624289914,0.9838191183782093
Hinduism,0.9729629032048367,0.9830671878642101,0.9539347522178312,0.9864856917068934,0.9608381783083491,0.9838355303115437,0.9846190411468156,0.9847163651528977,0.9748690970401074,0.9884744665413903,0.9851958541322507,0.9896100389639749,0.9785618984988729,0.9870578576267146,0.9814819133954349,0.9871351450555286,0.9376090317118582,0.9799418484394987,0.9822318844956627,1.0,0.9895601408255578,0.9880675870143648,0.9867361071240826,0.989098768285211,0.9797845363222313,0.974915496472958,0.9882299407887432,0.9845585518766812,0.9910954125971101,0.9750104851488591,0.9911552565721293,0.9666280580754371,0.9881681382259055,0.9797499340500898,0.9841963073713474,0.9778769280761557,0.9712024201730821,0.9808110144457114,0.9669469424396364,0.9800471163942982,0.9508784681017433,0.9628194268595662,0.9469165612520396,0.9715080608669824,0.9750070419597964,0.9614730908651409,0.9624966606645163,0.9911268858786251,0.9828911364939129,0.9794389760774403,0.9794503833337442,0.9914389778333622,0.942964537687764,0.9825468112354784,0.974776381336887,0.9882126054424012,0.9720816854391523,0.9853473459719108,0.9818615473449208,0.980234097532791,0.9790107011354672,0.9713463870253766
Human,0.9805247991200449,0.9831273513696265,0.9667391148794704,0.9879930713085934,0.9671185382217521,0.9750529499352402,0.9858786970197884,0.9845225928948447,0.9811675930874206,0.9824727106336011,0.9883769694679502,0.9906817899527398,0.9921464540469495,0.9853561253077785,0.9803711274366641,0.986533364371469,0.9391580332784163,0.9871251913537441,0.9933012450267357,0.9895601408255578,1.0,0.9911855242325114,0.9876068513683633,0.9893469147297639,0.9892750962826623,0.98433270361366,0.9850235009100573,0.9905392371154245,0.99515066816564,0.9799651586311656,0.9915703401745847,0.9677337645740027,0.9877524789397438,0.9915602791014712,0.9922246798511247,0.9799301279284531,0.9788122232300966,0.9878751700476675,0.9728104462278899,0.9817242422755941,0.9508240173205322,0.9767667453800447,0.9522513001699592,0.9693636322896936,0.9836719081447552,0.9718981825712881,0.972045445816397,0.9860459072232403,0.9916088996007325,0.9706370464223425,0.985849504561425,0.9897927381690349,0.9748755956434996,0.9822723774735669,0.9615312726900778,0.9861447800627859,0.9855172838304563,0.9831349545204889,0.9875956808758,0.9951729161997379,0.9884055598026916,0.9797298356939301
India,0.9798403967571284,0.9931007770079753,0.9768618961874905,0.9942596828585645,0.9802863344835406,0.9852369973579264,0.9783549036991528,0.9746443924812647,0.9915990708555426,0.9910515651278292,0.9906637348621756,0.9921369573182681,0.9935026225721023,0.9864809092414283,0.9802576806023008,0.9864140596524267,0.956617971764587,0.9867943043893637,0.9968005347219728,0.9880675870143648,0.9911855242325114,1.0,0.9895865331337684,0.9925384342400168,0.9885486499801289,0.990950050529602,0.9780495918798,0.9952314947915014,0.9978191567509622,0.9720837223312307,0.9868106261187609,0.9640388904362123,0.979923238594841,0.9897930998448728,0.9906345277899885,0.9756968403426218,0.9772886540630804,0.991948932718421,0.9609217769021734,0.976282322634945,0.9766823271895508,0.9853075713511025,0.9652582926889147,0.9868002584723256,0.9849394810459542,0.9732857740511224,0.9793958938532799,0.9796489397599177,0.9940644295417479,0.9819814607577547,0.9907496455176454,0.9955794679888869,0.9643526787387868,0.9942355522981239,0.9745008896242525,0.994772026886403,0.9888770140838758,0.9952507629866212,0.9963157588467574,0.9900942678492233,0.991496360600503,0.9806510629480311
Internet,0.9905635487342023,0.9900974313111394,0.964627442560499,0.9883562684151863,0.9817736610308602,0.983083717157058,0.9863432664774424,0.9780332425888034,0.980359765963771,0.993010894781441,0.9945480995749117,0.9910912651186784,0.9868075670122303,0.9890901571192078,0.9888833613921657,0.9898083706504313,0.9533486369319065,0.9785639507420132,0.9871110409554749,0.9867361071240826,0.9876068513683633,0.9895865331337684,1.0,0.993366317350155,0.9901759499541096,0.984552386553927,0.988202660274481,0.9801751639466529,0.9919299811470406,0.9879369909884587,0.9911361374353884,0.9787745082095911,0.9922189536474075,0.9817420306940665,0.9840834849452378,0.9878310962040758,0.9786971672965855,0.9885563174820294,0.9824004079648481,0.9900758481151517,0.9662230391889818,0.9746939954780761,0.9696639039277141,0.9712996544860285,0.990403981568542,0.9837034337362043,0.9763602662483268,0.9844073178975306,0.9802189428304919,0.9780401696923224,0.9823477026886439,0.9902142285744979,0.9463755785394888,0.9839897046289877,0.9654066500080605,0.9930830640038064,0.9883259230997299,0.9789791662274879,0.9909560801297982,0.9868472857416618,0.993288658325346,0.9853962431413253
Iran,0.9767883437087631,0.99453183885782,0.9712143641499614,0.9876355527153338,0.9672433039321457,0.991484016257095,0.9734023978754094,0.9833792766687095,0.9780777119693378,0.9877265594169945,0.9887570928653351,0.9901637359912332,0.9849051681542849,0.9933156284762713,0.992490387904287,0.9843156366070415,0.9430825795268959,0.9900241047652537,0.987242660467776,0.989098768285211,0.9893469147297639,0.9925384342400168,0.993366317350155,1.0,0.982282524432027,0.9811684812371829,0.9855792882552208,0.9861283157345963,0.9949323484045489,0.9784672319582601,0.9886730373502461,0.9579924092808731,0.9874708003193149,0.9851353043677535,0.9840879976699759,0.973038216251614,0.9694536229411088,0.9816855299034329,0.9700894808500666,0.9790207003435691,0.9580442182336663,0.9739847823701115,0.954000598934816,0.9717121777556861,0.9891311888009319,0.9662900770432081,0.9675252663204298,0.9873600107296244,0.9832754168402256,0.9731391659672162,0.9831154573364872,0.9923359751777037,0.9499458609268749,0.9864745064870947,0.9794318385039598,0.988084542958393,0.9802294745493391,0.9882058314777588,0.995277355938507,0.9913573208919395,0.9857237312886025,0.9731290666303023
Iraq,0.9918572283115439,0.9774100912190514,0.9607000897985124,0.9877905606798297,0.9861358050580941,0.9628564662265009,0.9904887960894764,0.9672372798673315,0.9890933236622479,0.985716084629008,0.9899909362977134,0.9859934118916679,0.9890253429468091,0.9776405625107826,0.9764112323761449,0.9871924404849693,0.958291180025677,0.9733332444123648,0.9896081236804125,0.9797845363222313,0.9892750962826623,0.9885486499801289,0.9901759499541096,0.982282524432027,1.0,0.9819777308013945,0.978677042199485,0.983589175049472,0.9912245500134377,0.9785556847446053,0.9829450130195005,0.9795434170882468,0.9840616237994743,0.9786887407137008,0.9841313197051448,0.9913719971683032,0.9832838391135267,0.9893030953640821,0.9745858633972866,0.9844697812726505,0.965869620028729,0.978425424500733,0.9754719805284532,0.9745082148208281,0.9850472941916657,0.9881314628873474,0.985637389407389,0.9718953231308214,0.9832584895972579,0.9733568021832185,0.9853643827470373,0.9877258486909812,0.9706566166616964,0.9846777333680747,0.9500631118108456,0.9916537184384727,0.990087344746146,0.9745190722903416,0.984720819044326,0.9846919465256119,0.9926771850976442,0.994947078308932
Iron,0.9758938654425195,0.988990759053513,0.9716954748099395,0.9797120568358344,0.9795707656214748,0.9686078313310145,0.9770824981563527,0.9629564267426185,0.9904870373084972,0.9803786480830361,0.9851415928288574,0.9862284894567542,0.9895773225338926,0.9820561771627065,0.9614786289014376,0.9815934749422676,0.939890992259863,0.9688542890894434,0.9946715587693832,0.974915496472958,0.98433270361366,0.990950050529602,0.984552386553927,0.9811684812371829,0.9819777308013945,1.0,0.9648105851370696,0.9877033323124672,0.9898527574719843,0.9683653385000823,0.9777376312653389,0.9628688500511084,0.9731773808492318,0.9871022326222919,0.9872882308384151,0.9685239931750301,0.9875567233090234,0.9918984287894473,0.9551587897615245,0.9689819369694971,0.9795592002969269,0.9793206406420137,0.9620356042453289,0.9751714782831065,0.9774690993968769,0.9683871131743084,0.9690437876703685,0.9687981710158029,0.9872253212494341,0.9750573292255218,0.9766904069361884,0.9821760470521869,0.9569883060011192,0.9867881288454549,0.9533086254655375,0.9863562054156371,0.9924152358140477,0.9829390925656446,0.9901685705114726,0.9851964504126075,0.9903252241898882,0.9809967307223644
Islam,0.9823350766519194,0.9716567924533416,0.9439747160142927,0.9842738173237611,0.9622717301693668,0.9774914553292333,0.9820418897122066,0.9864530200276584,0.9587573780471756,0.9841718341782897,0.989210916135469,0.9819299284733887,0.9775757366639511,0.9782744512047975,0.988940635609204,0.9809857080601768,0.9470730399091853,0.9805777980586522,0.9732366832742492,0.9882299407887432,0.9850235009100573,0.9780495918798,0.988202660274481,0.9855792882552208,0.978677042199485,0.9648105851370696,1.0,0.9669781700721746,0.9817895794617779,0.989401328494101,0.9936365239725842,0.9734202013462128,0.9947537422007964,0.9778448738121532,0.9783439281934585,0.982786561714101,0.96067102729086,0.975505065585454,0.9872092150324907,0.9936841443583885,0.9396195199169632,0.9657804679085766,0.9558214062342227,0.9595962333036497,0.9776387693637718,0.9734126980646509,0.969284484586759,0.987999275063915,0.9752664854117572,0.9658519301121522,0.9770247883832309,0.9861264232366186,0.9407375860885447,0.9642231816937803,0.9553952395409223,0.9837577787946397,0.9707275212366664,0.9700921919743467,0.973681675265804,0.9772970242411634,0.9818031081901868,0.9655659243513758
Italy,0.9666911469140009,0.988415817922166,0.9736376142853548,0.9844288462476133,0.9685618214460151,0.9748485629365292,0.9745291976305218,0.9698454819838692,0.9917472619050542,0.9775380546126502,0.9781149851662965,0.9903366600976432,0.9865423528396811,0.9867870450408207,0.9699593326966383,0.9816403466971118,0.9391785245997613,0.9826890467863868,0.9930796679041217,0.9845585518766812,0.9905392371154245,0.9952314947915014,0.9801751639466529,0.9861283157345963,0.983589175049472,0.9877033323124672,0.9669781700721746,1.0,0.9955917954963981,0.9580808284685869,0.9783678889648,0.9510736732772035,0.970910682597597,0.9868421805388609,0.9842057521113058,0.9649580857338061,0.9755129277453587,0.9839652311847076,0.944816127403134,0.961063557723372,0.9664840198573297,0.9734458424396831,0.950934636706429,0.9813646117196551,0.9782721814197122,0.9616858370029523,0.970875341700306,0.9767511978605066,0.9911038389131807,0.9712141541934365,0.9840237095917655,0.9897695640036697,0.9692064837505767,0.9949213747652642,0.975393026200289,0.9851270952268437,0.9809858025580266,0.9923983011738682,0.9922554215358218,0.9892294170016889,0.9815710315862413,0.9763694489194276
Japan,0.9800361928179554,0.9935836743997638,0.9765158500059578,0.9911272603988912,0.9770479686074393,0.9833237891729736,0.9833989733747955,0.9793256805567995,0.9912794753763711,0.98900862624898,0.9901378276511199,0.9946438034081125,0.991295025109349,0.9924011303030483,0.9836689447092902,0.9884998704712488,0.9500510441481927,0.9875678869566418,0.9958743519161176,0.9910954125971101,0.99515066816564,0.9978191567509622,0.9919299811470406,0.9949323484045489,0.9912245500134377,0.9898527574719843,0.9817895794617779,0.9955917954963981,1.0,0.9745497465526702,0.9885644004258433,0.9642748462478057,0.9844976626684807,0.9894716204711627,0.9897246914379951,0.9781443515471704,0.9816491292275807,0.9903906563930044,0.9647579833405189,0.9782146689915735,0.969794303550995,0.9787820035794401,0.962458084302075,0.9824485906820706,0.9872148766124534,0.9733091722886016,0.9769394113401417,0.9834253776343788,0.9918825446165429,0.9789950473104599,0.9905861416216135,0.9953878641721171,0.9654575625075182,0.994125134153608,0.9764265907670936,0.9929197480333725,0.9882470986976138,0.992226345092668,0.9964649563202246,0.9938502728857541,0.9905817960096078,0.9836842657722317
Jesus,0.9908639104194021,0.9677523505036757,0.9380445268021618,0.9813720154092289,0.961304232310238,0.964534394245006,0.9788913920798078,0.9810802433316455,0.9570915992428842,0.9800783748191796,0.9866600486155962,0.9779972179691739,0.9822854119228323,0.9690939628873291,0.9822616735585409,0.9862140487788539,0.93068783145888,0.9659535080423027,0.9727260413655209,0.9750104851488591,0.9799651586311656,0.9720837223312307,0.9879369909884587,0.9784672319582601,0.9785556847446053,0.9683653385000823,0.989401328494101,0.9580808284685869,0.9745497465526702,1.0,0.9917392196543161,0.9842109659086424,0.9950587549983565,0.9789447592977775,0.9753265543658969,0.9888068010854886,0.9684696479221798,0.9803311452235509,0.9974874244646391,0.9923762518209478,0.9339155572885955,0.9633483834330413,0.9492805138682577,0.9406482563236181,0.9819451831997382,0.9782069088812178,0.9640087743868342,0.9837933491927384,0.9686016135146602,0.9573413838381067,0.9642762091001174,0.9726957175058167,0.9388692703195695,0.9564530886068912,0.931372618419279,0.9791533696780882,0.9801807494423316,0.9546529171525527,0.9689964655329547,0.973901032214127,0.9872621218771502,0.9707567998262742
Judaism,0.9846728487735347,0.9805121927701973,0.9588195965369801,0.9908546623642128,0.964732721467676,0.9813628032972066,0.9841919183318367,0.992538225983746,0.9692787230991923,0.9886652902376535,0.9902585630299552,0.9915360677851024,0.9888335837897644,0.9828496546950131,0.989126366246194,0.9924749926198871,0.9396085178999468,0.982717072702634,0.9852501750756492,0.9911552565721293,0.9915703401745847,0.9868106261187609,0.9911361374353884,0.9886730373502461,0.9829450130195005,0.9777376312653389,0.9936365239725842,0.9783678889648,0.9885644004258433,0.9917392196543161,1.0,0.9743172790272447,0.9941087291247781,0.9892351677156738,0.9856044541846819,0.9847004921858115,0.9734343766163274,0.9855468845619011,0.9855002026393148,0.9896385112416063,0.9495439824979204,0.9713241630355434,0.9507837325543668,0.9638989456821382,0.9844570201605432,0.9755889949560045,0.9699113462346395,0.9920353953878922,0.9851891610983803,0.9716832986756109,0.9824164596597591,0.988309231077888,0.948208662450971,0.9744732476806003,0.9590748002735908,0.987303597542288,0.9819390528789871,0.9789669764311125,0.9818555159542265,0.985776073095288,0.989129381802824,0.9708863742631589
Julius_Caesar,0.9916268789469843,0.9523214249280423,0.9134339579493723,0.9741490497956277,0.9715128079434293,0.9422108913764279,0.9848497618521068,0.9489700012504282,0.9619013081561387,0.9770759596256242,0.9799441174579434,0.9650957782392783,0.9715052674558543,0.950119509259609,0.9537462173140251,0.9764763503481176,0.938840837464574,0.9396022435668431,0.9655764269529264,0.9666280580754371,0.9677337645740027,0.9640388904362123,0.9787745082095911,0.9579924092808731,0.9795434170882468,0.9628688500511084,0.9734202013462128,0.9510736732772035,0.9642748462478057,0.9842109659086424,0.9743172790272447,1.0,0.9813892080898864,0.9586605171297744,0.9705723251784037,0.9937875944810196,0.9691439935466346,0.9815716442353392,0.9832213862670451,0.9861960125625776,0.9408465771221565,0.9550277584562303,0.9581863468571173,0.9430242683074119,0.9622798887363873,0.9801465928505564,0.9637613357147226,0.9652211072108667,0.9586067482948115,0.9648189661399639,0.9517856230395281,0.9632168395674278,0.934650900301497,0.9529206756715736,0.9136404985197133,0.9798162933040808,0.9759096834392716,0.941738558172913,0.954483811124811,0.952405000604744,0.9801575381843847,0.9824004388032447
Koran,0.9884433171631781,0.975766942961189,0.942154344525846,0.9850512819620345,0.9639867236220653,0.9740166900555877,0.9870816231822639,0.9871061195599793,0.9662671402838462,0.9848560175924893,0.9900543182718355,0.9855256240190756,0.9827667049525205,0.9814947253650005,0.9870504040715244,0.9892132973363222,0.9354971607217529,0.9758279262317645,0.9783519997672309,0.9881681382259055,0.9877524789397438,0.979923238594841,0.9922189536474075,0.9874708003193149,0.9840616237994743,0.9731773808492318,0.9947537422007964,0.970910682597597,0.9844976626684807,0.9950587549983565,0.9941087291247781,0.9813892080898864,1.0,0.981739587496454,0.9814247114559407,0.9889157325173743,0.9731457688053377,0.9814525886717314,0.9925255660908411,0.9927728664385232,0.9395373738150757,0.9653328592571596,0.9535870817360269,0.9527621945922705,0.983735664114536,0.9760205201448953,0.9670103659341212,0.9921457305171448,0.9758958745068173,0.9674618795128244,0.9707359533070173,0.9831570711499936,0.9461208702144477,0.968463629160237,0.9492705293608844,0.9849254848600126,0.9793726145852324,0.9683963629637289,0.9767312136356678,0.9805400096791116,0.9870169070310842,0.9764900252873314
