,Adolf_Hitler,Africa,Asia,Association_football,Barack_Obama,Bible,Buddha,Buddhism,China,Christianity,Christmas,Dog,Earth,English_Language,Europe,Eye,George_W._Bush,Ghana,Gold,Hinduism,Human,India,Internet,Iran,Iraq,Iron,Islam,Italy,Japan,Jesus,Judaism,Julius_Caesar,Koran,Maize,Milk,Mohandas_Karamchand_Gandhi,Money,Moon,Moses,Muhammad,New_York_City,Niger,Osama_Bin_Laden,Paris,Periodic_table,Pope_Benedict_XVI,Pope_John_Paul_II,Religion,Rice,Roman_Catholic_Church,Rome,Russia,Silver,South_Africa,South_America,Soviet_Union,Sun,United_Kingdom,United_States,Water,Wikipedia,World_War_II
Adolf_Hitler,1.0,0.9844826759987502,0.9727931455595396,0.9932291463906359,0.9945019972976711,0.9821789859005752,0.9896717183417294,0.982960103042028,0.9905293528869424,0.9868487140848469,0.995755927786386,0.9935714393289524,0.9860225677173364,0.9824753154802036,0.9875259466522627,0.9753712682068301,0.9978490871349793,0.9915501431670962,0.9922899127008444,0.9721075895255921,0.987848891991929,0.9887023525228236,0.9970728860666165,0.9904981404334128,0.9933472306241191,0.9896299818041803,0.989115553822922,0.9884489831897719,0.9921345375162969,0.994428534512054,0.9888599639247486,0.9922376546366697,0.9870529887136177,0.9918646302264342,0.9928210555376787,0.9956288521971545,0.9894519743698476,0.9893451894265515,0.9867471381861398,0.9931962072913956,0.9867175231716333,0.9889679210105836,0.9929020966338087,0.9926852252523541,0.987886436262429,0.9932236163559093,0.9973329032978833,0.9666864706936247,0.9918627278715517,0.990523854175895,0.9893980636084398,0.9877395958598185,0.994725842912478,0.9918662836301044,0.987419720719799,0.9901066972399707,0.989265603590753,0.9862761612935912,0.9867604845632969,0.9923554537351167,0.997761115382328,0.9904181245298278
Africa,0.9844826759987502,1.0,0.9944506664537885,0.9912684243686533,0.9696554528571552,0.9944125684862153,0.984736954540728,0.9930016736915837,0.98942800848257,0.9983435799333357,0.98795101821657,0.9942888692810945,0.9899487486656494,0.9951758210430524,0.998422443224474,0.9853861903586388,0.9774344757299805,0.9952801434817204,0.9909930186820578,0.9885854728892163,0.9943887609889687,0.9936835375983734,0.9881335125356924,0.9940876925330042,0.9945816833581077,0.9904545949813103,0.9922139404974085,0.9953630088104626,0.9955081449188995,0.986052652088577,0.9942138906647907,0.9776922208353954,0.9912690279855761,0.9948670304309835,0.9955434228821585,0.9830626905817458,0.9886936489363464,0.9828914881468934,0.9807498764297491,0.9836517473287907,0.9815929048584771,0.993135541501345,0.9775370126473658,0.9880947563018811,0.9927227557516278,0.9764849587833752,0.9859343497407171,0.985894107117563,0.9867080053871136,0.9948219664902069,0.9949460447263241,0.9945111611518458,0.9872773622421074,0.995502809514744,0.9967775263952693,0.9900804972195699,0.9852867170641004,0.9936867064021185,0.9897017917846039,0.9870118815128827,0.9832287227158769,0.9878828966342216
Asia,0.9727931455595396,0.9944506664537885,1.0,0.9771173898817053,0.9517439398506887,0.9959205295709438,0.9825383836202232,0.9907776811835705,0.9781796102067707,0.9918249100986035,0.9731406517087587,0.9883390302861972,0.9772143863720065,0.9939724943381075,0.991306750080884,0.9752295271842062,0.9608917045014888,0.985056745588023,0.9852992522196734,0.9933908646543964,0.9885679942804536,0.9834561232517864,0.9789197566556849,0.9836461728206282,0.9857885954154134,0.9880598318448406,0.9877862335672621,0.9892970695633307,0.9858065902631954,0.9733019182453101,0.9818933401268044,0.9744712890634891,0.9876722634243351,0.9848932429070038,0.989206212527406,0.9757914712508641,0.9794007014072965,0.9661502512559129,0.9795846432236941,0.9764950624688051,0.9713113225861946,0.9886847022523422,0.9668965805227815,0.9788274307986728,0.9815131719137816,0.9623975695141845,0.9740895938735195,0.9914291300571038,0.9767753807666636,0.9857524517875905,0.9895416670150047,0.9851369800348131,0.977021968045964,0.9870003839963414,0.989829274188703,0.9765773292353714,0.9724105466554432,0.9842758395282551,0.9788352905580405,0.9728885864518411,0.970260550307994,0.9732539159150818
Association_football,0.9932291463906359,0.9912684243686533,0.9771173898817053,1.0,0.9857808088030748,0.9835539078124191,0.9865871262258871,0.989322866796249,0.9934003211866586,0.9924111869724745,0.9973373193930632,0.9930151143076487,0.9933838553319824,0.9888065332967472,0.994013424365726,0.9839325491082139,0.9914591497546568,0.9972993024114268,0.9929570414274332,0.9766229065266911,0.9914099327893345,0.9928102088328311,0.9944430016461346,0.994038964691691,0.9966197533254234,0.9896561788325927,0.9922904017619236,0.9916727419191462,0.9950751041724989,0.994588726497515,0.9957385215721705,0.9827116771583775,0.9915411281027972,0.9950780798859288,0.9947265404638406,0.9889409507285608,0.9880206644010452,0.9937459607056873,0.9838387336152626,0.9900066492395847,0.9859598721116786,0.9906851390310217,0.9895478847893662,0.9933766804519407,0.9943189042022482,0.9902386109703953,0.9949692131082092,0.9697416775833543,0.9935830976280947,0.9943161868644452,0.9931035744855391,0.9931834305886775,0.9955579876763576,0.995406546935415,0.9918223834405394,0.9936958240607494,0.9929191295193287,0.9914574555042279,0.990493224521618,0.9927658087383295,0.9957942027103778,0.9935330429322172
Barack_Obama,0.9945019972976711,0.9696554528571552,0.9517439398506887,0.9857808088030748,1.0,0.9633058140358197,0.9730065059156021,0.9630769900960955,0.9872793119964846,0.9732697203331131,0.9927722671825229,0.9806640242637534,0.9804062083669395,0.9664488312848158,0.975415632313069,0.9559573975588201,0.9982993119190204,0.982682091018057,0.9824440639115761,0.9465014966417646,0.9758169508605025,0.9829162094505075,0.9908368732474283,0.9847905793384444,0.9852081411945598,0.9759200972856864,0.9722669100330813,0.9805358249255274,0.985232274048713,0.9834262613276561,0.9768912624170725,0.9783124019159996,0.9704992581538906,0.9808830221014199,0.9809867290443646,0.9826990397134405,0.9759939965073886,0.9868762291387373,0.9720932495232771,0.979176245297344,0.9878473172049766,0.9800554649202757,0.9889841190443385,0.9900755754723014,0.9767253120960586,0.9945756300695237,0.9923769255969279,0.9393342328682581,0.9870233907730338,0.9798747983634961,0.9809694816163195,0.9808491273892042,0.989006476592077,0.9840078012630575,0.9786463671702091,0.9859313246328577,0.9861022552413597,0.9790864412940973,0.9824827461619928,0.9888487674185352,0.9923258513903925,0.9870345591485435
Bible,0.9821789859005752,0.9944125684862153,0.9959205295709438,0.9835539078124191,0.9633058140358197,1.0,0.9894767592573969,0.992814095646307,0.9807956654269616,0.9930455145880075,0.9805712010575129,0.9944682577187253,0.9780001100603457,0.9918922920115139,0.9920125411394118,0.9799925525046104,0.9719064965209221,0.9864806164619396,0.988552407520555,0.9948885256020703,0.9912803512036938,0.9852835476358854,0.9866770130089713,0.9858826824586348,0.9886904653969302,0.9924387409200257,0.9930838349875092,0.9908831270855526,0.9890089128620196,0.9824524616761746,0.9859655200240648,0.9829294262768881,0.9916165386659855,0.9902771377220071,0.9933520683023933,0.9852144421615932,0.9878826229707679,0.9709698081219861,0.9845833364799869,0.9858052767055787,0.9733439867730563,0.9913157770586971,0.9753246235867862,0.9826708376895382,0.9844056102277134,0.9703486177662541,0.9819781415133494,0.9932810727839204,0.9794434676769265,0.9899422160896263,0.9918357970785497,0.9864895353196411,0.9811148174323284,0.9886281932056202,0.9898231389094259,0.980119732076882,0.9745417865795074,0.9856549808335402,0.9792906264040525,0.9776379784208431,0.9808194149472604,0.9788031512875074
Buddha,0.9896717183417294,0.984736954540728,0.9825383836202232,0.9865871262258871,0.9730065059156021,0.9894767592573969,1.0,0.9937880681442607,0.9767907347841773,0.9840099883422961,0.9827306688666069,0.9923560082608839,0.9741933092646066,0.9860449011825093,0.9835151089883759,0.9765067408095853,0.9806832986101265,0.9851055571006871,0.9901489891508686,0.99015111115358,0.9835466543051523,0.9767325001800138,0.9899388235758995,0.9792211867799361,0.9867634011029721,0.9937977140657701,0.9969006766205826,0.9814887973680562,0.9829560961010003,0.9916655165016315,0.982812553388689,0.9961058134739976,0.9950683769521104,0.9853657121264369,0.9917163168133215,0.9955343822639083,0.9863228045314245,0.9725079027187957,0.9955633791564813,0.9973767144155198,0.9704782918980591,0.9873793922726027,0.9857922900690476,0.9828777855766996,0.9806282594620341,0.9800467853329918,0.9881161632392584,0.9842484277024773,0.9824149166422492,0.984070806745446,0.9856707099263383,0.9777780726613529,0.9880608441916741,0.9843428140579182,0.9805468298124815,0.9748677212145717,0.9754804388447313,0.9759686240884683,0.9733000853745079,0.977088887550922,0.9894796688766065,0.973541078926325
Buddhism,0.982960103042028,0.9930016736915837,0.9907776811835705,0.989322866796249,0.9630769900960955,0.992814095646307,0.9937880681442607,1.0,0.9790388080313432,0.9911794719574503,0.9824106772301759,0.9920278710562163,0.9797881662483198,0.9921476695974331,0.9913265428233115,0.9824522914086362,0.9737535132316896,0.9898458098814713,0.9880048139209313,0.9954288531531237,0.9867024614479203,0.9814788902256336,0.9854344126750846,0.9831783102494339,0.9895372111214723,0.9920896511038322,0.9981068364570812,0.9859452756761156,0.9862768066240585,0.9902916297414779,0.9882791810103564,0.9851883882687629,0.9975326823865706,0.9877903822419972,0.9924355672346334,0.9881252721409628,0.9854324249756916,0.9743960762305308,0.9915579187101742,0.9920138638882581,0.968898305774676,0.9888606083401197,0.9804659742985823,0.9820166557865114,0.9861300762010938,0.9746851494682204,0.9849768056567868,0.9904050095524084,0.9811677721278359,0.988397787855268,0.9887903531312298,0.9842193742013312,0.9856640433181898,0.9877846623279755,0.9870535391821912,0.9785002519820932,0.9764579487207744,0.9822519156446142,0.977590330579615,0.9759516272880594,0.984394139499864,0.9774769757591317
China,0.9905293528869424,0.98942800848257,0.9781796102067707,0.9934003211866586,0.9872793119964846,0.9807956654269616,0.9767907347841773,0.9790388080313432,1.0,0.992881034176731,0.9952229206287818,0.9888615341194747,0.997412614749145,0.9899466384470051,0.9945258923462511,0.9758228304601214,0.9904430462971409,0.9958305767158115,0.9903428651154851,0.9669709091449729,0.994149686087423,0.9986300898468324,0.9912271776033343,0.9985962148221526,0.9975679610075616,0.9828933208902207,0.982074539517127,0.9966725895620466,0.9974301992717077,0.9832623699380217,0.9921076048598109,0.9750040356291949,0.9811924333684164,0.9920298381649514,0.9909633671294601,0.9806294349897648,0.9804396717966988,0.9957536103702361,0.9732750239360047,0.9778510189584814,0.997016253789335,0.9914202249999734,0.9846644788875186,0.9961709830635044,0.9935080927575496,0.9881683353047317,0.9933327584502756,0.9597727086872322,0.9956959036252139,0.9953860165377625,0.9953697497769379,0.9979075083173339,0.993240577080129,0.9979109018235447,0.9947705501569108,0.9982865711014478,0.9975509755473924,0.9968676216885987,0.9986835364794876,0.9957970461120267,0.9892704894050218,0.9971899153870335
Christianity,0.9868487140848469,0.9983435799333357,0.9918249100986035,0.9924111869724745,0.9732697203331131,0.9930455145880075,0.9840099883422961,0.9911794719574503,0.992881034176731,1.0,0.9900212518795154,0.9946197979356766,0.9925403980239914,0.9959124907273839,0.9992475779951768,0.9874701604927114,0.9810757108652195,0.9958772362777537,0.9898378901519211,0.98543998000797,0.9970339968381179,0.9962678999717389,0.989099604071864,0.9963368517837701,0.9960741385430082,0.9877158787599114,0.9909699197845843,0.9965494168402326,0.9969947096293039,0.9870222500752229,0.9971756027260404,0.9780979761297344,0.9890685102393303,0.9957378938945505,0.9954211588826634,0.983641083895702,0.9888879326768156,0.9880867282946791,0.9779865957979686,0.9831707664725475,0.984819471065252,0.9915421139282389,0.9782490709372588,0.9885803144696576,0.9960617957376304,0.9776540881452248,0.9889165858131541,0.9816863665523828,0.9879904815129572,0.998236721360907,0.9952783998101915,0.9968672844500992,0.988672625813015,0.9965120919894246,0.9959338933008168,0.994191311995565,0.9885287706796065,0.996026616092283,0.9931931153597621,0.990666961182815,0.985222339895511,0.9927230709735024
Christmas,0.995755927786386,0.98795101821657,0.9731406517087587,0.9973373193930632,0.9927722671825229,0.9805712010575129,0.9827306688666069,0.9824106772301759,0.9952229206287818,0.9900212518795154,1.0,0.991625546368953,0.992129510155441,0.984802603736748,0.9919626685967653,0.9752042138556749,0.9957119778974319,0.9959889661292785,0.9922598222617083,0.9689355611718916,0.9898296690431184,0.9939851326257616,0.9964491427626573,0.9950881823011245,0.9960935169691514,0.9881728056594311,0.9874159476237775,0.9926338818345811,0.9957294736577361,0.9918806824677748,0.9925639478608249,0.9814155884650437,0.9868935399339209,0.9935633936394833,0.9933960126181277,0.9873787352436432,0.9866834506727624,0.994878126349043,0.9811924120859791,0.9867893005498014,0.9909578031224727,0.9900445332292719,0.992157971353779,0.9955296098679098,0.9913545767709323,0.9950710215842532,0.9965311881856503,0.9623982808958167,0.9946332991675685,0.9932968009321078,0.9932979507494326,0.9935472615913642,0.9961898537969919,0.995681065348676,0.9920325576192677,0.9958682178594589,0.9941340431864466,0.9917649041129513,0.992151901854124,0.9949406887281531,0.997079773147953,0.9951651376303646
Dog,0.9935714393289524,0.9942888692810945,0.9883390302861972,0.9930151143076487,0.9806640242637534,0.9944682577187253,0.9923560082608839,0.9920278710562163,0.9888615341194747,0.9946197979356766,0.991625546368953,1.0,0.9877351386514553,0.9913118687896689,0.9941964257929107,0.9863244108060211,0.9869566312025809,0.993033315199501,0.9946555379677252,0.9877241164235555,0.9950226509985333,0.9910048825895427,0.9955888398713677,0.9916644670289155,0.994116916102023,0.9948853084055608,0.9950450671320414,0.9926496406979305,0.994520723315908,0.9924022714956896,0.9932380200733776,0.9902269716074064,0.9926671870476165,0.9965908446805245,0.9978729650931754,0.994248004646477,0.9959795635308644,0.9850919563563901,0.9879197905948726,0.9929126335981788,0.9816327320341485,0.9925392971531811,0.9844912544349997,0.9901228004226379,0.9912846455502118,0.983015786622525,0.9910807515019284,0.9845321585338938,0.9889551861054775,0.9941451374677045,0.9933807793345089,0.9903854630393076,0.9909740239011823,0.9934504611812671,0.9925984495387596,0.9892296041020717,0.9862527661484997,0.9892050314175496,0.985951942189976,0.9905714532906308,0.992302754923155,0.9886524378097273
Earth,0.9860225677173364,0.9899487486656494,0.9772143863720065,0.9933838553319824,0.9804062083669395,0.9780001100603457,0.9741933092646066,0.9797881662483198,0.997412614749145,0.9925403980239914,0.992129510155441,0.9877351386514553,1.0,0.9892894319812536,0.9941299398312822,0.9815722578839525,0.9855645192539467,0.9954236844784904,0.9878806720554222,0.96652111346603,0.9938178791058252,0.9967222158560987,0.987207157892064,0.9961280830110041,0.9954202141243537,0.9800483631920885,0.9814306905631526,0.9932980444427607,0.9952645691354715,0.9830928805632572,0.9933418740820245,0.9704013745003299,0.9802463995832184,0.9911561334149714,0.9896231323589023,0.9781088775038973,0.9809137948217604,0.9959408800411937,0.9695494321370474,0.9762777208242689,0.9917755537327101,0.9879813050914953,0.9786006585357995,0.9923141000031692,0.9939889361724379,0.9820636905585088,0.9888290366447061,0.9600836950957369,0.9938187365618252,0.9935527448098029,0.9917395476099586,0.9955247710041695,0.990254641050867,0.9960504859817138,0.993559466332375,0.9960648401694119,0.9973231932837096,0.9948330379022486,0.9962588469308504,0.9949040077081202,0.985849527134278,0.9945044625785402
English_Language,0.9824753154802036,0.9951758210430524,0.9939724943381075,0.9888065332967472,0.9664488312848158,0.9918922920115139,0.9860449011825093,0.9921476695974331,0.9899466384470051,0.9959124907273839,0.984802603736748,0.9913118687896689,0.9892894319812536,1.0,0.9959168860758083,0.9850559723773739,0.9748705133528635,0.9933457824503636,0.9906424626969538,0.9880287140888168,0.994502353916592,0.9910532023857251,0.9862881092139557,0.9915921813416948,0.9937676697923902,0.9882175431613176,0.9909148927535358,0.9934284970594366,0.9919085278703871,0.9821302654432535,0.9917300979943983,0.9809358641064813,0.9893822743507681,0.9901223498675062,0.9928659718678664,0.9827097711072261,0.9825968597093381,0.9837421130139486,0.9825821232985268,0.9822551911716714,0.983018345871131,0.9902493717177676,0.9769181986463926,0.9868114462525764,0.9927342525795847,0.9742844938098514,0.9860721151759637,0.9821734168159181,0.9890393959795493,0.994339035451937,0.9935934221135353,0.9923134517650631,0.9886002135765422,0.9943441724262823,0.9917848126992841,0.9885583784083669,0.987821361547768,0.9910201614543883,0.9898724482122779,0.9861776721457702,0.981771703676646,0.9859326441087383
Europe,0.9875259466522627,0.998422443224474,0.991306750080884,0.994013424365726,0.975415632313069,0.9920125411394118,0.9835151089883759,0.9913265428233115,0.9945258923462511,0.9992475779951768,0.9919626685967653,0.9941964257929107,0.9941299398312822,0.9959168860758083,1.0,0.9848562401796332,0.9824975031436137,0.9975765254948716,0.9912991928769959,0.9839751233211129,0.9961133169838915,0.9971756216112849,0.9899545924125125,0.9974779466097095,0.9976023257905113,0.9891143364981448,0.9908460231413119,0.9975653286693705,0.9978221821515301,0.9868279082491926,0.996357165325791,0.9777320755845682,0.9901827241832718,0.9960968256381088,0.9954121593152097,0.983466168569503,0.9871903830051041,0.9894001398464768,0.9796659800483688,0.9829470499613698,0.9869240760951191,0.9932080933980459,0.980946648690244,0.9913510775384297,0.9957078533966154,0.9809990079792755,0.9899426160203949,0.979398776276779,0.990791236430576,0.9978902242710865,0.9966936521308376,0.9980679373218243,0.9907100667990771,0.9978463390059373,0.9976922034401332,0.9952126345365486,0.9909070728743719,0.9967797683263001,0.9944532732055912,0.9910638208111394,0.9865120518463754,0.9938701156723952
Eye,0.9753712682068301,0.9853861903586388,0.9752295271842062,0.9839325491082139,0.9559573975588201,0.9799925525046104,0.9765067408095853,0.9824522914086362,0.9758228304601214,0.9874701604927114,0.9752042138556749,0.9863244108060211,0.9815722578839525,0.9850559723773739,0.9848562401796332,1.0,0.9679987690508228,0.9827996584189349,0.9776741090902685,0.9779663617112725,0.9879404890419731,0.9786174707453493,0.9771494584053518,0.9790002110263197,0.9804472990330663,0.9742920201206877,0.9833062452688696,0.9764809416779362,0.9807672336766435,0.9813058430488922,0.9915728658786386,0.9739915401614525,0.9770080511103575,0.9867566710639913,0.9846314627248831,0.9809029726106423,0.9853194563820166,0.9777841956480016,0.9656947420735118,0.9794210750177417,0.9623349535409378,0.9726993884066626,0.9594689355926513,0.9684608586526784,0.9896431858901067,0.9552067570863043,0.9750125709732272,0.9769083450064516,0.9728972749193732,0.9864459344467409,0.9753011044957647,0.977973381491794,0.974673897345525,0.9805318661434018,0.9755758228964184,0.978703387859886,0.9758420923719168,0.9780815637586295,0.9756264907495563,0.9819153736244652,0.9748957868953337,0.9785652293373391
George_W._Bush,0.9978490871349793,0.9774344757299805,0.9608917045014888,0.9914591497546568,0.9982993119190204,0.9719064965209221,0.9806832986101265,0.9737535132316896,0.9904430462971409,0.9810757108652195,0.9957119778974319,0.9869566312025809,0.9855645192539467,0.9748705133528635,0.9824975031436137,0.9679987690508228,1.0,0.9882584200573056,0.986217015783804,0.9582774916808338,0.9824589870148601,0.9869081840752448,0.9936585302657509,0.9887247184208352,0.990468216350231,0.981242326138297,0.9811127238846027,0.984859824153431,0.9893983268489664,0.9906811782851539,0.9848501276671924,0.9843038862809712,0.9788644156765933,0.9867875538313815,0.9867417837371617,0.9893284957272601,0.9826533577152698,0.9908976702446249,0.9784845720527668,0.9867133126257278,0.9881883318470138,0.9840959544483515,0.9921520464083673,0.9916886382730922,0.9840247223444122,0.9946817374091016,0.9968282230925068,0.9519334605242652,0.9902504055071638,0.9869380091956118,0.985259103399506,0.985711696702183,0.9925469958080811,0.9889526769808648,0.9833443004540298,0.9897964987436493,0.9894773803594421,0.9842527896801656,0.9864495862556356,0.9917108510036848,0.9962884817278411,0.9910093559226717
Ghana,0.9915501431670962,0.9952801434817204,0.985056745588023,0.9972993024114268,0.982682091018057,0.9864806164619396,0.9851055571006871,0.9898458098814713,0.9958305767158115,0.9958772362777537,0.9959889661292785,0.993033315199501,0.9954236844784904,0.9933457824503636,0.9975765254948716,0.9827996584189349,0.9882584200573056,1.0,0.9946026485714765,0.9794944848364673,0.9940640929952759,0.9964799805376872,0.9935862568186912,0.9974961495160866,0.9985416159899346,0.9908786994983365,0.9911219573461117,0.9961336533312761,0.9978968390955687,0.9903763599197256,0.9960678821217185,0.9810848167919384,0.9917465296213274,0.9960802041923094,0.9959725353035427,0.9864344552792991,0.985861037904278,0.9925814060503119,0.9828727714435853,0.9865951115415665,0.9903508790607825,0.993949872078748,0.9877432063356949,0.9952407873272474,0.9953811720985025,0.988409206726984,0.9935017037203536,0.9733937668292234,0.9950904728317082,0.9955163736483071,0.9964464162040303,0.9970428353989456,0.9955792863789039,0.9986792045580452,0.9966304006232849,0.9954884435764828,0.9941464527951338,0.9959489366412398,0.9951212883637256,0.9932097090219066,0.9916189355194709,0.9937342975650998
Gold,0.9922899127008444,0.9909930186820578,0.9852992522196734,0.9929570414274332,0.9824440639115761,0.988552407520555,0.9901489891508686,0.9880048139209313,0.9903428651154851,0.9898378901519211,0.9922598222617083,0.9946555379677252,0.9878806720554222,0.9906424626969538,0.9912991928769959,0.9776741090902685,0.986217015783804,0.9946026485714765,1.0,0.9822560544151276,0.9920417240681365,0.9904760695454928,0.996081930029164,0.9916097254403435,0.9946761483186629,0.9972396023390501,0.9919677277284227,0.9923106807511541,0.9939039584354447,0.9890422039996503,0.9886769560220927,0.9888762229299196,0.9930309926823473,0.9946451099867087,0.9970016783780421,0.9905437237403627,0.9868227225617932,0.9850019438753793,0.9894821031976538,0.9893686883190704,0.9865024660381725,0.9955773276688011,0.9870297224640747,0.9946908495219433,0.9893849718445512,0.9877847026030897,0.9896697735904835,0.9764836221433779,0.9944265664865083,0.9894157816706298,0.9944944715266517,0.9896770411628713,0.9957607364809866,0.9944202567452933,0.9926991966617701,0.9878246338795831,0.9891791268394688,0.9881883489047905,0.98706399529483,0.9891538587463998,0.9921042967605148,0.9854386630453654
Hinduism,0.9721075895255921,0.9885854728892163,0.9933908646543964,0.9766229065266911,0.9465014966417646,0.9948885256020703,0.99015111115358,0.9954288531531237,0.9669709091449729,0.98543998000797,0.9689355611718916,0.9877241164235555,0.96652111346603,0.9880287140888168,0.9839751233211129,0.9779663617112725,0.9582774916808338,0.9794944848364673,0.9822560544151276,1.0,0.9824855186435698,0.9720935316834943,0.9774733525901101,0.9733368523145853,0.9796307017693189,0.9890223190680875,0.9932599174592933,0.9798615272801209,0.9777783710990094,0.9793158837885158,0.9792089116507314,0.9806346368381821,0.9923782069904286,0.9813235487604298,0.9870233421746695,0.9815291976578516,0.9814518562354086,0.9576233451790577,0.9856327667046971,0.9853671480793729,0.9575936140041585,0.9836932956809709,0.9680464233656014,0.9715467647659876,0.9770740341412145,0.9590217416910137,0.9724968896640739,0.9966807452089287,0.9691063887327802,0.980034967135763,0.9829559020271268,0.9747783271081604,0.9734281466330197,0.9788989889856605,0.9795984866741737,0.9658996049207468,0.9618033002800235,0.9741143474538076,0.9662625723892273,0.9638337047624513,0.972350329733541,0.9636571154626576
Human,0.987848891991929,0.9943887609889687,0.9885679942804536,0.9914099327893345,0.9758169508605025,0.9912803512036938,0.9835466543051523,0.9867024614479203,0.994149686087423,0.9970339968381179,0.9898296690431184,0.9950226509985333,0.9938178791058252,0.994502353916592,0.9961133169838915,0.9879404890419731,0.9824589870148601,0.9940640929952759,0.9920417240681365,0.9824855186435698,1.0,0.9961462791315117,0.9912274687560504,0.9952290666662831,0.9953181923304906,0.988069943382614,0.9889251017085164,0.9960350070971278,0.9962335577761556,0.9851144197690206,0.995094928977302,0.9799194440466962,0.9863137985051871,0.9952360089658154,0.9956934946051068,0.9851303473284748,0.9887365280572579,0.9891792121678392,0.9760644699151129,0.9830992749151376,0.9881906699276148,0.991888796765467,0.9777153659234081,0.9901444401044962,0.9956753707906453,0.9773608643623947,0.9884885625480753,0.9785370580843489,0.9900391485105491,0.9966950997660066,0.9949217804279199,0.9950577813931026,0.9893488644396059,0.996210974530918,0.9937834002195188,0.9935660531275425,0.9904492408899428,0.9950653822460508,0.9934891952643367,0.992723979454447,0.9865954716263811,0.9916139230102198
India,0.9887023525228236,0.9936835375983734,0.9834561232517864,0.9928102088328311,0.9829162094505075,0.9852835476358854,0.9767325001800138,0.9814788902256336,0.9986300898468324,0.9962678999717389,0.9939851326257616,0.9910048825895427,0.9967222158560987,0.9910532023857251,0.9971756216112849,0.9786174707453493,0.9869081840752448,0.9964799805376872,0.9904760695454928,0.9720935316834943,0.9961462791315117,1.0,0.9904960176533172,0.9995639370050687,0.997518424431254,0.9845292826386322,0.9835271296365242,0.9984376415999595,0.9989990833936413,0.983097555928027,0.9942433539633777,0.9731201494524364,0.9828917692973124,0.9948265140935948,0.9929844529269494,0.9796308438196281,0.983487083969582,0.9931516928636727,0.9718933423095686,0.9772722872847162,0.9944996605950671,0.9927070999618807,0.9813502874316333,0.99460316270421,0.9946476929416717,0.9845907249763192,0.990777592899557,0.966581226234276,0.9929824276681933,0.996656644911817,0.9966421561646261,0.9993603797665216,0.9911113061529676,0.9983404397367097,0.9973992471225963,0.9982723266938108,0.9944025826198565,0.9987523426349627,0.9983410991903114,0.9946745892476867,0.9868007574350399,0.9967654503205701
Internet,0.9970728860666165,0.9881335125356924,0.9789197566556849,0.9944430016461346,0.9908368732474283,0.9866770130089713,0.9899388235758995,0.9854344126750846,0.9912271776033343,0.989099604071864,0.9964491427626573,0.9955888398713677,0.987207157892064,0.9862881092139557,0.9899545924125125,0.9771494584053518,0.9936585302657509,0.9935862568186912,0.996081930029164,0.9774733525901101,0.9912274687560504,0.9904960176533172,1.0,0.9919065034496438,0.9941324781777734,0.9942289616351112,0.991361484687672,0.9917712069729068,0.9941289017821219,0.9922403517360993,0.9897118154002758,0.9902614177333517,0.9899133694970115,0.9935490441565015,0.9966436189359487,0.9931347726113813,0.9910772699918465,0.9883763498704958,0.9878829499319696,0.9926553380470419,0.987977649177993,0.9923527180606585,0.9915780224795707,0.9949656877765296,0.9885122401643298,0.9923443601467513,0.9948656953012941,0.9730319545659668,0.9920138697325407,0.9906492580797389,0.993425576503358,0.9895179332623588,0.995383146844883,0.9938651447715724,0.9903693820977776,0.990366030834049,0.9895409527511194,0.9879529322121211,0.9871260944219579,0.9931052245447128,0.9972337299399165,0.9895355735255152
Iran,0.9904981404334128,0.9940876925330042,0.9836461728206282,0.994038964691691,0.9847905793384444,0.9858826824586348,0.9792211867799361,0.9831783102494339,0.9985962148221526,0.9963368517837701,0.9950881823011245,0.9916644670289155,0.9961280830110041,0.9915921813416948,0.9974779466097095,0.9790002110263197,0.9887247184208352,0.9974961495160866,0.9916097254403435,0.9733368523145853,0.9952290666662831,0.9995639370050687,0.9919065034496438,1.0,0.9984086351284402,0.986301980747099,0.9853847801347949,0.9984238137182833,0.9993896225464903,0.9848668051309547,0.9946191284424141,0.9760546071069056,0.9848792118442544,0.9954885189999266,0.9936998194602383,0.9819244970839163,0.9836495041192942,0.9930059625662101,0.975438035894383,0.979824341731536,0.9946690596676867,0.9936796742256203,0.9839335307902177,0.9955115617715339,0.9945124445229406,0.9865456618470981,0.992531570474469,0.9678196968339238,0.9937611446023313,0.9969054235297311,0.9970352358945883,0.9994483014011821,0.9928345810571297,0.9987109933728919,0.9974105465685617,0.9981756942042931,0.9946923899422581,0.9984939272317763,0.9983525310372646,0.9948003861408767,0.9885304200566354,0.9971191716708405
Iraq,0.9933472306241191,0.9945816833581077,0.9857885954154134,0.9966197533254234,0.9852081411945598,0.9886904653969302,0.9867634011029721,0.9895372111214723,0.9975679610075616,0.9960741385430082,0.9960935169691514,0.994116916102023,0.9954202141243537,0.9937676697923902,0.9976023257905113,0.9804472990330663,0.990468216350231,0.9985416159899346,0.9946761483186629,0.9796307017693189,0.9953181923304906,0.997518424431254,0.9941324781777734,0.9984086351284402,1.0,0.9913736251956605,0.9915736971827839,0.9975750645241337,0.9985020602735626,0.9899145775812553,0.9947676863666193,0.9832105895179918,0.9914531245125123,0.9959490604648595,0.9958820737935958,0.9880406078139431,0.9853539625398339,0.9925199091132557,0.9842903557886896,0.9870315277158513,0.9928567552591436,0.995774799331869,0.9893267983078581,0.9965909362423037,0.9945220029605434,0.9894682154413819,0.9954745057677905,0.9733927705284201,0.9960279490250897,0.9971407555506514,0.9977900755863144,0.9980838521196983,0.9961541579588936,0.9992101996100656,0.9970812058026117,0.9962122107297768,0.9948240927972373,0.9967458822433203,0.9964677219316894,0.9931245170701716,0.992778553605872,0.9952872709591338
Iron,0.9896299818041803,0.9904545949813103,0.9880598318448406,0.9896561788325927,0.9759200972856864,0.9924387409200257,0.9937977140657701,0.9920896511038322,0.9828933208902207,0.9877158787599114,0.9881728056594311,0.9948853084055608,0.9800483631920885,0.9882175431613176,0.9891143364981448,0.9742920201206877,0.981242326138297,0.9908786994983365,0.9972396023390501,0.9890223190680875,0.988069943382614,0.9845292826386322,0.9942289616351112,0.986301980747099,0.9913736251956605,1.0,0.9954697523763513,0.9889458904050037,0.989932903036643,0.988826143191639,0.9847433106098132,0.9903780510634022,0.9966754675758174,0.9923460027972758,0.9964086990981678,0.9915773440631944,0.9866745154299223,0.9758540673940199,0.9942077487616994,0.9923323214681673,0.977930094074876,0.9945869817500638,0.9863402144495976,0.9901444818229771,0.9831876474840158,0.9838395821414129,0.9866691860773132,0.9849990057964211,0.9878947671748068,0.9861591758906065,0.9924575508916308,0.9849341899931611,0.9920189999338751,0.9903290201160664,0.9900914763716611,0.9809274386434705,0.9805153742965361,0.982842671291666,0.9796530877269977,0.9815157504812722,0.9902646804877034,0.9790010917006791
Islam,0.989115553822922,0.9922139404974085,0.9877862335672621,0.9922904017619236,0.9722669100330813,0.9930838349875092,0.9969006766205826,0.9981068364570812,0.982074539517127,0.9909699197845843,0.9874159476237775,0.9950450671320414,0.9814306905631526,0.9909148927535358,0.9908460231413119,0.9833062452688696,0.9811127238846027,0.9911219573461117,0.9919677277284227,0.9932599174592933,0.9889251017085164,0.9835271296365242,0.991361484687672,0.9853847801347949,0.9915736971827839,0.9954697523763513,1.0,0.9871281077014241,0.9888503009338969,0.9941907726898945,0.9898732660388516,0.990644674691215,0.9981200166542583,0.9909943870043955,0.99561378658386,0.9934297157729715,0.9890509194879736,0.9779248037457603,0.9940915661713816,0.99625500466491,0.973530679005,0.9914011545896723,0.9850217091981486,0.9857787054557324,0.9868837216585877,0.9802249049246521,0.989190903328742,0.988920673764031,0.9845380178194237,0.9899299371437841,0.9904477059489732,0.9850145075015025,0.9902591607751312,0.9897999516174424,0.9875908654759177,0.981390682599653,0.9796255762711252,0.9829044660391664,0.9797799428596563,0.9812343446014646,0.9906972652999073,0.9805285942538233
Italy,0.9884489831897719,0.9953630088104626,0.9892970695633307,0.9916727419191462,0.9805358249255274,0.9908831270855526,0.9814887973680562,0.9859452756761156,0.9966725895620466,0.9965494168402326,0.9926338818345811,0.9926496406979305,0.9932980444427607,0.9934284970594366,0.9975653286693705,0.9764809416779362,0.984859824153431,0.9961336533312761,0.9923106807511541,0.9798615272801209,0.9960350070971278,0.9984376415999595,0.9917712069729068,0.9984238137182833,0.9975750645241337,0.9889458904050037,0.9871281077014241,1.0,0.9986275515147851,0.9832374632360787,0.9919986727004677,0.9765772204706281,0.9873707834675822,0.9940854842680035,0.9944230724654037,0.9812578662699327,0.9843568286284468,0.9884098907725837,0.9778559111803504,0.9803993410327605,0.9936659843517115,0.9959051055266758,0.9839419340028761,0.9957360734483964,0.9927386974091679,0.9851408616114772,0.9910063469780329,0.9740578698345927,0.9923641652390973,0.9958637555613304,0.9991562649883168,0.9987860561762969,0.9907994998999474,0.9984585812199553,0.9982576939039614,0.9951268253776391,0.9913699847994681,0.9983544890525335,0.996167575266929,0.9909286244011495,0.9868639650823241,0.9933228129034575
Japan,0.9921345375162969,0.9955081449188995,0.9858065902631954,0.9950751041724989,0.985232274048713,0.9890089128620196,0.9829560961010003,0.9862768066240585,0.9974301992717077,0.9969947096293039,0.9957294736577361,0.994520723315908,0.9952645691354715,0.9919085278703871,0.9978221821515301,0.9807672336766435,0.9893983268489664,0.9978968390955687,0.9939039584354447,0.9777783710990094,0.9962335577761556,0.9989990833936413,0.9941289017821219,0.9993896225464903,0.9985020602735626,0.989932903036643,0.9888503009338969,0.9986275515147851,1.0,0.9881690740882105,0.9951799820009781,0.9793764064383684,0.9883264687506993,0.9970738048927522,0.9963030883460398,0.9851109871365112,0.9873299742535901,0.99187759108813,0.9792309223311839,0.98373140997185,0.9929500942603504,0.9957596362298407,0.9847859878226122,0.9960789094951423,0.9947879863455648,0.9872516388966087,0.9928148374676261,0.9728858351409296,0.9935380886594621,0.9969171013533672,0.9978467407953042,0.9986695648484885,0.9937134789957682,0.9987735606757225,0.9980300886838688,0.9969578934867387,0.9931996589152382,0.9976520988664123,0.9965860997459134,0.9945090331904116,0.990439536772068,0.995945077355247
Jesus,0.994428534512054,0.986052652088577,0.9733019182453101,0.994588726497515,0.9834262613276561,0.9824524616761746,0.9916655165016315,0.9902916297414779,0.9832623699380217,0.9870222500752229,0.9918806824677748,0.9924022714956896,0.9830928805632572,0.9821302654432535,0.9868279082491926,0.9813058430488922,0.9906811782851539,0.9903763599197256,0.9890422039996503,0.9793158837885158,0.9851144197690206,0.983097555928027,0.9922403517360993,0.9848668051309547,0.9899145775812553,0.988826143191639,0.9941907726898945,0.9832374632360787,0.9881690740882105,1.0,0.9909731014682861,0.9887945761901278,0.9920690741323374,0.9902850553765891,0.9922705144934468,0.9937226405473318,0.9912253487713286,0.9858329783226079,0.988109359065902,0.9957280777026174,0.9743033837444193,0.9856605784110717,0.9878141782806773,0.9858752011041355,0.9887510440246381,0.9868644528592118,0.9928548391936579,0.9733131865204024,0.9861288589749171,0.9886287276514659,0.9854730618607237,0.983273866408073,0.991623106523294,0.9879699954971004,0.98409721288713,0.9842351570464725,0.982936665147739,0.981561966556733,0.9793494932256919,0.9856899362883437,0.9955471440610018,0.9844402944047264
Judaism,0.9888599639247486,0.9942138906647907,0.9818933401268044,0.9957385215721705,0.9768912624170725,0.9859655200240648,0.982812553388689,0.9882791810103564,0.9921076048598109,0.9971756027260404,0.9925639478608249,0.9932380200733776,0.9933418740820245,0.9917300979943983,0.996357165325791,0.9915728658786386,0.9848501276671924,0.9960678821217185,0.9886769560220927,0.9792089116507314,0.995094928977302,0.9942433539633777,0.9897118154002758,0.9946191284424141,0.9947676863666193,0.9847433106098132,0.9898732660388516,0.9919986727004677,0.9951799820009781,0.9909731014682861,1.0,0.978334467634826,0.9873485998821208,0.9961951838955735,0.9938705827959656,0.9853754003672879,0.990022112785675,0.9925911536101241,0.9755661095508925,0.9849857841624247,0.9826929144073048,0.9864126171569181,0.9797783363463455,0.9867002497071559,0.997752414500678,0.9793758761073753,0.9904020151539611,0.974124481583156,0.9885249344935624,0.9973658719998723,0.9912024212066025,0.9942879583493438,0.9900930005216015,0.9946617385490015,0.9913888601254781,0.9949800651062012,0.9904628323638743,0.993605727695676,0.9917054797612259,0.9933571946429983,0.9890535694567374,0.9938363590505217
Julius_Caesar,0.9922376546366697,0.9776922208353954,0.9744712890634891,0.9827116771583775,0.9783124019159996,0.9829294262768881,0.9961058134739976,0.9851883882687629,0.9750040356291949,0.9780979761297344,0.9814155884650437,0.9902269716074064,0.9704013745003299,0.9809358641064813,0.9777320755845682,0.9739915401614525,0.9843038862809712,0.9810848167919384,0.9888762229299196,0.9806346368381821,0.9799194440466962,0.9731201494524364,0.9902614177333517,0.9760546071069056,0.9832105895179918,0.9903780510634022,0.990644674691215,0.9765772204706281,0.9793764064383684,0.9887945761901278,0.978334467634826,1.0,0.9874934486425632,0.9832164445595178,0.9884055449431447,0.9980495610170607,0.9846773549109362,0.9718729206895745,0.9931264029258124,0.9958337980647229,0.9700768288613935,0.982442002769854,0.9850279447162164,0.9805385326975083,0.9772785546342937,0.979796089816129,0.987847679428068,0.9762966082613206,0.9817313119538421,0.9803518806436652,0.9799602499106951,0.9729017253682032,0.987432071879838,0.9808672056977749,0.975125910940018,0.9731489765866805,0.9747277966816582,0.9709933535465871,0.9708394014738237,0.9786547654691498,0.9893244793312163,0.9729746651971537
Koran,0.9870529887136177,0.9912690279855761,0.9876722634243351,0.9915411281027972,0.9704992581538906,0.9916165386659855,0.9950683769521104,0.9975326823865706,0.9811924333684164,0.9890685102393303,0.9868935399339209,0.9926671870476165,0.9802463995832184,0.9893822743507681,0.9901827241832718,0.9770080511103575,0.9788644156765933,0.9917465296213274,0.9930309926823473,0.9923782069904286,0.9863137985051871,0.9828917692973124,0.9899133694970115,0.9848792118442544,0.9914531245125123,0.9966754675758174,0.9981200166542583,0.9873707834675822,0.9883264687506993,0.9920690741323374,0.9873485998821208,0.9874934486425632,1.0,0.9902576498845784,0.9942677766692092,0.9899760418462396,0.9847575221780497,0.9761150114853004,0.9944685934818256,0.9937274112166292,0.9737334550388543,0.9923941824455277,0.9870574863150785,0.9873384478270997,0.9850650558575053,0.9823038645360602,0.9875882379575295,0.9862116710518751,0.9860207070100652,0.9872489006020858,0.9913555854298471,0.985079843534464,0.9903379017170014,0.9894828619200478,0.9886878645087663,0.9797549948819929,0.9789640585363724,0.9832735745728167,0.9787664123312431,0.9774633003453052,0.9893965718888925,0.9781369370631355
