,Adolf_Hitler,Africa,Asia,Association_football,Barack_Obama,Bible,Buddha,Buddhism,China,Christianity,Christmas,Dog,Earth,English_Language,Europe,Eye,George_W._Bush,Ghana,Gold,Hinduism,Human,India,Internet,Iran,Iraq,Iron,Islam,Italy,Japan,Jesus,Judaism,Julius_Caesar,Koran,Maize,Milk,Mohandas_Karamchand_Gandhi,Money,Moon,Moses,Muhammad,New_York_City,Niger,Osama_Bin_Laden,Paris,Periodic_table,Pope_Benedict_XVI,Pope_John_Paul_II,Religion,Rice,Roman_Catholic_Church,Rome,Russia,Silver,South_Africa,South_America,Soviet_Union,Sun,United_Kingdom,United_States,Water,Wikipedia,World_War_II
Adolf_Hitler,1.0,0.9762437874689842,0.9210427785658675,0.9882921067111289,0.9782940266324052,0.9754896621486072,0.98499972344005,0.9702528320381121,0.985700576363817,0.9692410764371996,0.9849220814355693,0.9711568914662267,0.980904987787778,0.9733351898970294,0.9802486871450818,0.9508068360649601,0.958178771222237,0.9750048212292516,0.9802060667825793,0.9652712580742743,0.9627330565583497,0.9803776797570916,0.9806150718183564,0.9691872179765301,0.9777030247328901,0.9788030368629443,0.9722830101678988,0.9845506684277869,0.9742024388216988,0.973375308564595,0.9794379926676952,0.9828895307863716,0.9787302235408354,0.9605408252033432,0.9478674065600231,0.9913217767087631,0.8321165372072533,0.9824541713269241,0.9798170679554417,0.9659714241948294,0.9744806864109216,0.9886547826964769,0.9523095070088827,0.9872267067943058,0.9748674938023506,0.9794770227746433,0.9824159072597994,0.9583262155029358,0.9148129417271492,0.9275185696993129,0.9757524896747886,0.9829012195163827,0.9757736017496751,0.9845688934770718,0.9555130633618207,0.983703625294529,0.9768300745492926,0.9785493627150248,0.9833962657290279,0.974769306271332,0.9781461947908733,0.9842145308750554
Africa,0.9762437874689842,1.0,0.9619747368369072,0.9793110098818665,0.9532966282915705,0.9798810232252343,0.9681002553552248,0.9796485627151925,0.9917334831849047,0.9807819323831058,0.9747739562952301,0.9740051831180341,0.9930711828092094,0.9909502452057456,0.9913879136401953,0.9596356365651795,0.9153268104434809,0.9845533988289382,0.9768988136060842,0.9809775016219863,0.9860243291020858,0.9919055451911253,0.9890955239856735,0.988236903643143,0.9682519286713452,0.9932650697974139,0.9754811350022732,0.990121282114794,0.9922387630466819,0.9541710386428505,0.9851845049173018,0.9546573685742973,0.9784056967853288,0.9799145222995181,0.9704119470344111,0.9806404310001615,0.8577516423461373,0.9865402323349769,0.9715426208354752,0.9668169618838887,0.9672476726891444,0.9840287359375748,0.9093254332129874,0.9888246267315012,0.9858608290506141,0.9635183934614335,0.948516854362459,0.9742666724091718,0.9532859099520741,0.9437004566836091,0.9826261469759756,0.9888625164665839,0.9829849009076271,0.9883517338498152,0.9850810944383546,0.9783331109483363,0.9831474593229432,0.9856724074377852,0.9910336814164326,0.9938934421419601,0.9809686152690812,0.9774870883728413
Asia,0.9210427785658675,0.9619747368369072,1.0,0.9148049848651159,0.86604829037688,0.9306166813264971,0.9281065534561967,0.9636316169350299,0.9422496533446739,0.9593830220078431,0.9232626146585712,0.9078339438082184,0.9343945384328153,0.9542628760524839,0.9537455044701226,0.898847741037832,0.8370123734484477,0.9668299844612236,0.9089385632063973,0.9723801939519795,0.9429679243403565,0.9523383384227561,0.9547220216135262,0.9772147486771242,0.9486741914901295,0.9361567591888329,0.9561303986929436,0.948607529199523,0.9786069845985984,0.9145879832881754,0.9580655908168052,0.886947579199115,0.9442053534372162,0.9709834408283852,0.9527815241796758,0.935253065088788,0.9424897855013911,0.9153740259524102,0.9151167730629498,0.9293751676167903,0.8962728243498006,0.9370728070947186,0.8483377811038179,0.9449636824027597,0.9472081740592919,0.9092401892910457,0.8727591047761702,0.9632685705796918,0.9725774605395419,0.8886085224540446,0.9756212492988283,0.9471947838800955,0.9450881944233384,0.9290175133490932,0.9818838994308537,0.9216136422828152,0.903402844542061,0.948659489987715,0.9513540047133742,0.9448522976521083,0.9092609022278931,0.9177843451363101
Association_football,0.9882921067111289,0.9793110098818665,0.9148049848651159,1.0,0.9685346846831862,0.9728784952966255,0.9798576221711829,0.9593860283969943,0.9802578888283767,0.9578428795949567,0.9841562112878482,0.9790734722179139,0.9848335649727198,0.9677694406888514,0.9680008038007605,0.9603722447486954,0.9413685861809239,0.976483016002431,0.9953161839322253,0.9643837539453168,0.9592848637699573,0.9699462465002104,0.978774080066182,0.9686950815365271,0.9694932293569755,0.9867497739511725,0.9715220884048588,0.9747466676239938,0.9728860871650298,0.9575438925270598,0.9789336749794948,0.9714532701238424,0.9735794556175661,0.9639337754555319,0.9577540102772564,0.9816739798784618,0.8207125002106042,0.9835713701390116,0.9771116637390826,0.9593430075371866,0.9772755206922927,0.9796352558938316,0.9262287493613538,0.9885186401600933,0.9756717169504162,0.9727503215896859,0.9724066410232894,0.956512060139872,0.9121790920586409,0.933983726964422,0.961927709073948,0.9709175623767982,0.9791815272050182,0.9795841281468075,0.9505554911062497,0.9714374722094435,0.9809883507639569,0.9695625735024785,0.974070733977509,0.9752042210429672,0.980197908988882,0.9681957353006747
Barack_Obama,0.9782940266324052,0.9532966282915705,0.86604829037688,0.9685346846831862,1.0,0.943579670248845,0.9539435857006165,0.9264951536677,0.9713598096924831,0.9291794528185943,0.9629676708029276,0.9478077283678431,0.9688161524468732,0.9409579049126833,0.957182396957866,0.9179586223728063,0.9678971247477574,0.9374858920416874,0.9658700761545321,0.9129030644902656,0.9391925856293384,0.9648554201945782,0.9612079046838778,0.9338660730648606,0.9515998013228706,0.9682913952741614,0.9224565633981804,0.9737952653786469,0.9387509660665321,0.9402956226681745,0.9424824918333776,0.9577626467923632,0.9339550271806574,0.9289044045287554,0.9067744984769941,0.9657018619090812,0.7530103004210872,0.9798156646495882,0.9498690094857842,0.9181117328355161,0.972362172465893,0.971954284892014,0.9396281054111865,0.9612839272153404,0.9379069409790802,0.9783534041821796,0.9837723885832216,0.9124720125479877,0.8509491528572273,0.9129867404871582,0.9381589046234232,0.9736001203586276,0.9377986479097669,0.9770846896667822,0.9210353777685016,0.9797081309850455,0.9758272047388741,0.9716137638306683,0.969270910880677,0.9589810619943258,0.9653255202432514,0.9794868419579976
Bible,0.9754896621486072,0.9798810232252343,0.9306166813264971,0.9728784952966255,0.943579670248845,1.0,0.9740984528664376,0.9865254138814263,0.9747837051579598,0.9831955123019489,0.9822400040922827,0.9728019873990991,0.9779753246224333,0.9880628178049707,0.9770763686251112,0.972192020119007,0.9283556142551508,0.9656228310684677,0.9591993132368568,0.9800821338051281,0.981399416097625,0.9758761055610083,0.9771074990980338,0.9624819457146551,0.9435085206434145,0.9728780576769707,0.9835021919794795,0.9714939591679354,0.968769752255538,0.9757766659870516,0.9773742645964363,0.979872685249309,0.9859651331681177,0.947312366075524,0.962742380037759,0.9849580207352858,0.8310039978942118,0.9819460749098026,0.9930292871521532,0.9899223224233668,0.9696482892253746,0.9773006141088871,0.9266392952131288,0.973010248914939,0.9881936784671479,0.9530363867901956,0.9433500051083767,0.9821161022055634,0.9357665610081413,0.9289436171994557,0.9698376264469579,0.9712963582623603,0.9666515575172122,0.9744204437282101,0.9567577955320761,0.9623771055666173,0.9781766146068009,0.9678934334028434,0.9779625313975022,0.9821318988846053,0.9877950707794372,0.9684448894676496
Buddha,0.98499972344005,0.9681002553552248,0.9281065534561967,0.9798576221711829,0.9539435857006165,0.9740984528664376,1.0,0.9774316150978791,0.9674324382439945,0.9676141150321769,0.9847907635295571,0.9658916212874921,0.9711065668591699,0.9669959649305483,0.9669914595167235,0.9483744384429159,0.939276538453085,0.9706102137847952,0.9687859577005464,0.9694408899093696,0.9601275356416341,0.9664979561761716,0.9767749025346623,0.9616147139843748,0.9642263924026478,0.9687424500309727,0.9750772492139718,0.9682822476030314,0.9654081782653811,0.9763010354930439,0.9702767258837594,0.9804342593989251,0.9748726314193906,0.9603420562996063,0.9573726260618438,0.985190098567958,0.8469279504563888,0.9704773328959948,0.9827954848051041,0.97079262023001,0.9676688490826038,0.982336372609501,0.9328636436431494,0.9760583538766363,0.9749122736868625,0.9692777821220226,0.9701858370378177,0.9658468500990108,0.9080461926675242,0.9012774002129603,0.9692393030778707,0.9645507260441827,0.9681107655864936,0.9635984143136054,0.9492646211203178,0.9581562597995037,0.9657230231537552,0.9637439303866066,0.9701552772640449,0.9702031605657672,0.97501537269056,0.9582324181463541
Buddhism,0.9702528320381121,0.9796485627151925,0.9636316169350299,0.9593860283969943,0.9264951536677,0.9865254138814263,0.9774316150978791,1.0,0.9722435869295993,0.9908971089669043,0.9753247700062049,0.9504874406694056,0.9687901903646803,0.9858888961119275,0.9783631676527386,0.9563007430266947,0.9045052226996411,0.971674085676061,0.9460069666104368,0.9917775248869799,0.9766526392211006,0.9779048809529567,0.9783442247998074,0.9757243395780233,0.9570236581358217,0.9647127341164629,0.9900837331200032,0.971999489091782,0.98001234359374,0.9744839232773389,0.9807507908807338,0.9657723736635101,0.9859347022319286,0.9613752000000944,0.9653798182517561,0.983403338134741,0.8756087579675891,0.9654432548774233,0.9818994705623381,0.9861691876671868,0.9483268456329146,0.9755536596290395,0.903148437270272,0.9712279522371855,0.986927653403477,0.9502631634387323,0.9347544495909561,0.989243323219529,0.9469467688827065,0.9125102495036247,0.9844723119366161,0.9722666795438044,0.9657683022670555,0.964477946234204,0.9726124999511605,0.9572826820381611,0.9573283902604567,0.9687340530181586,0.9754774711604947,0.977180811826343,0.9694066814565012,0.9614016062094832
China,0.985700576363817,0.9917334831849047,0.9422496533446739,0.9802578888283767,0.9713598096924831,0.9747837051579598,0.9674324382439945,0.9722435869295993,1.0,0.9776581479281723,0.973100451430712,0.9705966667182826,0.9930403278536265,0.9885665415624204,0.9924588652172335,0.9494681229077361,0.9365500145517965,0.9760729929162245,0.9747346050006424,0.965179569698762,0.978919782394322,0.9921314795861265,0.9843613802124153,0.983189212708845,0.9754526407170415,0.9890839147885158,0.9669066137315789,0.9962036246223707,0.9865358926606224,0.9518356640666992,0.9793929986228678,0.9583426450684931,0.975275012732157,0.9619751819482418,0.9522490029643097,0.9804677022149777,0.8315183418937757,0.9895050699371097,0.9687021355986372,0.9596187628745712,0.972365932242085,0.9861490310168362,0.9234768556811939,0.9896649888549821,0.9797028584789885,0.9756291076087058,0.9666342520189545,0.9602406344121105,0.9343534704687715,0.9400586220784424,0.9810566777900687,0.9956646414790726,0.9806683348102083,0.9945984614579384,0.9720462371042234,0.9851221506484181,0.9846064395332046,0.9905949425607543,0.9937828102826971,0.9868298684724726,0.977670936952476,0.9868711841388943
Christianity,0.9692410764371996,0.9807819323831058,0.9593830220078431,0.9578428795949567,0.9291794528185943,0.9831955123019489,0.9676141150321769,0.9908971089669043,0.9776581479281723,1.0,0.9769133303390976,0.9463768638474804,0.9686275552251409,0.9880185499991234,0.9767524471886683,0.9431658284993745,0.9042119136225222,0.9627555313937226,0.9471155362674052,0.9837554340216673,0.9690834456566602,0.9759562230722137,0.980362499744243,0.983422650950911,0.9583541438691586,0.9700239116365665,0.9883719393384782,0.9748688939064956,0.9791965449938972,0.9579017377612804,0.9858501955300586,0.9551689262105242,0.9926674025612918,0.952776910939318,0.9565432927370703,0.977738045906981,0.866044444769595,0.9716434848936871,0.9744959510077474,0.9823927056190216,0.949260146660017,0.9754259255346119,0.907580629870898,0.9749077964154401,0.9762781586853218,0.9528051795903293,0.9353864999965512,0.9826571348250632,0.9532356852131348,0.9200439158747384,0.9861412584049819,0.9779400993708602,0.9666347545293206,0.9695053836617612,0.9731037123835455,0.9517710331435153,0.9578899568992366,0.9749744645195167,0.9784877504457727,0.9737657839052035,0.9640613610635514,0.9635486559859606
Christmas,0.9849220814355693,0.9747739562952301,0.9232626146585712,0.9841562112878482,0.9629676708029276,0.9822400040922827,0.9847907635295571,0.9753247700062049,0.973100451430712,0.9769133303390976,1.0,0.9611318987933805,0.9733209708993447,0.9681328634324053,0.963491266263612,0.9432834807821896,0.947329720994184,0.9636256187716401,0.9733360007188352,0.9733667743277316,0.9539957680117385,0.968377521163421,0.98495432161253,0.9694606502594773,0.9690609310420615,0.9779504428551513,0.9838164735203994,0.9710220640952921,0.966362874572051,0.9735921387087944,0.983590823826613,0.979973339763947,0.9819326489272613,0.956466885740397,0.9627870255618958,0.9917754122495078,0.8302820284817931,0.984562468744962,0.9862331674093447,0.9749391679096755,0.9745842610431658,0.9882365065344074,0.936021020570087,0.9826322269008754,0.9717735259546777,0.9791246594441579,0.9725494908937058,0.9730874690062034,0.908908199568718,0.909153224852335,0.9734597529118008,0.9742137621435585,0.9610767327610198,0.9725336132205471,0.9535791556407422,0.9655393843080293,0.9737009853400916,0.9750344311686531,0.9757688191937681,0.9719350324204745,0.9785835602829209,0.9714215150653743
Dog,0.9711568914662267,0.9740051831180341,0.9078339438082184,0.9790734722179139,0.9478077283678431,0.9728019873990991,0.9658916212874921,0.9504874406694056,0.9705966667182826,0.9463768638474804,0.9611318987933805,1.0,0.9822647533676884,0.9709265008243202,0.9729615261566732,0.9576124906703721,0.935388189353487,0.9658075340711113,0.9731350698261528,0.9486423973139083,0.9746835547962824,0.9642060718881567,0.9651262958510262,0.9482498176948922,0.94248528343336,0.9715686510459552,0.9489922946085753,0.9689695390549363,0.9582962354922852,0.952891810912875,0.9526815603777201,0.9627393790047961,0.9570115088179992,0.9484168218213347,0.9430014746232711,0.9683434964371954,0.8030561037719249,0.9750649425525011,0.9716388558121115,0.9612922749981418,0.9778460225185764,0.9707104731083632,0.9277636842577752,0.9723125089151214,0.9714497119658388,0.9454433599048536,0.9495854243133294,0.9487998539040381,0.9139202796629501,0.9141888068130449,0.9485344901269505,0.959319571827877,0.9789963877068609,0.9733359579951937,0.939359667700652,0.9577930770143854,0.9812898998062024,0.956213019937717,0.9722492129440772,0.9765299609033922,0.9850205960437544,0.9554458567457731
Earth,0.980904987787778,0.9930711828092094,0.9343945384328153,0.9848335649727198,0.9688161524468732,0.9779753246224333,0.9711065668591699,0.9687901903646803,0.9930403278536265,0.9686275552251409,0.9733209708993447,0.9822647533676884,1.0,0.986731584980779,0.990167851453104,0.9658977750103594,0.9299344499010388,0.9768727455937362,0.981751467542691,0.9635451445576383,0.9864449187191372,0.9905763887679668,0.9808147759086355,0.9742838734900395,0.9598616689240742,0.9931890383618219,0.9619647442487662,0.9906863413348242,0.9800733474148796,0.9527741131844688,0.9725666710146701,0.9618187420460738,0.9697902428015412,0.9653789735940819,0.9549624452637971,0.9767878969829509,0.8107725317389333,0.9933864210745773,0.9744429539023188,0.9599846756968197,0.9765720467352424,0.985338134188957,0.9176887131771483,0.9868123180981302,0.9828887229034767,0.9694229245126839,0.9626587655130884,0.9580202920475624,0.9263514561608911,0.94584894257705,0.968576452857376,0.9870885547813578,0.9796969328157462,0.9905486160530369,0.9661680911528123,0.9809431793782709,0.9940317264933928,0.982231558188933,0.989235616655691,0.9931117242520675,0.9884548570004612,0.9788985995556871
English_Language,0.9733351898970294,0.9909502452057456,0.9542628760524839,0.9677694406888514,0.9409579049126833,0.9880628178049707,0.9669959649305483,0.9858888961119275,0.9885665415624204,0.9880185499991234,0.9681328634324053,0.9709265008243202,0.986731584980779,1.0,0.9928836467039681,0.96670762580505,0.9121923225294194,0.9726518032100571,0.959531889977545,0.9784587344364784,0.9913088004430125,0.9876703185130596,0.9774997435712299,0.9785449863305141,0.9526457515143043,0.9797879250652264,0.976156748933418,0.9842003519513103,0.9833254258613536,0.9577809009899382,0.9779927969422992,0.9607132727198489,0.9839305994900274,0.957209748643615,0.9590685374165433,0.9776631703313478,0.8476876992952047,0.980643732188209,0.9768667910470038,0.9794229426707112,0.961500178482664,0.9773432736293797,0.9115046647852237,0.9779484626918392,0.9882305560599635,0.9504734890161969,0.938248508554375,0.9751863025708931,0.9550973498569696,0.9357642768500911,0.98043392376625,0.9827831382306429,0.9799060598117232,0.9846860932146826,0.9755696990405376,0.9665510534046825,0.9780624641746117,0.9764300743019311,0.9865613400519846,0.9889744446224241,0.9795031630718515,0.973879381129025
Europe,0.9802486871450818,0.9913879136401953,0.9537455044701226,0.9680008038007605,0.957182396957866,0.9770763686251112,0.9669914595167235,0.9783631676527386,0.9924588652172335,0.9767524471886683,0.963491266263612,0.9729615261566732,0.990167851453104,0.9928836467039681,1.0,0.9561618751784848,0.922816321692051,0.9788939727977606,0.9634790750197352,0.9697590747143016,0.991661836270954,0.9956914627860473,0.9792712909742404,0.9763221735890782,0.9633883817758878,0.9811822789707728,0.9637867370816718,0.993096920727053,0.9848401936423401,0.9618397718787495,0.9718143194774083,0.9605597330541706,0.9716978799643174,0.9662971429378635,0.9521606283409829,0.9790054014637457,0.848449890041576,0.9809408845271322,0.9701806315974792,0.9660715107378105,0.962148691215605,0.985052319313354,0.9216274658657828,0.9800976921620448,0.9816211240749502,0.9572474512353558,0.9493088340459558,0.9649715678212726,0.9453203945423183,0.9336205205689423,0.9812123172091389,0.9900473738426135,0.979353173210491,0.989728212803957,0.9789580275227239,0.983250139517125,0.9806572601479725,0.9824600748092206,0.991752354183953,0.9910168830624019,0.9792064969984204,0.9845052150451217
Eye,0.9508068360649601,0.9596356365651795,0.898847741037832,0.9603722447486954,0.9179586223728063,0.972192020119007,0.9483744384429159,0.9563007430266947,0.9494681229077361,0.9431658284993745,0.9432834807821896,0.9576124906703721,0.9658977750103594,0.96670762580505,0.9561618751784848,1.0,0.8849111395481002,0.9515152869269916,0.9546730273451915,0.9579496384484378,0.9680126812779484,0.9575990869042024,0.9421010159073541,0.9317847481988343,0.9010498286334887,0.9576417526802129,0.9507817732675531,0.9437255136765463,0.9469084927695867,0.9375357484775492,0.9472987377513428,0.9558643022351441,0.9575933307299025,0.9345139001037255,0.9329897549429872,0.9513127270551347,0.7863639741283737,0.9563647231229051,0.9668915978137729,0.9565614233372052,0.9408277359493149,0.9408068233506549,0.8835912504161005,0.947705937680203,0.9762566448540273,0.9137119538646921,0.9111156170254558,0.943146314744271,0.9118732230558739,0.9543078889730325,0.9277179969478789,0.9373661243570959,0.9503430701041938,0.9503967462905427,0.9303050424247031,0.9415262158026843,0.9630409048574328,0.9294668555499146,0.9458224577363811,0.9662822501080482,0.9693130402570448,0.9364348812165846
George_W._Bush,0.958178771222237,0.9153268104434809,0.8370123734484477,0.9413685861809239,0.9678971247477574,0.9283556142551508,0.939276538453085,0.9045052226996411,0.9365500145517965,0.9042119136225222,0.947329720994184,0.935388189353487,0.9299344499010388,0.9121923225294194,0.922816321692051,0.8849111395481002,1.0,0.9060785729095097,0.9222159115118815,0.8899769095973782,0.8994045443606206,0.9232509940321547,0.9398177824183993,0.9025484637733235,0.9365656808836443,0.9234230744935269,0.9046120560865144,0.9432201517255006,0.9065298939325375,0.9223291504835218,0.9171301840236675,0.9411883521129559,0.9129526579961403,0.8938849257219504,0.8844870215624473,0.9493434068840171,0.7434975990553889,0.9472560891541335,0.927398861052092,0.9024377376405928,0.9743907362185035,0.9465104815624698,0.9755586023063306,0.9401376709636201,0.9121497051459763,0.9674105450924187,0.974002332280032,0.8899273692687285,0.8286860239686287,0.8628314183681902,0.9237567750707906,0.9433625905157794,0.9052812231893854,0.9492929020089488,0.883156840515741,0.9430262139461631,0.9391253952848592,0.9489657964302617,0.9502452084330802,0.9178893504828113,0.9374455668934041,0.9412955791555931
Ghana,0.9750048212292516,0.9845533988289382,0.9668299844612236,0.976483016002431,0.9374858920416874,0.9656228310684677,0.9706102137847952,0.971674085676061,0.9760729929162245,0.9627555313937226,0.9636256187716401,0.9658075340711113,0.9768727455937362,0.9726518032100571,0.9788939727977606,0.9515152869269916,0.9060785729095097,1.0,0.972835567179044,0.981631597870246,0.9682333893272463,0.9793366688545215,0.9796670827474842,0.9806540268963478,0.9741454283038322,0.9760674617572936,0.9724204235784741,0.9775111360159257,0.9915530367922065,0.956069385479501,0.9797809865709576,0.9500489781236348,0.9681859315578557,0.9895098655010319,0.9715780531030731,0.9736120436678493,0.8980764214139465,0.9627596713295662,0.9611783508753601,0.9534307965135492,0.9522408722530192,0.9743945659595882,0.9096612368319816,0.9829627071076318,0.9796671502315697,0.9553970425839068,0.9414249337786531,0.9679235111305559,0.9514193065135109,0.9396974002447804,0.9805030004890032,0.9724569798461562,0.9815747986599184,0.9688945640654807,0.9805698127043291,0.971275851617368,0.9588639203711545,0.9703623785312322,0.9772207880376675,0.9759248286611005,0.961243330891241,0.959996698366877
Gold,0.9802060667825793,0.9768988136060842,0.9089385632063973,0.9953161839322253,0.9658700761545321,0.9591993132368568,0.9687859577005464,0.9460069666104368,0.9747346050006424,0.9471155362674052,0.9733360007188352,0.9731350698261528,0.981751467542691,0.959531889977545,0.9634790750197352,0.9546730273451915,0.9222159115118815,0.972835567179044,1.0,0.9546799510085104,0.9554233789153801,0.9669353345506195,0.9733804564194652,0.9639307944401762,0.9613072292609839,0.9883051687666076,0.9595774124741362,0.9700177495188357,0.9679359936795663,0.9449632340711458,0.9720815249691471,0.9590880294296267,0.9638495039249875,0.9666379748279201,0.949467203408224,0.9716153868619889,0.814846298438372,0.9781494513651551,0.9654533947398247,0.9460972195525063,0.9663866013982596,0.9727314465600163,0.9074102451835903,0.9817828122984805,0.9642626004284759,0.9592331223696252,0.9611479279084897,0.945389891615631,0.9056299514637364,0.9366647619418231,0.9511220965009218,0.9646650909663976,0.9768102548530998,0.9756642512492674,0.9508704635842249,0.9673832768908891,0.9773886674691582,0.9626367635397025,0.9661116076618124,0.9740930713047895,0.9734963874593728,0.9639090689794985
Hinduism,0.9652712580742743,0.9809775016219863,0.9723801939519795,0.9643837539453168,0.9129030644902656,0.9800821338051281,0.9694408899093696,0.9917775248869799,0.965179569698762,0.9837554340216673,0.9733667743277316,0.9486423973139083,0.9635451445576383,0.9784587344364784,0.9697590747143016,0.9579496384484378,0.8899769095973782,0.981631597870246,0.9546799510085104,1.0,0.965804940051758,0.9707602723449237,0.9778780318205534,0.9815620857051481,0.9610938673602625,0.9659570540958012,0.9941205138677724,0.9631809152669493,0.9859074752460899,0.9652416342993788,0.9879649915855724,0.956543434177082,0.9854754155332811,0.9757709262945173,0.9782417559062581,0.9797685327929327,0.9016367437272611,0.9573572060731409,0.9737384534086823,0.9794642807630571,0.9394748339726545,0.9683785541616197,0.8937808529579905,0.9742944493752002,0.9850940983855464,0.942549199140668,0.9230819859789535,0.9903556161915942,0.9618196500249463,0.922717085328017,0.9836294152470347,0.96347200876864,0.9696003949633396,0.9582837658230562,0.9793383072997526,0.9532714077835447,0.9488471477839557,0.9614037924249017,0.9680334536747973,0.9716160636556374,0.9606713290147666,0.9530953706880434
Human,0.9627330565583497,0.9860243291020858,0.9429679243403565,0.9592848637699573,0.9391925856293384,0.981399416097625,0.9601275356416341,0.9766526392211006,0.978919782394322,0.9690834456566602,0.9539957680117385,0.9746835547962824,0.9864449187191372,0.9913088004430125,0.991661836270954,0.9680126812779484,0.8994045443606206,0.9682333893272463,0.9554233789153801,0.965804940051758,1.0,0.9869587782725739,0.9681176502139723,0.9596715909597956,0.9335232070728634,0.9750107194090322,0.9577959005905966,0.9792658503694027,0.971668422199833,0.9605750749692983,0.9588259148328536,0.957608309218637,0.963206351981209,0.9540096950852169,0.9505154745988521,0.9687831641140058,0.8277092025389882,0.975801183199983,0.9743892289174476,0.9703860431018607,0.954980842079444,0.9725067099690633,0.8941950687153524,0.9637541526205692,0.982486654183773,0.9341903773512479,0.9245838813860481,0.9679582829738319,0.9390526908392248,0.927169300031946,0.9621711128530495,0.9732632597483376,0.9720755961556538,0.9777734053380478,0.9672160254524081,0.9665957750244991,0.9811611157225477,0.9655883046177512,0.9790444871943953,0.992965214666446,0.9840221588139686,0.9692312636773219
India,0.9803776797570916,0.9919055451911253,0.9523383384227561,0.9699462465002104,0.9648554201945782,0.9758761055610083,0.9664979561761716,0.9779048809529567,0.9921314795861265,0.9759562230722137,0.968377521163421,0.9642060718881567,0.9905763887679668,0.9876703185130596,0.9956914627860473,0.9575990869042024,0.9232509940321547,0.9793366688545215,0.9669353345506195,0.9707602723449237,0.9869587782725739,1.0,0.9837733457638739,0.9773780632311139,0.9644508354266272,0.9870349576290434,0.9641231270042884,0.9946969009335068,0.9854028307108852,0.9606201645556071,0.9754312260828429,0.9600814352619217,0.9692365515268556,0.9711765064899043,0.9536995755441218,0.9799291889144007,0.8398369626393891,0.9848715351777584,0.9699623615225492,0.959274719409205,0.9638889578035292,0.9857568353298506,0.9184704924978951,0.9811637497477331,0.9810691675291003,0.9652987807080354,0.9533441251499601,0.9650055691196165,0.9379294099770176,0.9476878253289873,0.9787155770247069,0.993981863515101,0.9709205474182305,0.988429907909031,0.9793289587011076,0.9894314518266307,0.9818546237067479,0.9880177712503542,0.9927402260036833,0.9933488372647489,0.9788419121161518,0.9862954733488106
Internet,0.9806150718183564,0.9890955239856735,0.9547220216135262,0.978774080066182,0.9612079046838778,0.9771074990980338,0.9767749025346623,0.9783442247998074,0.9843613802124153,0.980362499744243,0.98495432161253,0.9651262958510262,0.9808147759086355,0.9774997435712299,0.9792712909742404,0.9421010159073541,0.9398177824183993,0.9796670827474842,0.9733804564194652,0.9778780318205534,0.9681176502139723,0.9837733457638739,1.0,0.9837063788577802,0.9799768429456114,0.9877495528989021,0.9793296372834213,0.9877864032813631,0.9859708303538413,0.9593143710324717,0.9878848166799266,0.9572189911447845,0.9787690548400867,0.977914088521698,0.9666499491233057,0.9856307202527431,0.8670708133837807,0.9832442431934433,0.9711700682384042,0.9625005530363494,0.9779674950111759,0.9885185046624249,0.9307912738384958,0.9900500353599037,0.9730853261569674,0.9760539487338582,0.9610551744012067,0.9737348299474617,0.9386700884281666,0.9306816073396824,0.9848384148538848,0.9884700460078061,0.9680472969530375,0.9841078643777335,0.9809293509650348,0.9744460634308617,0.9727704362089681,0.9909847448700818,0.9910419710524727,0.9841100331726018,0.974475777529238,0.9715108801707844
Iran,0.9691872179765301,0.988236903643143,0.9772147486771242,0.9686950815365271,0.9338660730648606,0.9624819457146551,0.9616147139843748,0.9757243395780233,0.983189212708845,0.983422650950911,0.9694606502594773,0.9482498176948922,0.9742838734900395,0.9785449863305141,0.9763221735890782,0.9317847481988343,0.9025484637733235,0.9806540268963478,0.9639307944401762,0.9815620857051481,0.9596715909597956,0.9773780632311139,0.9837063788577802,1.0,0.9808609736895163,0.9791857708762562,0.9803496088732506,0.9818369249053737,0.995370490962474,0.9378615918728149,0.9892915244078656,0.9332446512093959,0.979934788140794,0.9797367760061296,0.9662417551841079,0.9709766213292652,0.895320024327329,0.9672527208213326,0.9530298840946069,0.9557790070918928,0.9491281740457719,0.9722729263031203,0.9007814968599197,0.9857681362427203,0.9724736171783631,0.96232245096395,0.9400192669678207,0.9726616944073004,0.9635947163332774,0.929460710550945,0.9912624622187567,0.9823620965246793,0.9774406183886264,0.9728714808957662,0.9841039997809646,0.9601053439649534,0.9542783332762536,0.9831999043744245,0.9822220334806776,0.9717976257402479,0.9526376925461415,0.9617133540768894
Iraq,0.9777030247328901,0.9682519286713452,0.9486741914901295,0.9694932293569755,0.9515998013228706,0.9435085206434145,0.9642263924026478,0.9570236581358217,0.9754526407170415,0.9583541438691586,0.9690609310420615,0.94248528343336,0.9598616689240742,0.9526457515143043,0.9633883817758878,0.9010498286334887,0.9365656808836443,0.9741454283038322,0.9613072292609839,0.9610938673602625,0.9335232070728634,0.9644508354266272,0.9799768429456114,0.9808609736895163,1.0,0.963283044427634,0.9652794080614171,0.9760113342029192,0.9803606673686174,0.9441256342725747,0.9761342818287368,0.9386130453856583,0.9598250680882666,0.9686193453496512,0.9479779823809658,0.9748689233284188,0.8819785101188445,0.9570491133331022,0.9440544255943875,0.9365026553581501,0.9535875564831522,0.9770233996031444,0.9208661423127452,0.9841060462193846,0.9517743261534564,0.9769429153348245,0.9651000329662242,0.9519705563768049,0.9213603294747974,0.8929700507196725,0.9841288921559316,0.9769398202176502,0.9634116853878552,0.9694178894180434,0.9667308417568643,0.9673539093350249,0.9429080931347096,0.9780801633069456,0.9748885393748388,0.9521897806219738,0.9413648284858855,0.964072021239423
Iron,0.9788030368629443,0.9932650697974139,0.9361567591888329,0.9867497739511725,0.9682913952741614,0.9728780576769707,0.9687424500309727,0.9647127341164629,0.9890839147885158,0.9700239116365665,0.9779504428551513,0.9715686510459552,0.9931890383618219,0.9797879250652264,0.9811822789707728,0.9576417526802129,0.9234230744935269,0.9760674617572936,0.9883051687666076,0.9659570540958012,0.9750107194090322,0.9870349576290434,0.9877495528989021,0.9791857708762562,0.963283044427634,1.0,0.9658770178637206,0.9870519610527503,0.981595021098543,0.945880739721697,0.9818366638491289,0.9560903193210939,0.9721413866463422,0.972635568373513,0.9612397225919344,0.9769649564977977,0.8242133787884279,0.9914904746003612,0.9689012936895304,0.9539542739663162,0.9743880654921704,0.9822758080865756,0.9130010669434155,0.9878886686711125,0.9756429820138243,0.969095061639938,0.9589065702129198,0.959117086744433,0.9296190855362378,0.9516647438867104,0.9677092810680714,0.9862766958162474,0.9752327072606268,0.9876682054107411,0.9712516654093206,0.9779008778216622,0.9881993413749595,0.9843785564213975,0.9862291540652875,0.9917712687693776,0.9809312663383557,0.9756489042728709
Islam,0.9722830101678988,0.9754811350022732,0.9561303986929436,0.9715220884048588,0.9224565633981804,0.9835021919794795,0.9750772492139718,0.9900837331200032,0.9669066137315789,0.9883719393384782,0.9838164735203994,0.9489922946085753,0.9619647442487662,0.976156748933418,0.9637867370816718,0.9507817732675531,0.9046120560865144,0.9724204235784741,0.9595774124741362,0.9941205138677724,0.9577959005905966,0.9641231270042884,0.9793296372834213,0.9803496088732506,0.9652794080614171,0.9658770178637206,1.0,0.9626547563854873,0.9794815176403024,0.968424040532417,0.991569686868754,0.9634216050679816,0.9930058766497485,0.9622236395372472,0.9697332101205111,0.9829779012623339,0.8844604553689944,0.9626203661730804,0.9805112526903581,0.9851696760290025,0.9476584784996115,0.971823038240112,0.90384325438849,0.9771069258304786,0.9793475969864907,0.9507867174647631,0.9348978668891375,0.9897077963592115,0.9492616977144213,0.9124473533266525,0.9825074524969213,0.9638469854421071,0.9683471795518109,0.9607492304240685,0.9690616728294613,0.9485516492799867,0.9502141020015065,0.9631798650060369,0.9668833127158352,0.9658599405657965,0.9622189348013269,0.954384643169981
Italy,0.9845506684277869,0.990121282114794,0.948607529199523,0.9747466676239938,0.9737952653786469,0.9714939591679354,0.9682822476030314,0.971999489091782,0.9962036246223707,0.9748688939064956,0.9710220640952921,0.9689695390549363,0.9906863413348242,0.9842003519513103,0.993096920727053,0.9437255136765463,0.9432201517255006,0.9775111360159257,0.9700177495188357,0.9631809152669493,0.9792658503694027,0.9946969009335068,0.9877864032813631,0.9818369249053737,0.9760113342029192,0.9870519610527503,0.9626547563854873,1.0,0.9859790807275964,0.9545257318489325,0.9760750912222826,0.9547196643574556,0.9690134544666301,0.9687207331670254,0.9475966627704405,0.979490590117592,0.8410901218933978,0.986963249673416,0.9653144631495791,0.9545662237461195,0.9757501015156013,0.987799288380195,0.9316445945873373,0.9864871736718328,0.9742210875187614,0.9766698668346142,0.965189284899541,0.9602624576515937,0.9329886881483422,0.9386337693707685,0.9830069769317367,0.9975896380008445,0.9751048237223049,0.9927801775686299,0.9749455055253797,0.9865553954938643,0.9809524315569199,0.9954486094681207,0.9975557848271728,0.9879607547344111,0.9755780416421174,0.9845597271522699
Japan,0.9742024388216988,0.9922387630466819,0.9786069845985984,0.9728860871650298,0.9387509660665321,0.968769752255538,0.9654081782653811,0.98001234359374,0.9865358926606224,0.9791965449938972,0.966362874572051,0.9582962354922852,0.9800733474148796,0.9833254258613536,0.9848401936423401,0.9469084927695867,0.9065298939325375,0.9915530367922065,0.9679359936795663,0.9859074752460899,0.971668422199833,0.9854028307108852,0.9859708303538413,0.995370490962474,0.9803606673686174,0.981595021098543,0.9794815176403024,0.9859790807275964,1.0,0.9476785677899489,0.9890148318273149,0.9421320013017872,0.9779501384506788,0.9861492451451543,0.972127817767972,0.975776287364679,0.8983291905900632,0.9688042431554461,0.9588141035365283,0.9577236289711017,0.9531729251485612,0.9746672817824573,0.9050551330141773,0.9877830317172458,0.9817820215629475,0.9610858972402805,0.9406232684148771,0.9747499884257493,0.9676047401625321,0.9411377868924468,0.9906073326810568,0.9845718581012324,0.9818237154945959,0.9783671830056023,0.98883345974355,0.9714947715593877,0.9607691391660915,0.983175212117905,0.9861425479733863,0.9799687277431118,0.9605491847390816,0.9672943315324992
Jesus,0.973375308564595,0.9541710386428505,0.9145879832881754,0.9575438925270598,0.9402956226681745,0.9757766659870516,0.9763010354930439,0.9744839232773389,0.9518356640666992,0.9579017377612804,0.9735921387087944,0.952891810912875,0.9527741131844688,0.9577809009899382,0.9618397718787495,0.9375357484775492,0.9223291504835218,0.956069385479501,0.9449632340711458,0.9652416342993788,0.9605750749692983,0.9606201645556071,0.9593143710324717,0.9378615918728149,0.9441256342725747,0.945880739721697,0.968424040532417,0.9545257318489325,0.9476785677899489,1.0,0.9548962652461576,0.9892121099809428,0.9601496442923233,0.9386365951745684,0.9467442608962889,0.9850227048914579,0.8410028741764273,0.9561475836925708,0.9884032089853141,0.980811674981023,0.9420612877897818,0.9759777200441865,0.914286942347316,0.9502964075357013,0.9667481850825044,0.9406353392022665,0.9409958457298195,0.9756941459201466,0.8989988543757539,0.8720031425755121,0.957248088300419,0.9512389486651397,0.9525449552782616,0.9504459171204614,0.9379918850185258,0.9611828152336516,0.9557517258139894,0.9454978280262888,0.9554365639050897,0.9630710467035245,0.9723288273901378,0.9663420770453828
Judaism,0.9794379926676952,0.9851845049173018,0.9580655908168052,0.9789336749794948,0.9424824918333776,0.9773742645964363,0.9702767258837594,0.9807507908807338,0.9793929986228678,0.9858501955300586,0.983590823826613,0.9526815603777201,0.9725666710146701,0.9779927969422992,0.9718143194774083,0.9472987377513428,0.9171301840236675,0.9797809865709576,0.9720815249691471,0.9879649915855724,0.9588259148328536,0.9754312260828429,0.9878848166799266,0.9892915244078656,0.9761342818287368,0.9818366638491289,0.991569686868754,0.9760750912222826,0.9890148318273149,0.9548962652461576,1.0,0.9560000816758736,0.9896703998563615,0.974028634379054,0.9695834431558449,0.9838057188315861,0.8771763502265035,0.9733551269958249,0.9701351872668144,0.9683796447211134,0.9583571398170151,0.9760863975758404,0.9173666951756884,0.9885681191164009,0.975848801718371,0.9652493949206963,0.947148089642417,0.9778186359554613,0.9559476579987137,0.9365529141867359,0.9856679554266203,0.9791464545233884,0.9721322480166102,0.9764587125499979,0.9799767757757507,0.9644852158262688,0.9603809563306488,0.9785825954569148,0.9794614086551786,0.9743242676400665,0.9623193276849107,0.9665774299963097
Julius_Caesar,0.9828895307863716,0.9546573685742973,0.886947579199115,0.9714532701238424,0.9577626467923632,0.979872685249309,0.9804342593989251,0.9657723736635101,0.9583426450684931,0.9551689262105242,0.979973339763947,0.9627393790047961,0.9618187420460738,0.9607132727198489,0.9605597330541706,0.9558643022351441,0.9411883521129559,0.9500489781236348,0.9590880294296267,0.956543434177082,0.957608309218637,0.9600814352619217,0.9572189911447845,0.9332446512093959,0.9386130453856583,0.9560903193210939,0.9634216050679816,0.9547196643574556,0.9421320013017872,0.9892121099809428,0.9560000816758736,1.0,0.9659668793437918,0.9295611025443342,0.9419024915496876,0.9869850158703426,0.7979120435174182,0.9693648403359115,0.9917479849655715,0.9780507401660113,0.9573622267356569,0.975269106102084,0.9331853494937853,0.9574958689238606,0.9708006767315691,0.9515256392332285,0.9610710791051987,0.9595119797094951,0.8846666248511718,0.8960681349044122,0.9477873138621649,0.9533205184735984,0.9551653632900663,0.959297859632322,0.9242681025564714,0.9648325475074196,0.970817937254167,0.9458478952949874,0.9570240948324789,0.9645498631780992,0.9814025789086658,0.9713032703838681
Koran,0.9787302235408354,0.9784056967853288,0.9442053534372162,0.9735794556175661,0.9339550271806574,0.9859651331681177,0.9748726314193906,0.9859347022319286,0.975275012732157,0.9926674025612918,0.9819326489272613,0.9570115088179992,0.9697902428015412,0.9839305994900274,0.9716978799643174,0.9575933307299025,0.9129526579961403,0.9681859315578557,0.9638495039249875,0.9854754155332811,0.963206351981209,0.9692365515268556,0.9787690548400867,0.979934788140794,0.9598250680882666,0.9721413866463422,0.9930058766497485,0.9690134544666301,0.9779501384506788,0.9601496442923233,0.9896703998563615,0.9659668793437918,1.0,0.9564641032985063,0.9608441042206326,0.9807346611069754,0.8620696540041594,0.9719724627254985,0.9796808267725408,0.9844004671089199,0.9550007949076053,0.9732735982882438,0.9215305683031789,0.9811187652174365,0.9803386232789074,0.9534496433308427,0.9451647605664183,0.9774996732779034,0.9495339869200462,0.9313051251710606,0.9807399555875772,0.9703964927050625,0.973746205722909,0.9699157638804843,0.9653193866639629,0.9518862101113156,0.9601978575899269,0.967440688024,0.9730252296561981,0.9695380078696975,0.9691602012870898,0.9608383513733163
