,Adolf_Hitler,Africa,Asia,Association_football,Barack_Obama,Bible,Buddha,Buddhism,China,Christianity,Christmas,Dog,Earth,English_Language,Europe,Eye,George_W._Bush,Ghana,Gold,Hinduism,Human,India,Internet,Iran,Iraq,Iron,Islam,Italy,Japan,Jesus,Judaism,Julius_Caesar,Koran,Maize,Milk,Mohandas_Karamchand_Gandhi,Money,Moon,Moses,Muhammad,New_York_City,Niger,Osama_Bin_Laden,Paris,Periodic_table,Pope_Benedict_XVI,Pope_John_Paul_II,Religion,Rice,Roman_Catholic_Church,Rome,Russia,Silver,South_Africa,South_America,Soviet_Union,Sun,United_Kingdom,United_States,Water,Wikipedia,World_War_II
Adolf_Hitler,1.0,0.9671072312115131,0.9749072106961151,0.9926094247526165,0.9902224597941361,0.9707359845080734,0.9584728880778745,0.9727060997850736,0.9816400329345749,0.9753235807740711,0.9853903925979854,0.9832893665412312,0.9825362091404274,0.9549030625885426,0.946978159433515,0.9757444120853384,0.9919439556429298,0.9583639394441842,0.9882586338799256,0.9716380499974914,0.9670812584564591,0.9770589924017514,0.9757205219426983,0.9907492840322268,0.9842475732967658,0.960300754163604,0.9582132048494786,0.97856397108255,0.9788727140839493,0.9613292619636502,0.9599992117152512,0.9891401811796369,0.9873359907067947,0.9732146234143906,0.9772091878148602,0.9851304643008283,0.9638139219609889,0.9871986465989201,0.9672544754263251,0.9438007196935658,0.9820842386727147,0.9811952311409274,0.98998228156884,0.9874270291635874,0.9714444711301592,0.9886803903168743,0.9932984228609089,0.9599653350258969,0.9662181579602301,0.9705697748669331,0.9854529119669099,0.9632945311219316,0.9734609442264047,0.982544510545774,0.9669620073441779,0.9593236426038121,0.9855592403756099,0.9765745082127057,0.9716375256089754,0.933616928166807,0.9856440436911331,0.9874756003115728
Africa,0.9671072312115131,1.0,0.9918565228452223,0.9799252590009775,0.9497648856922488,0.9959466596893455,0.9609179833857296,0.9921054235640037,0.9914885848693755,0.9946479015636007,0.9895838878292658,0.9947261341812632,0.9912188445834043,0.9899700089755583,0.9947973238689436,0.9924487913875534,0.9570540639028757,0.9798503157265048,0.9846672226478533,0.988428663830984,0.9919573987580672,0.9894535783181004,0.9876116273190303,0.9881262624506079,0.9934085228291886,0.9874085082822374,0.9928343751255485,0.9913272234656703,0.9939877996349138,0.9719755189979283,0.9868777058876742,0.9677187782870879,0.9818738009280298,0.991907699996273,0.9927478145573049,0.9806572192048135,0.9948804624771516,0.9803667699688368,0.9553210275278304,0.9454598149090686,0.9880343242597652,0.9896785703934308,0.9495366594304171,0.981576844420866,0.9928419491889748,0.9642949977469026,0.9697340231711026,0.9916837295910195,0.9907974918235035,0.993771540907984,0.9907628389904773,0.9899079131983358,0.99014712854568,0.9935053544720083,0.9981734600678808,0.9834311956720558,0.9854038829544918,0.992376915299199,0.9961533355723967,0.9660985786023649,0.9739797796148774,0.9763449053895108
Asia,0.9749072106961151,0.9918565228452223,1.0,0.9816363007996728,0.9664941723647396,0.9913972925845421,0.9581358177306065,0.9892473028914327,0.9922288035079412,0.9887084064234641,0.9901781731834509,0.9923886276484949,0.9864693467519252,0.9751391270525239,0.9852112186426207,0.9812590132959458,0.9717525341128248,0.9791232712161371,0.9870464419494851,0.9831838421219955,0.9871008587478933,0.9848382811818206,0.9811017706158038,0.9888322328617378,0.9904176105871356,0.9762840715636874,0.9859861948716138,0.992456705710537,0.9882600021486392,0.9738990556494002,0.976824385847407,0.9767777524821988,0.9837623019415703,0.9901389019213903,0.9915761398488987,0.982833803559886,0.9826716273141882,0.9822528307006608,0.958212275705904,0.9454984206452562,0.9840833694679009,0.9878536545848579,0.9669972901128973,0.9823785320885934,0.9880767232317694,0.9775240749219193,0.9809323724333068,0.9863035537317112,0.9824052599859819,0.983777730157075,0.9897852754958621,0.9898463206868691,0.9847640680894768,0.9914073757886,0.9922907415258136,0.9859700396141737,0.9830243304709883,0.9925769344420494,0.9927870779982593,0.9503190430595025,0.9779430283306041,0.9787949212053546
Association_football,0.9926094247526165,0.9799252590009775,0.9816363007996728,1.0,0.9778495585098654,0.9823174951625255,0.9724222016074102,0.9833119569292618,0.986342322388546,0.9862776931870515,0.9908261916280721,0.9904021853476064,0.9910761221863604,0.972683427544556,0.9645421458983517,0.9846592702525995,0.9830433507174963,0.9704974009127516,0.9940883292495444,0.9816053728531385,0.9753106972227605,0.9800374240676555,0.9825070853323317,0.99361879311785,0.9906657487224049,0.9771361708918075,0.97440702250458,0.9837958589690238,0.9870057608182017,0.9756753088843135,0.9759452014700221,0.9858234426690492,0.9932062856833833,0.9854149948589517,0.9849590071149632,0.9873554793959057,0.979353330234815,0.9879284800589683,0.9761571360121545,0.953770856531297,0.9866504782015084,0.9879019342587345,0.9744851452967955,0.9892762269522833,0.9823378392297542,0.9823760016921643,0.9846648223876259,0.9723440753187208,0.9788656267442516,0.9789616013774911,0.9886268406206589,0.9704971014051992,0.9863383101037103,0.9920417839874617,0.9776184666912733,0.9641077829181197,0.990792262150239,0.9792498505601263,0.9818292509457833,0.9544750125789445,0.9871175721182563,0.9798640819990511
Barack_Obama,0.9902224597941361,0.9497648856922488,0.9664941723647396,0.9778495585098654,1.0,0.9506727078203198,0.9287656192610121,0.9523088252057628,0.974590632934961,0.9562767297733562,0.9713467391661667,0.969776861564526,0.9722133959023145,0.9343167683006347,0.9229963816710502,0.955861471211169,0.9969870599049985,0.9414672454838781,0.9796662699870946,0.9465243777890645,0.9580953291441783,0.969045692269837,0.962395417970554,0.9803834572827108,0.9723208224324359,0.9383969942247514,0.9339062201648856,0.9735086046238498,0.9646261222406883,0.935174293748551,0.932318528257019,0.9843189806506367,0.9691642784688508,0.9548667522175045,0.9686980459635149,0.9714313322007933,0.9403581184865958,0.9872944135576065,0.9406342004425386,0.9101894835424241,0.9715172817146142,0.9677355784789993,0.9943138906093995,0.9814649665534884,0.9525337799266463,0.9888930522962004,0.9901655804457289,0.9386953633126041,0.937557830168956,0.9534093367506443,0.9753618640015181,0.9563050796096899,0.9591525118171897,0.97031045839146,0.9503731815603583,0.9609019041395755,0.979192714510137,0.9698088862331301,0.9611996210304548,0.9015641782586228,0.9804011859670586,0.982771183124516
Bible,0.9707359845080734,0.9959466596893455,0.9913972925845421,0.9823174951625255,0.9506727078203198,1.0,0.9653193151254038,0.9930178345849956,0.9888857151554745,0.9950430471834668,0.9930494758049989,0.9939685465190186,0.9882780035203477,0.987532913387342,0.9900738968670582,0.9901440240934484,0.9588591411573244,0.9764592806151173,0.9852802372066063,0.9917218517572924,0.9886768836584959,0.9872160756136348,0.9856155206275105,0.986160848951333,0.9916165728259451,0.9841169096942906,0.9923652135802478,0.9877037846390427,0.9903746207708574,0.9764942935393847,0.9906097643054123,0.9709173475738089,0.9859512749069989,0.9907821014163002,0.9874227851192661,0.9810612176751946,0.9922796133092457,0.9781663456629038,0.9598627245962296,0.9516466281518885,0.9853091094710947,0.9844082477043237,0.9527797406852693,0.9812052059535613,0.9962477398066975,0.9657071238650352,0.9726257772669563,0.9899288667165485,0.9932102544894966,0.9934957098335436,0.9904471934802141,0.9859896122351797,0.9885687498404541,0.9927631788304855,0.9948163587066673,0.9786880902945082,0.9851530067244157,0.9912407454210084,0.9915390814853904,0.959244491777949,0.9749393659202433,0.9753562825656322
Buddha,0.9584728880778745,0.9609179833857296,0.9581358177306065,0.9724222016074102,0.9287656192610121,0.9653193151254038,1.0,0.9780304490732507,0.9473875085667514,0.9697508987659825,0.9681259172040483,0.9720413952157925,0.9628373342869352,0.9653907638979184,0.9551284779220768,0.9662855162766621,0.9334261586098456,0.9533788901978099,0.9598942637094018,0.9767735604577011,0.9500422802825721,0.9380868579713249,0.9584377602350959,0.9628649113810703,0.965432779869941,0.974803313103959,0.9769062978936339,0.9438632983818445,0.9576938966171203,0.992016857100427,0.9849071888558693,0.9635910156023235,0.9825586874577249,0.9702472033477605,0.9482320592010248,0.9828631017218168,0.9709936591674807,0.9456850761015503,0.9949302802678472,0.9931906368019983,0.9572380966582201,0.9627399723108979,0.9319056179260788,0.9476852046100565,0.9685563701323103,0.9487063262252357,0.946638501341257,0.9695297476261927,0.964966934403687,0.9576720676600757,0.9548080845336784,0.9354444878662388,0.96338017688475,0.9668179932816179,0.9551313915221012,0.9181960024947328,0.9574150110039267,0.9430701955856436,0.9545132612105988,0.9581903504122266,0.9598913653637859,0.9292846639670996
Buddhism,0.9727060997850736,0.9921054235640037,0.9892473028914327,0.9833119569292618,0.9523088252057628,0.9930178345849956,0.9780304490732507,1.0,0.9811714017674555,0.9892338373203164,0.9879487834580746,0.9952092989388,0.9865481596717237,0.9850970639544088,0.9868961406128982,0.9914020314169145,0.9551648445048737,0.9665619704398776,0.9802954829921124,0.9973186128385928,0.9885253754506332,0.9770505533896772,0.9851348048788631,0.9828600796607359,0.9870346520468883,0.9836537898925729,0.9930015409702239,0.9795754891512352,0.982884882027871,0.9833518012093648,0.990922304741564,0.9811343187775053,0.9912474865088463,0.9894824933159795,0.9860791041803493,0.9890336678265622,0.9909835357350338,0.9743320219744817,0.9749261480309523,0.9662834150653388,0.9801154598923678,0.980934883397571,0.956546034251891,0.9722252117641439,0.9941412194093119,0.9617694231846445,0.9681150868577862,0.996449898780639,0.9913544322752349,0.9893164155672194,0.983289638117648,0.9746956513470182,0.9808853083951186,0.9869926742580885,0.9886116557656826,0.9689310593233548,0.9827472806529479,0.9833824491046524,0.9850981496265525,0.9581715614226358,0.978274032901872,0.9694490830180084
China,0.9816400329345749,0.9914885848693755,0.9922288035079412,0.986342322388546,0.974590632934961,0.9888857151554745,0.9473875085667514,0.9811714017674555,1.0,0.9907656814718729,0.9923692936124704,0.9911080149323954,0.9947042486154434,0.9770855507692939,0.9783724103329119,0.9854636187031931,0.9808843527045729,0.9819361715966592,0.9952148842634998,0.9763927837242921,0.9866082021868542,0.9963728234478585,0.9846942184502407,0.9953272111918089,0.9955923540400806,0.9767525657081387,0.9770535030910781,0.997511143709192,0.9965997901986527,0.9624375836060264,0.971307746869139,0.9741747420154874,0.9798258129024866,0.9863849500857074,0.9944337180917152,0.9780900834926074,0.9822475945332221,0.9931231304038578,0.9496884451083496,0.9282383960793892,0.9925971484779724,0.9919790352205919,0.969689992158372,0.9948386052684695,0.9866631322187956,0.9842848366494682,0.9871432080452467,0.9749315665257121,0.9800227130350154,0.987030618654736,0.996800364313385,0.99228249705835,0.992049298576686,0.9961734513890607,0.9925478805916214,0.9892122241546539,0.9926343217597244,0.9966681181473225,0.9960223424210213,0.9498094426251948,0.9814003248833921,0.9907086382377968
Christianity,0.9753235807740711,0.9946479015636007,0.9887084064234641,0.9862776931870515,0.9562767297733562,0.9950430471834668,0.9697508987659825,0.9892338373203164,0.9907656814718729,1.0,0.9924808867433788,0.9933612749296841,0.9930032955169129,0.9902747660736395,0.984574199742321,0.9935463592346303,0.9651486212702219,0.9824040489502541,0.9892291794630285,0.9879826599337006,0.9871126572839803,0.9875454668810834,0.9869296126959635,0.9906894297034339,0.9959072667497078,0.9897837830417282,0.9908559196813784,0.9871713902347369,0.994423341789973,0.979686357048468,0.9911558739082597,0.9725868815475144,0.9870999016213438,0.9890998105566996,0.987100332308445,0.9849551134904141,0.9945792880478308,0.9841148619548697,0.966819974100008,0.9553408994223245,0.9902083818840309,0.9899203861212202,0.9537208112971978,0.9853846383893338,0.9933952272794416,0.9734473311548953,0.9775174229279989,0.9853096889723363,0.9887155140654532,0.9918030679003224,0.9921765410412647,0.98517205197779,0.9935053058862843,0.9959830418706029,0.9933130134849658,0.9763935287618675,0.9888859419125571,0.9896904043785835,0.9936373590756395,0.9694652295989123,0.9768038741309515,0.9768341355688748
Christmas,0.9853903925979854,0.9895838878292658,0.9901781731834509,0.9908261916280721,0.9713467391661667,0.9930494758049989,0.9681259172040483,0.9879487834580746,0.9923692936124704,0.9924808867433788,1.0,0.9936996271842103,0.9922794280506473,0.982794205345837,0.9780935160640359,0.9865163158607515,0.9773444843458496,0.9793928719238312,0.9947216267214906,0.9853465284154264,0.9837406192734333,0.9872948117939402,0.9870068942235536,0.9919330669146414,0.9940185403414074,0.9833817869969904,0.9828461633355083,0.9906694096107682,0.9911345336240306,0.9784790419741014,0.9841339839194326,0.9802560237940744,0.9896727544593467,0.9897033880091728,0.9866908310608316,0.9863953892480731,0.9870018916203858,0.9879078635032854,0.9669663659490549,0.9528533524845244,0.9898237392259552,0.9867788761867191,0.9684225640341293,0.9895426025361341,0.9925707852872179,0.983307032042337,0.9846968790418793,0.9802672855222261,0.9853652497098935,0.9881349562209224,0.9932786420624062,0.9842079110924833,0.992355707893911,0.995913681870991,0.9884496081711259,0.9776309941106652,0.9918140962224442,0.9906156407945009,0.9911582582300733,0.9565681471364831,0.9863651732430819,0.9839770956346636
Dog,0.9832893665412312,0.9947261341812632,0.9923886276484949,0.9904021853476064,0.969776861564526,0.9939685465190186,0.9720413952157925,0.9952092989388,0.9911080149323954,0.9933612749296841,0.9936996271842103,1.0,0.9939532622138327,0.9873508898062796,0.9839542144295599,0.993938586003253,0.9735838339206292,0.9740145123178531,0.9905849027564076,0.991602633777256,0.9923062243524835,0.987896630031457,0.9925283688770394,0.9934371454552083,0.9961564316524915,0.9869119394472241,0.9900141841749501,0.9914725077521064,0.9919832162754038,0.9774366941258514,0.9872539752827242,0.9859081537433538,0.9923635384225264,0.9926851472693319,0.9925253490487026,0.9924613793724203,0.9915337226203268,0.988671320695175,0.9699081956320761,0.9564113527621614,0.9918153803747406,0.9908275760486555,0.9702268707521046,0.987139279922902,0.9935186723229779,0.9769733074538869,0.9815295361274815,0.9902610833685151,0.9882452400167644,0.9927376873994725,0.9938862213944872,0.9838543041364751,0.989255939285371,0.9952489658441646,0.9915730236063709,0.9801472590077691,0.9921208879152147,0.9915492653966613,0.9925068007206674,0.9597662491901764,0.9873894358219022,0.9825306864522771
Earth,0.9825362091404274,0.9912188445834043,0.9864693467519252,0.9910761221863604,0.9722133959023145,0.9882780035203477,0.9628373342869352,0.9865481596717237,0.9947042486154434,0.9930032955169129,0.9922794280506473,0.9939532622138327,1.0,0.9865382760867392,0.975648896957457,0.9930687720628751,0.975989253906817,0.9766970669464613,0.9948542512411299,0.9834047707526073,0.9896686272274741,0.9919519704472483,0.9891697355292403,0.9941686441253816,0.9967035608022826,0.9846534773932516,0.9812358718320213,0.9909919035717658,0.994919627834139,0.9707158243940069,0.980551466658462,0.9807628469018964,0.9868395053283926,0.9854219412272852,0.9929026352337549,0.985194819756841,0.9880466064577852,0.9945304435296958,0.9627241709092262,0.9424570087738642,0.9930080010312962,0.9900367558081011,0.9656527741713629,0.9921423617412756,0.9909515387959236,0.9794674481413557,0.9825237481331212,0.9797146818897462,0.9817013494964356,0.9902776122056529,0.9949735535334931,0.9844450793792614,0.993200400968679,0.9964688681344133,0.9893560340168027,0.9810301233770182,0.9978320977976284,0.9915844119048585,0.993908729910852,0.956625943272136,0.9860163524395686,0.9847848584651944
English_Language,0.9549030625885426,0.9899700089755583,0.9751391270525239,0.972683427544556,0.9343167683006347,0.987532913387342,0.9653907638979184,0.9850970639544088,0.9770855507692939,0.9902747660736395,0.982794205345837,0.9873508898062796,0.9865382760867392,1.0,0.9821886004455488,0.9894247849257144,0.9417006351284786,0.9699994203239172,0.977644135790254,0.982107824535819,0.9854418433633156,0.9740550171611538,0.990010745121804,0.9750727902039924,0.985272508184174,0.9959610461603963,0.9874038674021363,0.9768117174239798,0.9831887142871943,0.9728091322118564,0.9900694008332971,0.9603779697469031,0.9747640771949762,0.9844379832401992,0.9777226287474506,0.975191906594582,0.9948206144975157,0.9723384919780904,0.9557705889527047,0.9467572021506658,0.985590407563034,0.9750801695149873,0.9275339883185243,0.9715271532118559,0.9910614661804826,0.9519244080878926,0.9536862463690831,0.9824954400075196,0.9839174953844226,0.9892851377230013,0.981586024767928,0.9734536456685434,0.9879609086445432,0.986002192367733,0.9845531597607602,0.9657871732954972,0.9823508386809023,0.9796107066129239,0.9882617482740005,0.9730246961818255,0.9738748598327672,0.9572647120513982
Europe,0.946978159433515,0.9947973238689436,0.9852112186426207,0.9645421458983517,0.9229963816710502,0.9900738968670582,0.9551284779220768,0.9868961406128982,0.9783724103329119,0.984574199742321,0.9780935160640359,0.9839542144295599,0.975648896957457,0.9821886004455488,1.0,0.9797852317089917,0.9329647327192652,0.9774712730924968,0.9690255787570865,0.9823035778558465,0.98112563397334,0.9745240596855463,0.9755589526545743,0.9733399966422718,0.9800313556733621,0.9813271850282899,0.9918872413789773,0.9803553906392045,0.9832475824423792,0.969186342932665,0.982476162088281,0.9464842835499182,0.9689038664242995,0.989698383829742,0.9829096704276687,0.9673931214746893,0.9898641572219341,0.9579410630600413,0.9468059232764934,0.9437491237265836,0.9740522680944121,0.9798472485538652,0.9251977686754663,0.964156940598908,0.9835522755776902,0.9446901370796031,0.9498829841327693,0.9895579275933216,0.9892878917548122,0.9828250555509482,0.9756038374831301,0.9827753298331314,0.9801682824532968,0.9815256326149564,0.9935993197148174,0.9707285103989981,0.9656443692738548,0.9803700203406306,0.9875102502776838,0.9682784345897089,0.9558104617808193,0.9563771758205426
Eye,0.9757444120853384,0.9924487913875534,0.9812590132959458,0.9846592702525995,0.955861471211169,0.9901440240934484,0.9662855162766621,0.9914020314169145,0.9854636187031931,0.9935463592346303,0.9865163158607515,0.993938586003253,0.9930687720628751,0.9894247849257144,0.9797852317089917,1.0,0.9599816408019733,0.9665653143954835,0.9834221480186351,0.9922664576545613,0.9913811721503005,0.9855858925552369,0.9908338976778573,0.9880045080206902,0.9921901250002287,0.9856837724854013,0.986815387464562,0.9821611433668787,0.9899863009169664,0.9709555442258967,0.9862445878438969,0.9783170179281897,0.987879258905285,0.9833429360237202,0.9886690086787403,0.9858253566709413,0.9939537932635245,0.9842651291318815,0.9640208586246127,0.9501484792596531,0.987824690007291,0.9850644531695921,0.955686589054836,0.979871361804564,0.9918441783861733,0.9644183807972374,0.97243395683952,0.989009456056413,0.9876389811887016,0.9946360548683802,0.9894847607697493,0.9769718815302733,0.9852265245008951,0.9894526689325972,0.9886935841653842,0.9734992988768885,0.9897301612358829,0.9868723038680302,0.9880447054446583,0.9642066186054914,0.9798181704708457,0.978931279404083
George_W._Bush,0.9919439556429298,0.9570540639028757,0.9717525341128248,0.9830433507174963,0.9969870599049985,0.9588591411573244,0.9334261586098456,0.9551648445048737,0.9808843527045729,0.9651486212702219,0.9773444843458496,0.9735838339206292,0.975989253906817,0.9417006351284786,0.9329647327192652,0.9599816408019733,1.0,0.9554607847724188,0.9855555389316628,0.9490481591214331,0.9604185893646717,0.9744042398469528,0.9663711360588974,0.9860535186580391,0.9791439125551981,0.9471201749514069,0.9426273249328774,0.9802828484813452,0.9733444619780759,0.9424342583592773,0.9399305031740872,0.9807601738864987,0.9712144760067616,0.9635783252129786,0.9727577530098819,0.9724013472226715,0.9478318723451306,0.989052131527331,0.9446510413185726,0.9143503346758514,0.9773385956170563,0.9759714163756712,0.9907411530709574,0.9875506090347322,0.9579235114058163,0.9932559373657545,0.9935704120293501,0.9413376545845678,0.9452844319028819,0.9573965440635748,0.981032876243477,0.9652970034345412,0.9690205731117427,0.977933378700785,0.9576556758522718,0.9663117244462853,0.9809455641722066,0.9744779923922804,0.968470876037384,0.9149568823386208,0.9804436129890002,0.9853317159015161
Ghana,0.9583639394441842,0.9798503157265048,0.9791232712161371,0.9704974009127516,0.9414672454838781,0.9764592806151173,0.9533788901978099,0.9665619704398776,0.9819361715966592,0.9824040489502541,0.9793928719238312,0.9740145123178531,0.9766970669464613,0.9699994203239172,0.9774712730924968,0.9665653143954835,0.9554607847724188,1.0,0.9802427999721558,0.9596913437978004,0.9671394459519117,0.9701195975946453,0.9693965230384295,0.9804163715408486,0.9837138840338054,0.9793477515787473,0.9777505582537134,0.981872605953645,0.9868666430813691,0.9742071784946524,0.9692815497654983,0.9416701734768008,0.9653879575150517,0.9844551080910849,0.9755270973795703,0.9666485513306486,0.97852834331642,0.9664947586794616,0.9542504953679398,0.9441903385035537,0.9797386296545885,0.985991067439468,0.9331560988677899,0.9777263118898089,0.971617046495293,0.973532699238026,0.9696504551448901,0.9624386760060347,0.9687630759812825,0.966039211606968,0.9785422278277386,0.9859650752308126,0.9893488844060816,0.9855301167872115,0.9804695447787601,0.9680457351630821,0.9663145248368986,0.9760764038594317,0.9872342443511115,0.9733567524383927,0.9618528597944924,0.9566660444195821
Gold,0.9882586338799256,0.9846672226478533,0.9870464419494851,0.9940883292495444,0.9796662699870946,0.9852802372066063,0.9598942637094018,0.9802954829921124,0.9952148842634998,0.9892291794630285,0.9947216267214906,0.9905849027564076,0.9948542512411299,0.977644135790254,0.9690255787570865,0.9834221480186351,0.9855555389316628,0.9802427999721558,1.0,0.9758608174929225,0.9800082969930387,0.9880125480918445,0.9853617236863639,0.9948067779991466,0.9939836434513912,0.9803708318661289,0.9731373005575124,0.9922232007678956,0.9919500745230792,0.971406370030327,0.973385009863289,0.9802908917260128,0.9854587142582062,0.986395355662315,0.9880310168483798,0.9831804490275332,0.9806370601982388,0.9937803288429983,0.9634239278299126,0.9395690882661072,0.992339760051933,0.9886574004620255,0.9708416754347667,0.9949998877977698,0.9866325532175608,0.9887217402161302,0.9873913752515298,0.9688965589181087,0.9788263102709365,0.9809482363057962,0.9944509713177074,0.9821598445388569,0.9947349232050332,0.9967091966917482,0.9837458555239714,0.9779056209918988,0.9948698010065163,0.9887727212339908,0.9907461634193439,0.9520141628892579,0.9880321990853107,0.9855106955930957
Hinduism,0.9716380499974914,0.988428663830984,0.9831838421219955,0.9816053728531385,0.9465243777890645,0.9917218517572924,0.9767735604577011,0.9973186128385928,0.9763927837242921,0.9879826599337006,0.9853465284154264,0.991602633777256,0.9834047707526073,0.982107824535819,0.9823035778558465,0.9922664576545613,0.9490481591214331,0.9596913437978004,0.9758608174929225,1.0,0.9848848242818584,0.9748548097970657,0.9825579313760976,0.9795214401132079,0.9833863962242797,0.9795344769192288,0.9898869554588733,0.9732780657302723,0.9795671995662651,0.9808878356600779,0.9907815143161391,0.9773759490203188,0.9914840278595755,0.985191703266219,0.9815869545140278,0.9859891315334055,0.9899316958723992,0.9704897710396556,0.9732906479949894,0.9662008054728279,0.9770095649089167,0.9766995473148644,0.9529051865433069,0.9684863281136955,0.9921798373794535,0.9558606232055823,0.9647091990132995,0.9948649437006714,0.9926665412168871,0.9898597618446635,0.9810952045231732,0.967656622609178,0.9760167515201937,0.9825278143352049,0.9857907960524698,0.9616199760512248,0.98003257858928,0.9798657505193727,0.9796549387854409,0.957215041054088,0.9747612084442758,0.9674046256579801
Human,0.9670812584564591,0.9919573987580672,0.9871008587478933,0.9753106972227605,0.9580953291441783,0.9886768836584959,0.9500422802825721,0.9885253754506332,0.9866082021868542,0.9871126572839803,0.9837406192734333,0.9923062243524835,0.9896686272274741,0.9854418433633156,0.98112563397334,0.9913811721503005,0.9604185893646717,0.9671394459519117,0.9800082969930387,0.9848848242818584,1.0,0.9843580810813448,0.9915458244540378,0.9837252699395915,0.9901600415003553,0.9791802384090048,0.9857322535352607,0.9874282188286334,0.9861882966761232,0.9620854687279623,0.9772329279049535,0.9749374042349256,0.9806914630616023,0.9826192527193778,0.9930302074116509,0.9810059965017264,0.9892071491829264,0.9849898798056853,0.9466636646248724,0.9337015544825462,0.9863556209202569,0.9808850150717013,0.9579525471557437,0.9786506290707414,0.9900384028112573,0.9651473498714483,0.9722877105213013,0.9889974830960053,0.9787954839006163,0.991990670663007,0.9890556243521978,0.9850265958239179,0.9811737638276936,0.987042454137838,0.9877626079651952,0.9888208046198835,0.9871830385182171,0.9916578484816493,0.9910835058906657,0.9529783321663976,0.9818910237755416,0.9769490656194241
India,0.9770589924017514,0.9894535783181004,0.9848382811818206,0.9800374240676555,0.969045692269837,0.9872160756136348,0.9380868579713249,0.9770505533896772,0.9963728234478585,0.9875454668810834,0.9872948117939402,0.987896630031457,0.9919519704472483,0.9740550171611538,0.9745240596855463,0.9855858925552369,0.9744042398469528,0.9701195975946453,0.9880125480918445,0.9748548097970657,0.9843580810813448,1.0,0.9802995662566137,0.9912209025446571,0.9920590879245168,0.9689557960952485,0.9719770857212287,0.9933778291188144,0.9942912878589226,0.9488551978897044,0.9685861426362781,0.9694438025308402,0.9742462933521456,0.9785617066039559,0.9907765116942026,0.9716824975358895,0.9781208155712616,0.9900773298018908,0.9372778110983117,0.9183706477296025,0.9887171980067386,0.9874300088248771,0.9670137812042054,0.9924375803827954,0.98330180330653,0.9741719392198795,0.9828004141777706,0.9719929551608364,0.9780893841823685,0.9895186832286741,0.994677184307709,0.9884828896336104,0.9850205055049944,0.9910315988005136,0.9919427995633155,0.9852165928440916,0.9909572906048195,0.9956699713471475,0.9910514328201364,0.9388099647943836,0.973075452134501,0.9914998762634619
Internet,0.9757205219426983,0.9876116273190303,0.9811017706158038,0.9825070853323317,0.962395417970554,0.9856155206275105,0.9584377602350959,0.9851348048788631,0.9846942184502407,0.9869296126959635,0.9870068942235536,0.9925283688770394,0.9891697355292403,0.990010745121804,0.9755589526545743,0.9908338976778573,0.9663711360588974,0.9693965230384295,0.9853617236863639,0.9825579313760976,0.9915458244540378,0.9802995662566137,1.0,0.9865004006481913,0.9898418327067905,0.9889795797308082,0.9808145427928997,0.987222462746697,0.9863679145274433,0.967477717283567,0.9785657983993453,0.9767356058238039,0.9826387292646248,0.9882047229261229,0.9879897670086761,0.984068630193098,0.9904762360507868,0.9852441171752739,0.9560059250651263,0.9406488539937571,0.9949615815603445,0.9824978595202895,0.9584875699163637,0.9836619231984901,0.9875444580535474,0.9710373357125703,0.9738427147095529,0.9819715186364191,0.9807199156809749,0.9909211626128325,0.9908840212523436,0.9773520667663153,0.9861826147375952,0.9880462512230793,0.9823274102661818,0.9763524238645976,0.9885101237445838,0.9877075485679004,0.9899343420497668,0.9682605791757607,0.9920041203478468,0.9755461157993536
Iran,0.9907492840322268,0.9881262624506079,0.9888322328617378,0.99361879311785,0.9803834572827108,0.986160848951333,0.9628649113810703,0.9828600796607359,0.9953272111918089,0.9906894297034339,0.9919330669146414,0.9934371454552083,0.9941686441253816,0.9750727902039924,0.9733399966422718,0.9880045080206902,0.9860535186580391,0.9804163715408486,0.9948067779991466,0.9795214401132079,0.9837252699395915,0.9912209025446571,0.9865004006481913,1.0,0.9970325681256692,0.9787619620140713,0.9790876898072769,0.9938174885057957,0.9958546178233861,0.969900883604311,0.9744439845588809,0.9825006680293875,0.989004402022511,0.9874584941642184,0.9925101099726107,0.9884368987287903,0.9827395422301518,0.9933630570959082,0.9657234351454914,0.9460561904893092,0.9939544210359783,0.9967463971418188,0.9785247480498588,0.9955064284728316,0.9833800115767489,0.9887400438513338,0.9917920807247455,0.9759820568948309,0.9776659555156035,0.9853012100848338,0.9962946066116276,0.9847555015500854,0.9901204435254469,0.9959121437811949,0.9873097211781267,0.9802484371890755,0.9921251749770141,0.9904401062281664,0.9915823783365841,0.95764486550746,0.9866497652873617,0.9893540665608275
Iraq,0.9842475732967658,0.9934085228291886,0.9904176105871356,0.9906657487224049,0.9723208224324359,0.9916165728259451,0.965432779869941,0.9870346520468883,0.9955923540400806,0.9959072667497078,0.9940185403414074,0.9961564316524915,0.9967035608022826,0.985272508184174,0.9800313556733621,0.9921901250002287,0.9791439125551981,0.9837138840338054,0.9939836434513912,0.9833863962242797,0.9901600415003553,0.9920590879245168,0.9898418327067905,0.9970325681256692,1.0,0.9861185815989243,0.9869032832650381,0.9941705598812415,0.9975276401412505,0.9741375909611226,0.9834668031862167,0.9792357697798373,0.9883422459299548,0.9899911249330323,0.9927981101513819,0.9882340940842846,0.9898410123915942,0.9930377710926039,0.9652777162241849,0.9485858493852044,0.9947862452191428,0.9952798768648188,0.969558798366038,0.9934428535826534,0.9902988808756393,0.9844962007965136,0.9874639680301897,0.9816632224918783,0.9823500587629069,0.9906220096495975,0.996820644869392,0.989348452848669,0.9937793729352113,0.9984541939728466,0.9916031466090339,0.9840517653375175,0.9936703493437008,0.9932778227533342,0.9954615856038735,0.9622931220723572,0.9850783255164103,0.986173468692494
Iron,0.960300754163604,0.9874085082822374,0.9762840715636874,0.9771361708918075,0.9383969942247514,0.9841169096942906,0.974803313103959,0.9836537898925729,0.9767525657081387,0.9897837830417282,0.9833817869969904,0.9869119394472241,0.9846534773932516,0.9959610461603963,0.9813271850282899,0.9856837724854013,0.9471201749514069,0.9793477515787473,0.9803708318661289,0.9795344769192288,0.9791802384090048,0.9689557960952485,0.9889795797308082,0.9787619620140713,0.9861185815989243,1.0,0.9883776238937496,0.9773923549709168,0.9846264530710409,0.982791929914079,0.9898297509999541,0.9605878103565807,0.9769596264265077,0.989701484776538,0.9761911519455484,0.9791183350044829,0.9940340718315408,0.9705912033291748,0.9691863870710402,0.9588326303828041,0.9877223446835292,0.9808028467532932,0.9311039201292581,0.972947740234471,0.9863699686945868,0.9614296645938822,0.958165286586713,0.9801280614895552,0.9820629240203637,0.9840789040964387,0.9806216800783836,0.9722070231400568,0.9901875352168579,0.9872243268685256,0.9822609843144057,0.9603236619264659,0.9786052021357209,0.9760207945009014,0.9880669582661992,0.9839532063203335,0.9768747335050074,0.9549813211254499
Islam,0.9582132048494786,0.9928343751255485,0.9859861948716138,0.97440702250458,0.9339062201648856,0.9923652135802478,0.9769062978936339,0.9930015409702239,0.9770535030910781,0.9908559196813784,0.9828461633355083,0.9900141841749501,0.9812358718320213,0.9874038674021363,0.9918872413789773,0.986815387464562,0.9426273249328774,0.9777505582537134,0.9731373005575124,0.9898869554588733,0.9857322535352607,0.9719770857212287,0.9808145427928997,0.9790876898072769,0.9869032832650381,0.9883776238937496,1.0,0.9774367643117284,0.9848748592356787,0.9846337923676846,0.9934800966970917,0.9623697682739358,0.9824579070477389,0.9901458236444198,0.9818944032695727,0.9814313184962744,0.993412488586209,0.9653077070443937,0.9703096598916501,0.9665054143051189,0.9783197170008204,0.9833994318614793,0.938521098994125,0.9676286827378958,0.98949041474696,0.9565189766773725,0.9606341195544396,0.9935727705264206,0.9865384680694737,0.9864941646675796,0.9795519268597217,0.9784183363405597,0.9821786748901292,0.985844811782635,0.989247273762143,0.9686778390232581,0.9727982541029496,0.9791047304829958,0.9865220911127648,0.9718617363280893,0.9672476504920813,0.9578020429426188
Italy,0.97856397108255,0.9913272234656703,0.992456705710537,0.9837958589690238,0.9735086046238498,0.9877037846390427,0.9438632983818445,0.9795754891512352,0.997511143709192,0.9871713902347369,0.9906694096107682,0.9914725077521064,0.9909919035717658,0.9768117174239798,0.9803553906392045,0.9821611433668787,0.9802828484813452,0.981872605953645,0.9922232007678956,0.9732780657302723,0.9874282188286334,0.9933778291188144,0.987222462746697,0.9938174885057957,0.9941705598812415,0.9773923549709168,0.9774367643117284,1.0,0.9948078057661971,0.9594170419979541,0.9684317416117781,0.9715350510523659,0.9769437239272986,0.989646061191422,0.995018431445515,0.9768827571142173,0.9815243249001936,0.9906602074075775,0.9445658719539136,0.925307841064786,0.9931201870613999,0.9923794896565291,0.9691350465015308,0.9935886247410076,0.9832602620693032,0.9825094161262964,0.9850540077481669,0.9754487459454464,0.9775256100232772,0.9861413887237924,0.9956777650986534,0.9939807270205504,0.9901218284725942,0.9942341276398862,0.9913517597550732,0.9911356839445119,0.9886830360708517,0.9961494812885902,0.9963022442776059,0.9529771569416509,0.9829138574751686,0.9873863177414244
Japan,0.9788727140839493,0.9939877996349138,0.9882600021486392,0.9870057608182017,0.9646261222406883,0.9903746207708574,0.9576938966171203,0.982884882027871,0.9965997901986527,0.994423341789973,0.9911345336240306,0.9919832162754038,0.994919627834139,0.9831887142871943,0.9832475824423792,0.9899863009169664,0.9733444619780759,0.9868666430813691,0.9919500745230792,0.9795671995662651,0.9861882966761232,0.9942912878589226,0.9863679145274433,0.9958546178233861,0.9975276401412505,0.9846264530710409,0.9848748592356787,0.9948078057661971,1.0,0.9686075051577769,0.9794301687998906,0.9688318594223834,0.9812129556049418,0.9895880897046457,0.9932736683057044,0.9795198764917402,0.9888027080521371,0.9885107505826772,0.9575930005007054,0.9401883413485206,0.9940473107762198,0.9963396628136282,0.9612674125700681,0.9932630907816757,0.9865782946238482,0.9798463710959657,0.9836272544184868,0.9786527556379282,0.9832249995259928,0.9900480311777272,0.9955214045196434,0.9913145698693493,0.9937901378057581,0.9966661978485499,0.9943182456524748,0.9828911176494193,0.9897208857185502,0.993242261977215,0.9964419290653261,0.9658306317039927,0.9780914302098233,0.9850186309602533
Jesus,0.9613292619636502,0.9719755189979283,0.9738990556494002,0.9756753088843135,0.935174293748551,0.9764942935393847,0.992016857100427,0.9833518012093648,0.9624375836060264,0.979686357048468,0.9784790419741014,0.9774366941258514,0.9707158243940069,0.9728091322118564,0.969186342932665,0.9709555442258967,0.9424342583592773,0.9742071784946524,0.971406370030327,0.9808878356600779,0.9620854687279623,0.9488551978897044,0.967477717283567,0.969900883604311,0.9741375909611226,0.982791929914079,0.9846337923676846,0.9594170419979541,0.9686075051577769,1.0,0.9875201850289097,0.9631764584353013,0.983523568456364,0.9818543319926712,0.9611532322992645,0.9828281095059077,0.9800832384428715,0.9546732180349107,0.9916980012739974,0.9870368159098967,0.9666775928888747,0.9700126147187884,0.9340016198974206,0.9568364403388026,0.978892498504771,0.9619169071953172,0.9571246853405114,0.9771451198004173,0.9743078369192192,0.9658717036638202,0.9653791806979075,0.9571093219582414,0.9768044202317709,0.97660476052973,0.968010758007413,0.9405656972967583,0.9636169227711101,0.9596917279689069,0.9701089730545914,0.9688059761528953,0.9679156847490356,0.9400110764572313
Judaism,0.9599992117152512,0.9868777058876742,0.976824385847407,0.9759452014700221,0.932318528257019,0.9906097643054123,0.9849071888558693,0.990922304741564,0.971307746869139,0.9911558739082597,0.9841339839194326,0.9872539752827242,0.980551466658462,0.9900694008332971,0.982476162088281,0.9862445878438969,0.9399305031740872,0.9692815497654983,0.973385009863289,0.9907815143161391,0.9772329279049535,0.9685861426362781,0.9785657983993453,0.9744439845588809,0.9834668031862167,0.9898297509999541,0.9934800966970917,0.9684317416117781,0.9794301687998906,0.9875201850289097,1.0,0.964035225049708,0.9846087043154114,0.9849554533731433,0.9700675888948042,0.9823454593246757,0.9921038074587148,0.9633401255026736,0.9759102184889061,0.9748416657738052,0.9765970333909337,0.9748777127285757,0.9338337665590107,0.9659338389920952,0.9908793438227408,0.952964232100593,0.9568111160803546,0.9873689273321243,0.987925401725098,0.985998062402567,0.9760098080638452,0.9669828911431123,0.9818857244921718,0.984436276933357,0.9835134343719626,0.9519704282343903,0.9756334941123971,0.9733894759456928,0.9797754020858302,0.9680871616807367,0.9665741525097968,0.9524337332742643
Julius_Caesar,0.9891401811796369,0.9677187782870879,0.9767777524821988,0.9858234426690492,0.9843189806506367,0.9709173475738089,0.9635910156023235,0.9811343187775053,0.9741747420154874,0.9725868815475144,0.9802560237940744,0.9859081537433538,0.9807628469018964,0.9603779697469031,0.9464842835499182,0.9783170179281897,0.9807601738864987,0.9416701734768008,0.9802908917260128,0.9773759490203188,0.9749374042349256,0.9694438025308402,0.9767356058238039,0.9825006680293875,0.9792357697798373,0.9605878103565807,0.9623697682739358,0.9715350510523659,0.9688318594223834,0.9631764584353013,0.964035225049708,1.0,0.9892843425040484,0.9672589557139686,0.9752110311150827,0.9898961018634468,0.9649272978101826,0.9841869671609409,0.9684480185448975,0.9487087357092978,0.9742767481943666,0.970347718848069,0.9856366013534801,0.9740920014128749,0.9765893761638615,0.9764184665501595,0.9820498555761142,0.9710725747126788,0.9621615857394992,0.9730161687622371,0.9788188590022043,0.9571968512207447,0.9657562119018284,0.977542538818901,0.9635184405216364,0.9606054103404974,0.985635123563466,0.9739334335535568,0.9682103532387473,0.9228913351753988,0.9870091841320963,0.9781368307766444
Koran,0.9873359907067947,0.9818738009280298,0.9837623019415703,0.9932062856833833,0.9691642784688508,0.9859512749069989,0.9825586874577249,0.9912474865088463,0.9798258129024866,0.9870999016213438,0.9896727544593467,0.9923635384225264,0.9868395053283926,0.9747640771949762,0.9689038664242995,0.987879258905285,0.9712144760067616,0.9653879575150517,0.9854587142582062,0.9914840278595755,0.9806914630616023,0.9742462933521456,0.9826387292646248,0.989004402022511,0.9883422459299548,0.9769596264265077,0.9824579070477389,0.9769437239272986,0.9812129556049418,0.983523568456364,0.9846087043154114,0.9892843425040484,1.0,0.9832883297133335,0.9814263065689682,0.995532641963936,0.983962704283755,0.9814767849275183,0.9819006967308163,0.9715831915810583,0.98149129409393,0.9830124170453471,0.972062413899015,0.9794388145621806,0.9871497847393055,0.9748063429002628,0.9805848418725088,0.9843191252980149,0.9812231344697219,0.9825329642951844,0.9852793616021022,0.9679032253751374,0.9797420177559362,0.9879997980163088,0.978163599189841,0.9618145107461591,0.9864056807181463,0.9780321198149585,0.979112843255213,0.954930939528041,0.9853709896656306,0.9731438165587771
