,Adolf_Hitler,Africa,Asia,Association_football,Barack_Obama,Bible,Buddha,Buddhism,China,Christianity,Christmas,Dog,Earth,English_Language,Europe,Eye,George_W._Bush,Ghana,Gold,Hinduism,Human,India,Internet,Iran,Iraq,Iron,Islam,Italy,Japan,Jesus,Judaism,Julius_Caesar,Koran,Maize,Milk,Mohandas_Karamchand_Gandhi,Money,Moon,Moses,Muhammad,New_York_City,Niger,Osama_Bin_Laden,Paris,Periodic_table,Pope_Benedict_XVI,Pope_John_Paul_II,Religion,Rice,Roman_Catholic_Church,Rome,Russia,Silver,South_Africa,South_America,Soviet_Union,Sun,United_Kingdom,United_States,Water,Wikipedia,World_War_II
Adolf_Hitler,1.0,0.8748752986991025,0.883948462396238,0.9235337200619662,0.9592095246962865,0.9218010030040186,0.864430154841129,0.9328279571161406,0.9084360552856374,0.908476357677143,0.8948945331023729,0.9370807693396084,0.9074786891841504,0.9301517897819966,0.9036383215542014,0.8710783431430043,0.9212854995567917,0.9095934242351009,0.88632668389535,0.9209332176988132,0.9176941046411863,0.9161876861555972,0.900505443566175,0.9137658553495804,0.9181837117626772,0.9362875285931933,0.8765411208249748,0.87055772310583,0.9253895370561503,0.9072956158534358,0.9201503713675057,0.9699111506477183,0,0.9018305013746568,0.829389481495635,0.8907609702688999,0,0.8872780181639267,0.9422825632844645,0.9088103983591447,0.8234196146547241,0.9128784878151336,0,0.906733981857701,0.8706579451921344,0.9372851935241016,0.8822543416756407,0.8888960216589586,0,0.8046604098835434,0.9409588038400587,0.8641650747285523,0.8299393108950286,0.9603805762095432,0.9392926385936338,0.9142598228262901,0.8008914879466571,0.9156300580390034,0.9437970935838146,0.8966407418587193,0.9444874643640075,0.9116434343477915
Africa,0.8748752986991025,1.0,0.9068488617883818,0.9034784410908235,0.9264171860272268,0.7865073359143635,0.5830294361479265,0.8874566540415894,0.8930219867460142,0.7867183938373667,0.8828269151255629,0.8097390946130674,0.8084316958225052,0.8608040101988211,0.9006185508784674,0.8947924869885989,0.873460664648198,0.8374364489944883,0.866817535541889,0.8802337658065834,0.8883082222328377,0.804221236428747,0.9145654277279732,0.8556965740169176,0.8975170966070014,0.8569397386557617,0.8880654692589219,0.8937964983435145,0.9071631656005804,0.7966310617205046,0.9058822656584599,0.8841593521118173,0,0.8219228548918059,0.8787448511194726,0.952341118289235,0,0.823327972810782,0.7827316435144993,0.8817936931812834,0.6716192729206377,0.8704052320840707,0,0.9213166547046369,0.833294678208591,0.8861141658615717,0.7673432288118315,0.9534792813716997,0,0.6674523671946895,0.918856149627562,0.7162587967716547,0.6717337368326411,0.9049537074503367,0.8344408667498866,0.8837136604583684,0.6018012991147081,0.8894861007255647,0.8785796746533004,0.8999548578972807,0.8545670034426783,0.783879889151888
Asia,0.883948462396238,0.9068488617883818,1.0,0.9396381020504577,0.8955418769379984,0.863904723677085,0.6950846452685931,0.9151573089899119,0.9267030790133634,0.871307808744278,0.9168296001331413,0.9095071723796859,0.8845978621081774,0.9159405822532395,0.9437377873867792,0.9274522438760169,0.9279102126152952,0.8986367279914701,0.9448074571812078,0.9603116560486611,0.9066326979490206,0.9087925370358755,0.9411520399028266,0.9294449379226509,0.9071350997080693,0.9282766648322237,0.9220200003883051,0.9251998580644984,0.9411688961483136,0.8961852345459664,0.9377102563767669,0.8643783286076885,0,0.8754067005880879,0.9025609243155012,0.9137655460466603,0,0.8807607143401375,0.8416001302894107,0.9322587587300256,0.72080961480908,0.9278151337931368,0,0.9602893775434332,0.8916638921463319,0.8235588756605174,0.6714187893309489,0.9419058687734031,0,0.6058689350196733,0.9354420330557558,0.8523435311295126,0.821808745848324,0.9135994642662169,0.8762420054241713,0.902212948373309,0.7617235273416999,0.8981840732977504,0.9052152930460956,0.9413836904916938,0.9086034238586199,0.8594059300676673
Association_football,0.9235337200619662,0.9034784410908235,0.9396381020504577,1.0,0.9121301692853516,0.924217866283435,0.7593992582738319,0.967289307414268,0.9421210000332408,0.9086955783141069,0.972275710858132,0.9506181266015088,0.9514982783521604,0.9649700078422963,0.972126510829717,0.915334591447142,0.9168165667363396,0.9411917024609148,0.9367065292523816,0.9716039566014842,0.9396352437476334,0.9580404370176423,0.9681749505688879,0.901964262821393,0.9309436347850372,0.9449642446554886,0.9576905655167488,0.9594366736346556,0.9751591107748822,0.9011811874929264,0.9772720665444037,0.912123122421575,0,0.8946981889007231,0.9030661371381323,0.8951886883267287,0,0.9546920688687263,0.9067154325801257,0.9351064997159041,0.7892006478750461,0.9078047122126778,0,0.9473913820861559,0.9491657256209529,0.8731925601916246,0.7628749448219244,0.8936570143783571,0,0.6716905220221462,0.9747908016216689,0.8933132005568175,0.8555855055692011,0.9392981353271065,0.9122521223660248,0.9499853510827748,0.7829992168433544,0.9615107497986292,0.964211003034506,0.9471628029676374,0.9669349165951199,0.9296481142388536
Barack_Obama,0.9592095246962865,0.9264171860272268,0.8955418769379984,0.9121301692853516,1.0,0.8625396507841014,0.7839046395183485,0.9238625511346209,0.8952072148612435,0.8827160112433109,0.866091056370763,0.9082299496473759,0.8460351985531124,0.9275581361852814,0.9151440938423244,0.9001701162476208,0.9047154655097719,0.891389589114279,0.850963582627837,0.8973837696083056,0.9330828353916275,0.8907977563007671,0.8979691266725967,0.9224195859302713,0.9564169435410619,0.9183952283264009,0.8879966837547025,0.8741368330766014,0.9351190241222032,0.8446511589105631,0.9297302386483018,0.9401870936474404,0,0.8368333236815725,0.8041822284401242,0.9239583322233421,0,0.857795855070969,0.887053859214671,0.8930409544735196,0.7209376859924462,0.9374418142470857,0,0.9144575006759686,0.872510176273165,0.8980202041070432,0.8546779666473406,0.9027552915820564,0,0.7533851983236594,0.9443733309710232,0.7987466552553841,0.7603609579157116,0.9598903658424792,0.914409066699299,0.9327323857891504,0.7037487649301077,0.9050183166043672,0.9238004814149235,0.9029290710954024,0.9195148986885938,0.898599703590323
Bible,0.9218010030040186,0.7865073359143635,0.863904723677085,0.924217866283435,0.8625396507841014,1.0,0.8856680108938202,0.941751324994008,0.924210631336365,0.9321170177218246,0.8850734748393524,0.9453220252078148,0.9391712469785277,0.94258786059738,0.8913046117492436,0.863889299059806,0.8655419613537764,0.9475886623203134,0.875884325217266,0.9431128089551516,0.8653305305896533,0.9503060408859532,0.8707255761384001,0.9114932719630552,0.8863299347722753,0.9421103678424338,0.8936266478698203,0.8759525731382704,0.9163820081812813,0.9029159680062689,0.9341997999323902,0.8885261120812704,0,0.9241918459225529,0.8713645843059474,0.805426688469293,0,0.8961335120396234,0.9562769069094061,0.8764616658226844,0.8882783432233354,0.9194653545911539,0,0.8710106526000809,0.8667931300500378,0.8535225652411162,0.8008907598525367,0.8000743722745426,0,0.7444833143166981,0.9049071254923221,0.9258008723791412,0.8750674813780498,0.9010010994644896,0.9247978047445747,0.8762331375860385,0.9056620880532396,0.870560873623262,0.9037671531536714,0.8448322597618823,0.9303566391865526,0.9494461506985733
Buddha,0.864430154841129,0.5830294361479265,0.6950846452685931,0.7593992582738319,0.7839046395183485,0.8856680108938202,1.0,0.820438053343054,0.7754479126478908,0.8486918591364635,0.696748371044307,0.8679397147851226,0.8056374364904192,0.8222509377955609,0.7314053417611103,0.7057793661043634,0.757731072864077,0.8280782426002038,0.7352948402749312,0.7767127332683403,0.741152943329783,0.8568365505017469,0.672807142422186,0.8433547246376708,0.8082882532783345,0.8399394096880922,0.6895868858127415,0.667785307252497,0.7671466788700615,0.7923451586757191,0.7592475837045565,0.7936027849055137,0,0.8030035816588836,0.6560647383656414,0.6410895368293649,0,0.7188260010479804,0.9139021563382875,0.7242461210360537,0.8192257752464098,0.8055871913889369,0,0.7037219761654729,0.7318672568765899,0.7376389084415957,0.7609430154965617,0.6443578159404384,0,0.719738591411977,0.7426624159056562,0.8457761740452419,0.8758630702925406,0.8331712990451426,0.8792500764888126,0.7512358758305921,0.8442901876384562,0.688736791632622,0.7710177330082505,0.6893256764127482,0.8373750367485973,0.8705913334945911
Buddhism,0.9328279571161406,0.8874566540415894,0.9151573089899119,0.967289307414268,0.9238625511346209,0.941751324994008,0.820438053343054,1.0,0.9504255577993909,0.9304368400185051,0.9355648078398423,0.9419742698500886,0.9142246290656194,0.9695590983366483,0.949332360121842,0.9433578592628098,0.9126122148169495,0.9536525130174629,0.9183316021845347,0.9661597516410401,0.9484927280352539,0.9513529423055568,0.9336574362170295,0.91533458714292,0.946510298428597,0.9581594905374198,0.9453214366336062,0.9286963354847695,0.9738188261847114,0.9020428492506721,0.961547760547571,0.9133468929131128,0,0.9199040150234742,0.9088394801463815,0.8873667855691236,0,0.9068470645117199,0.9377198638007386,0.9373224838413452,0.8418826962293521,0.926786040770544,0,0.9320472948576162,0.920846348477056,0.8836029439937416,0.7894605443449143,0.8879630618656909,0,0.7190173535422735,0.9476026360184526,0.8975832012752678,0.8716480215168704,0.9506691533803406,0.943169446180335,0.9390738930583785,0.8105717956905626,0.9132978778594373,0.9336950833798603,0.9361107304964239,0.956450260036392,0.9365499808754898
China,0.9084360552856374,0.8930219867460142,0.9267030790133634,0.9421210000332408,0.8952072148612435,0.924210631336365,0.7754479126478908,0.9504255577993909,1.0,0.9185927873819283,0.9033587894113809,0.9101790122569579,0.9016379597571755,0.9181743411150897,0.9119812905603434,0.9194089517254118,0.8448432025572908,0.9740887662258668,0.9147003072292146,0.9408449988083005,0.8747431062784381,0.9042931395361867,0.9163709709699274,0.909250381943349,0.9243285371377938,0.9629571614461576,0.8875522510965186,0.9140389102012377,0.9203783838715821,0.8635180830699204,0.9204195980659343,0.9263363179298011,0,0.9030041348689277,0.9081090268585622,0.8573860759865569,0,0.8602592324667148,0.9148342450402458,0.8653967477544754,0.8923655975532906,0.9246052727086407,0,0.945302673008568,0.8459950766502605,0.8884821253988716,0.8025912476210271,0.897884503261183,0,0.7477186719516232,0.9255979829074799,0.9226353498651935,0.8631436835080531,0.932342479217544,0.8936818360469612,0.8696017217099707,0.834214726794122,0.8791664752263004,0.890093501052016,0.9068241278781719,0.9397697434303631,0.8855382522740296
Christianity,0.908476357677143,0.7867183938373667,0.871307808744278,0.9086955783141069,0.8827160112433109,0.9321170177218246,0.8486918591364635,0.9304368400185051,0.9185927873819283,1.0,0.8698573295698256,0.9326375166448413,0.9076765184148007,0.9432736386172498,0.9067754961259986,0.8579044235810888,0.8590492193950677,0.9450189287016104,0.8550411816901945,0.9287163531027451,0.8962021296318415,0.930210201952925,0.8704364492305678,0.8841200430790869,0.8948126662780237,0.9355766154553151,0.8843950184860989,0.891103279053105,0.915991578543404,0.872154808127165,0.9082858771354853,0.8907713306814156,0,0.9121742387011007,0.8505113551372442,0.8028332581608756,0,0.904992968616411,0.9308501112379786,0.8708003339990504,0.8530343699126643,0.8946107790322332,0,0.8737336565229346,0.881857075684317,0.8530111455245636,0.7993641434615876,0.7922861801800836,0,0.7267820592226224,0.9020443258830904,0.9245161152677653,0.849801370993459,0.9044576127190209,0.9023297403402247,0.8995081390541337,0.8267176103810175,0.885682263888145,0.8936904501737711,0.8698991774263423,0.9117261972161987,0.9425572841785028
Christmas,0.8948945331023729,0.8828269151255629,0.9168296001331413,0.972275710858132,0.866091056370763,0.8850734748393524,0.696748371044307,0.9355648078398423,0.9033587894113809,0.8698573295698256,1.0,0.9228227776493969,0.9510535818697127,0.9235330560574317,0.9611914502086886,0.8878203359212131,0.8941378629771654,0.8929648986492841,0.9242039703914935,0.9539735178963863,0.9222937757481893,0.9276881706787581,0.968369363536801,0.8311160955383824,0.8756478448769021,0.9142207383686359,0.9451505507736438,0.9438311433285469,0.9480529601690252,0.8985349268750944,0.9443906999572441,0.8745859070341647,0,0.8669141210242286,0.8994069641456787,0.8554915268054638,0,0.9609236037068671,0.850868838582166,0.9268936827032972,0.7513920374554409,0.8348683930247099,0,0.9280199529105904,0.933484274255461,0.8389893511860854,0.6973332534861977,0.8807066823334754,0,0.6227188567479898,0.9550092479009855,0.8731751828696688,0.813882524199545,0.8931974852372516,0.8581144228850857,0.9046912073835325,0.748090345092757,0.941952784974193,0.939214819407539,0.9471373070661098,0.9296112791276926,0.880808856933176
Dog,0.9370807693396084,0.8097390946130674,0.9095071723796859,0.9506181266015088,0.9082299496473759,0.9453220252078148,0.8679397147851226,0.9419742698500886,0.9101790122569579,0.9326375166448413,0.9228227776493969,1.0,0.9435338248001409,0.9575527093363018,0.9451330671386908,0.8944096492181381,0.9134447933117765,0.9313455783241708,0.8973546763271205,0.9475259793685903,0.9115112238090392,0.9772408677171216,0.9176438953587153,0.9204602003804059,0.9234165330680588,0.9555282619745664,0.9155028987279512,0.8929386524644886,0.9479169673753909,0.9298038640172842,0.9501646649685295,0.8928509279927814,0,0.8702211434891926,0.8388627084535265,0.8325922685757585,0,0.9304855740357961,0.930088644508938,0.9147794609135765,0.7901114194278883,0.9270463054551409,0,0.8977712339061934,0.9166524859606898,0.8286787817710016,0.7518988016408948,0.8399364732809679,0,0.6982597357578404,0.9417938006484355,0.928386556668258,0.8775238100184194,0.9311077068028545,0.9394238513283039,0.9191986269609022,0.8576765860467112,0.907161007213126,0.9430582477550106,0.9150422343605303,0.9567213464331364,0.9497589073628813
Earth,0.9074786891841504,0.8084316958225052,0.8845978621081774,0.9514982783521604,0.8460351985531124,0.9391712469785277,0.8056374364904192,0.9142246290656194,0.9016379597571755,0.9076765184148007,0.9510535818697127,0.9435338248001409,1.0,0.9121350070891819,0.9238350154574946,0.8328701142646513,0.8577219182097726,0.9234570731900154,0.9031717124912658,0.943499664896272,0.8791642988402495,0.9475345681219423,0.9142659312767187,0.8581270404628503,0.8488088949118276,0.9368842205393932,0.8954632035129556,0.9053365285926396,0.9111844913361408,0.8987238825652633,0.9244470030289983,0.8603359876879593,0,0.8893441330743116,0.875856821597844,0.788616539476572,0,0.9586382558225286,0.914545046378088,0.8772345069003368,0.8195448241164575,0.8460289613350951,0,0.8849820158272131,0.9101589717133727,0.829907993910605,0.7277590464018836,0.8089230462761337,0,0.6249765336056419,0.9243965995264631,0.9289504649337638,0.8756170473272737,0.8770858753549863,0.8684160768129279,0.866254941022801,0.8549295531891731,0.9068689299142578,0.9169720522412194,0.8746936921668212,0.9441063420389612,0.9243764710905228
English_Language,0.9301517897819966,0.8608040101988211,0.9159405822532395,0.9649700078422963,0.9275581361852814,0.94258786059738,0.8222509377955609,0.9695590983366483,0.9181743411150897,0.9432736386172498,0.9235330560574317,0.9575527093363018,0.9121350070891819,1.0,0.9645664379667814,0.9245372280861626,0.9348950554681856,0.9328886184044608,0.8866537883106816,0.9598018848524359,0.939189255616472,0.9532426124572513,0.9353810196186049,0.9146525021382146,0.9473217330914331,0.9470294294597646,0.9485065747284718,0.9212966447486426,0.9874120309050647,0.9224146559177192,0.9757917053871926,0.906571971561183,0,0.9081566702285049,0.882771119457498,0.8967570477244526,0,0.932498037096557,0.938126430609012,0.948915187711963,0.7735886229542741,0.9394926661816269,0,0.9060009412571488,0.935033908094529,0.867142899843141,0.7855062121730336,0.848853158784719,0,0.709006877478127,0.9557963949535622,0.8716305610622814,0.8317411355676114,0.9431693927726692,0.9494548588197714,0.9662776732814534,0.7793925861670622,0.9389227457107007,0.9530094510272054,0.9379483235738291,0.947328319908179,0.963377179997969
Europe,0.9036383215542014,0.9006185508784674,0.9437377873867792,0.972126510829717,0.9151440938423244,0.8913046117492436,0.7314053417611103,0.949332360121842,0.9119812905603434,0.9067754961259986,0.9611914502086886,0.9451330671386908,0.9238350154574946,0.9645664379667814,1.0,0.933296260142909,0.9359380492651833,0.9030861523553768,0.9193414137856849,0.9622530447024835,0.9452208826603893,0.9414706892776954,0.9788302128077861,0.8962832971537893,0.9358495148175661,0.9339869101826462,0.9597964747236541,0.9529460679797792,0.982045786345765,0.9195397044197754,0.9748157508574952,0.8773629982399902,0,0.8645128587136767,0.9141414368798771,0.9036842689998161,0,0.9477528244130832,0.8739208999596741,0.9583379883595659,0.7106428069723054,0.9103390824734614,0,0.9364285632246688,0.9565495012018063,0.8304486389402055,0.697953319375641,0.8921106949363491,0,0.6346280501972923,0.9705041315181863,0.855059920569594,0.7916344966071704,0.9291900374279702,0.888946778756671,0.953079818805743,0.7355571006830822,0.9389746276698673,0.949101407847542,0.9737350896685768,0.9356806236483002,0.9245421956816845
Eye,0.8710783431430043,0.8947924869885989,0.9274522438760169,0.915334591447142,0.9001701162476208,0.863889299059806,0.7057793661043634,0.9433578592628098,0.9194089517254118,0.8579044235810888,0.8878203359212131,0.8944096492181381,0.8328701142646513,0.9245372280861626,0.933296260142909,1.0,0.8971197452977044,0.8939899745837135,0.9033672136348405,0.9322346344527396,0.9148644395668384,0.8796904789135549,0.9384847170597858,0.8961524720646671,0.9380476489825091,0.930724269140846,0.9034633621315575,0.87196951040026,0.9433466912709894,0.8885960749904952,0.9283329448830683,0.8553052698193859,0,0.852340584537478,0.9045340337332908,0.8867032463337571,0,0.8334389179410837,0.8521764300093935,0.9262259756805369,0.7355748925399854,0.9380439990962048,0,0.9273649616012953,0.8560456161422121,0.8018377767508333,0.670410459719898,0.9121593238215745,0,0.6357954459231395,0.9144719701877059,0.8391831586146271,0.7875850846014834,0.9011243199664182,0.873019746776022,0.8913104076074245,0.7459297654292065,0.8567073430173063,0.8630128774101863,0.9437819469075164,0.9075725649709562,0.8590980237856145
George_W._Bush,0.9212854995567917,0.873460664648198,0.9279102126152952,0.9168165667363396,0.9047154655097719,0.8655419613537764,0.757731072864077,0.9126122148169495,0.8448432025572908,0.8590492193950677,0.8941378629771654,0.9134447933117765,0.8577219182097726,0.9348950554681856,0.9359380492651833,0.8971197452977044,1.0,0.825364110483128,0.9164879925810794,0.9327313921675763,0.9171382338032272,0.8965858015583374,0.914551271277708,0.9107329662763177,0.8978673330941197,0.8801866361273685,0.9138341745286706,0.8786869022603313,0.9524750213637988,0.9437638598238551,0.9385192426477051,0.8639174754507553,0,0.8917194089583333,0.8867288918260161,0.9351710323790946,0,0.8823707280855321,0.8544733600210688,0.9785695630592106,0.6689446606229837,0.9043119250850514,0,0.8887067564621518,0.8980871739456846,0.8491190858627078,0.705546732237102,0.9112587557234983,0,0.6456484248264358,0.9189651852551668,0.7713698406647242,0.7764202823813402,0.9194255812403671,0.929321338901342,0.9393683322792815,0.7176582668687456,0.9070204026437482,0.9262999207088373,0.9260590707017438,0.8812812361292773,0.8654039556805726
Ghana,0.9095934242351009,0.8374364489944883,0.8986367279914701,0.9411917024609148,0.891389589114279,0.9475886623203134,0.8280782426002038,0.9536525130174629,0.9740887662258668,0.9450189287016104,0.8929648986492841,0.9313455783241708,0.9234570731900154,0.9328886184044608,0.9030861523553768,0.8939899745837135,0.825364110483128,1.0,0.8754744649770471,0.9424352389175957,0.8829267958310026,0.9307395690215944,0.8981455113602155,0.9015707957185619,0.915799583042172,0.9694477002543016,0.8897777762307845,0.9049915496893243,0.9143451679726963,0.8539982267363218,0.9216781754702046,0.9112881503982098,0,0.911464040080535,0.8666181218400786,0.824406160049949,0,0.881787430157841,0.9508489597950313,0.853877774365859,0.8982848428997173,0.9245915017703603,0,0.9155579403705782,0.8605377228492785,0.8605895044031214,0.8072486402536053,0.8369837294775406,0,0.7184311946171111,0.9193144966571006,0.9451488241294229,0.8847578146771776,0.915851225344092,0.8959827486319561,0.8730596446007258,0.8635332850070341,0.8849265140990085,0.896424337228975,0.8888190506665167,0.9616555788255813,0.9339856594559872
Gold,0.88632668389535,0.866817535541889,0.9448074571812078,0.9367065292523816,0.850963582627837,0.875884325217266,0.7352948402749312,0.9183316021845347,0.9147003072292146,0.8550411816901945,0.9242039703914935,0.8973546763271205,0.9031717124912658,0.8866537883106816,0.9193414137856849,0.9033672136348405,0.9164879925810794,0.8754744649770471,1.0,0.9528244259645823,0.8903877243369761,0.9141488577546217,0.9282702106088894,0.9136109055115618,0.8887684164165455,0.9024316826404616,0.8929924675935635,0.9119244137220182,0.9141458852743157,0.8909040418923185,0.918015445868512,0.8588463669964642,0,0.881746757960598,0.9138445698464844,0.8538417017459092,0,0.870782121222382,0.8327575377752872,0.9075549398399989,0.7856059026090539,0.8761732469394736,0,0.9548361083298056,0.8905610003298956,0.822581672012471,0.6592405277134433,0.935197489301747,0,0.6212218842657145,0.916502221814582,0.8733333209652588,0.8864612964149786,0.9064967429855287,0.8623889495864785,0.880419182671247,0.8039860789986578,0.8794657402815395,0.8880168618184965,0.9019581369384428,0.9104258599518835,0.8437890782873199
Hinduism,0.9209332176988132,0.8802337658065834,0.9603116560486611,0.9716039566014842,0.8973837696083056,0.9431128089551516,0.7767127332683403,0.9661597516410401,0.9408449988083005,0.9287163531027451,0.9539735178963863,0.9475259793685903,0.943499664896272,0.9598018848524359,0.9622530447024835,0.9322346344527396,0.9327313921675763,0.9424352389175957,0.9528244259645823,1.0,0.9505030731522427,0.9634858404576101,0.9564187345163161,0.9218186596966135,0.9152081422119291,0.9457086047894027,0.9672265246055378,0.9608005120198048,0.9696796041603137,0.927497441683398,0.9720451727083207,0.8928725426559554,0,0.9293349862637779,0.9313094739574356,0.8898123786034576,0,0.9436280341083823,0.9076802276349705,0.9518965599207739,0.8105122989565314,0.9282787262767036,0,0.9593354324159941,0.9418334123956849,0.8620911096518943,0.7336200911805009,0.9106936857529482,0,0.6728839408331666,0.9595309577197009,0.9090229392709743,0.8615440150546592,0.930269261888423,0.9081128327415822,0.936704258533022,0.830277985471069,0.9397362559741902,0.9472800149891375,0.9429659938356274,0.947384729350082,0.9313697091173098
Human,0.9176941046411863,0.8883082222328377,0.9066326979490206,0.9396352437476334,0.9330828353916275,0.8653305305896533,0.741152943329783,0.9484927280352539,0.8747431062784381,0.8962021296318415,0.9222937757481893,0.9115112238090392,0.8791642988402495,0.939189255616472,0.9452208826603893,0.9148644395668384,0.9171382338032272,0.8829267958310026,0.8903877243369761,0.9505030731522427,1.0,0.9324076083053762,0.9316038974912881,0.8755329445715571,0.9230880944479624,0.8927538229341864,0.9587922533583964,0.9380633023207579,0.9564164868037617,0.8698004837667953,0.9393685364684715,0.895205191192155,0,0.8544418743947808,0.8498162850550989,0.9014733677749749,0,0.922465502942885,0.8667462969900722,0.9375207054978314,0.7248341794012241,0.8859557814529059,0,0.9369089373445364,0.9610885031056153,0.8611777491482335,0.761542594426751,0.893235416225945,0,0.7010767635068775,0.9583822961556546,0.835661387691462,0.7819058172166721,0.9297200134148922,0.8811014732627113,0.9665165593259754,0.694967940611778,0.9433446443661598,0.9529993395416302,0.9348895122526217,0.917637107033463,0.9191608150490859
India,0.9161876861555972,0.804221236428747,0.9087925370358755,0.9580404370176423,0.8907977563007671,0.9503060408859532,0.8568365505017469,0.9513529423055568,0.9042931395361867,0.930210201952925,0.9276881706787581,0.9772408677171216,0.9475345681219423,0.9532426124572513,0.9414706892776954,0.8796904789135549,0.8965858015583374,0.9307395690215944,0.9141488577546217,0.9634858404576101,0.9324076083053762,1.0,0.9083172134854064,0.9259246990484274,0.9173660215112798,0.9349237114144833,0.9380334672861976,0.9255051426722563,0.9477837968605225,0.8941531561076868,0.953684629204183,0.8738093385647372,0,0.8649285213606152,0.8393565161692491,0.8181974450613543,0,0.9390394467604373,0.9151067755846168,0.902074840104575,0.7986556407559724,0.9104175228552204,0,0.9177631912019004,0.9528859981902978,0.816123057814644,0.7379675236334572,0.8364207893836509,0,0.6792871648174584,0.9436515017943129,0.9329114749427183,0.8946138456265434,0.930660548540996,0.9145384839431063,0.9316336251551092,0.8491506517928054,0.9076815122664948,0.9441835159348155,0.8948660564865202,0.953690496183451,0.9642624741554016
Internet,0.900505443566175,0.9145654277279732,0.9411520399028266,0.9681749505688879,0.8979691266725967,0.8707255761384001,0.672807142422186,0.9336574362170295,0.9163709709699274,0.8704364492305678,0.968369363536801,0.9176438953587153,0.9142659312767187,0.9353810196186049,0.9788302128077861,0.9384847170597858,0.914551271277708,0.8981455113602155,0.9282702106088894,0.9564187345163161,0.9316038974912881,0.9083172134854064,1.0,0.8621082356620469,0.9116512824441538,0.9262059052170273,0.9420705512014642,0.9446739779160348,0.9583695259452041,0.9099828548688484,0.9602629632890697,0.8956314503485618,0,0.8601167874389541,0.9097437944409359,0.899581599179377,0,0.9357798956820507,0.8518383887122167,0.9468596032966397,0.7271371111538334,0.8918399991760705,0,0.9552209882952337,0.9216354381288856,0.8380000420587601,0.6920346289111172,0.9130580380368254,0,0.6353970358988674,0.9690107654848052,0.8514849919523096,0.777317769723011,0.9025391150450167,0.8497109899798386,0.9229650650730643,0.7311402842883234,0.9480575015333438,0.9377417817039199,0.9758668621164757,0.9340431793437688,0.8837389953343128
Iran,0.9137658553495804,0.8556965740169176,0.9294449379226509,0.901964262821393,0.9224195859302713,0.9114932719630552,0.8433547246376708,0.91533458714292,0.909250381943349,0.8841200430790869,0.8311160955383824,0.9204602003804059,0.8581270404628503,0.9146525021382146,0.8962832971537893,0.8961524720646671,0.9107329662763177,0.9015707957185619,0.9136109055115618,0.9218186596966135,0.8755329445715571,0.9259246990484274,0.8621082356620469,1.0,0.9463522592511414,0.9204890618411216,0.8723515375120026,0.8659720294412995,0.9127479487748144,0.8571675876158017,0.9250711697241154,0.8757952207948675,0,0.8678018981345138,0.8423407879122475,0.8829003634643162,0,0.8126161634710857,0.8879074957011701,0.8795196761853248,0.7724217551067087,0.9695611567648541,0,0.9143791497687667,0.8627063782550627,0.8275510077773961,0.7557318772707001,0.8974934232843754,0,0.7005636505439141,0.9054204983336044,0.8503259285169879,0.8600528063242204,0.9489131893704219,0.9237347108928728,0.8999258672779094,0.8169342969129475,0.8347337641792741,0.8838989783111985,0.8553628401606315,0.9117880444022146,0.9013746657709192
Iraq,0.9181837117626772,0.8975170966070014,0.9071350997080693,0.9309436347850372,0.9564169435410619,0.8863299347722753,0.8082882532783345,0.946510298428597,0.9243285371377938,0.8948126662780237,0.8756478448769021,0.9234165330680588,0.8488088949118276,0.9473217330914331,0.9358495148175661,0.9380476489825091,0.8978673330941197,0.915799583042172,0.8887684164165455,0.9152081422119291,0.9230880944479624,0.9173660215112798,0.9116512824441538,0.9463522592511414,1.0,0.9277739547409508,0.8950076759639429,0.8835725665647901,0.9429336634753773,0.8442015232992717,0.9411306511944992,0.9100887843548509,0,0.8469365291906433,0.8411570694707831,0.8999201229926913,0,0.8399499815671828,0.8855932164949429,0.8891974541865685,0.7553817069865599,0.9495403475082363,0,0.9300280988237373,0.890600634194527,0.8329524031049925,0.7777833539059509,0.9007700512237306,0,0.7289239313738886,0.9362065778516208,0.8434975589070361,0.8269914760975522,0.9582807151822221,0.9166841314750793,0.9346339198284969,0.7269407346896501,0.8781701751821325,0.9073858551116452,0.913322779442193,0.9288887075061203,0.9170390075959293
Iron,0.9362875285931933,0.8569397386557617,0.9282766648322237,0.9449642446554886,0.9183952283264009,0.9421103678424338,0.8399394096880922,0.9581594905374198,0.9629571614461576,0.9355766154553151,0.9142207383686359,0.9555282619745664,0.9368842205393932,0.9470294294597646,0.9339869101826462,0.930724269140846,0.8801866361273685,0.9694477002543016,0.9024316826404616,0.9457086047894027,0.8927538229341864,0.9349237114144833,0.9262059052170273,0.9204890618411216,0.9277739547409508,1.0,0.8843505391713119,0.881028261064776,0.9403363478155159,0.9203400611037363,0.9355000750954738,0.9097377242185839,0,0.9037836975233431,0.8840029834806437,0.8446432580090245,0,0.8940232612231158,0.9550897325844233,0.9014656203049568,0.8490449470102521,0.9424908316366649,0,0.920703245910612,0.8650332111634228,0.8553530379500875,0.7673149857295156,0.861474890141984,0,0.6769925559329691,0.931043201157082,0.9370319517233248,0.8857844752760723,0.9242048990235833,0.9186325830100895,0.8779546707231219,0.8721540125313468,0.8782267320324592,0.8966529915188899,0.9233866935856423,0.965099661830225,0.9308431996411767
Islam,0.8765411208249748,0.8880654692589219,0.9220200003883051,0.9576905655167488,0.8879966837547025,0.8936266478698203,0.6895868858127415,0.9453214366336062,0.8875522510965186,0.8843950184860989,0.9451505507736438,0.9155028987279512,0.8954632035129556,0.9485065747284718,0.9597964747236541,0.9034633621315575,0.9138341745286706,0.8897777762307845,0.8929924675935635,0.9672265246055378,0.9587922533583964,0.9380334672861976,0.9420705512014642,0.8723515375120026,0.8950076759639429,0.8843505391713119,1.0,0.9746412100451188,0.9693286800025878,0.8777618512884962,0.9697762817614076,0.8642465431389803,0,0.8685683837281407,0.8934682314771483,0.9078524744754521,0,0.9437375069277599,0.8476916311863023,0.9472248513111732,0.7204390134453879,0.8922370507503057,0,0.9274339549975116,0.9647623626003933,0.848722328433235,0.7269073945010902,0.87809978222114,0,0.6709286698359844,0.9631463499293412,0.8263884933413241,0.7545123184011945,0.9104745833683656,0.87902249070961,0.962389810361836,0.7230953555876743,0.9519395687910887,0.960507337415947,0.9352111210752425,0.9039086268727488,0.9141719398749066
Italy,0.87055772310583,0.8937964983435145,0.9251998580644984,0.9594366736346556,0.8741368330766014,0.8759525731382704,0.667785307252497,0.9286963354847695,0.9140389102012377,0.891103279053105,0.9438311433285469,0.8929386524644886,0.9053365285926396,0.9212966447486426,0.9529460679797792,0.87196951040026,0.8786869022603313,0.9049915496893243,0.9119244137220182,0.9608005120198048,0.9380633023207579,0.9255051426722563,0.9446739779160348,0.8659720294412995,0.8835725665647901,0.881028261064776,0.9746412100451188,1.0,0.944492994569707,0.8428326496798205,0.9500668082302922,0.8810108031244692,0,0.856956501480878,0.8962044977061974,0.8889028646270354,0,0.938243188072257,0.8376863311112325,0.9096604592129809,0.7563666024891686,0.8687228285282108,0,0.9506133060559483,0.9587437058764363,0.8618328836964942,0.7384779760875638,0.8859016845827796,0,0.6830336518058387,0.9638564011832204,0.8432469268916766,0.7704489532691006,0.9133530768269184,0.840381301710983,0.943627098460252,0.7242625562868634,0.9523384461098925,0.9535295967928226,0.9263293074039403,0.9077596800140528,0.8997540137237215
Japan,0.9253895370561503,0.9071631656005804,0.9411688961483136,0.9751591107748822,0.9351190241222032,0.9163820081812813,0.7671466788700615,0.9738188261847114,0.9203783838715821,0.915991578543404,0.9480529601690252,0.9479169673753909,0.9111844913361408,0.9874120309050647,0.982045786345765,0.9433466912709894,0.9524750213637988,0.9143451679726963,0.9141458852743157,0.9696796041603137,0.9564164868037617,0.9477837968605225,0.9583695259452041,0.9127479487748144,0.9429336634753773,0.9403363478155159,0.9693286800025878,0.944492994569707,1.0,0.9267546145275775,0.9842397307460468,0.8978338321119722,0,0.8938816540103706,0.910628269320052,0.9229087065534167,0,0.9400377045523954,0.9069440032881636,0.9697170684584849,0.739193035233036,0.9324516281323374,0,0.9300949294203562,0.9491528609980062,0.8754412860459166,0.7587970216462827,0.8948476929367354,0,0.6799813751559328,0.9687462738988798,0.8503049498944497,0.8109116434633868,0.9506800457850113,0.9391348601123392,0.9718158148798935,0.7527814113098372,0.9479385111014174,0.9585790013737059,0.961752903643676,0.9425224336646675,0.9355715968670353
Jesus,0.9072956158534358,0.7966310617205046,0.8961852345459664,0.9011811874929264,0.8446511589105631,0.9029159680062689,0.7923451586757191,0.9020428492506721,0.8635180830699204,0.872154808127165,0.8985349268750944,0.9298038640172842,0.8987238825652633,0.9224146559177192,0.9195397044197754,0.8885960749904952,0.9437638598238551,0.8539982267363218,0.8909040418923185,0.927497441683398,0.8698004837667953,0.8941531561076868,0.9099828548688484,0.8571675876158017,0.8442015232992717,0.9203400611037363,0.8777618512884962,0.8428326496798205,0.9267546145275775,1.0,0.9075307084131914,0.8466944534978946,0,0.8917668620324033,0.8965366209157446,0.8477161290923884,0,0.8974795600429283,0.8988500228249278,0.9554466680223788,0.7419905069965999,0.8833635988684595,0,0.8570271443030262,0.8549589540804892,0.8260388541286132,0.6744121402354557,0.840357044410529,0,0.6289133640900484,0.8980071130560607,0.8456907907375435,0.793254836078824,0.8685122921576901,0.8985115284356854,0.8689524949638198,0.8132310750687134,0.8767572683221075,0.8947521553005037,0.922391263959088,0.8950936918447964,0.8801707188465476
Judaism,0.9201503713675057,0.9058822656584599,0.9377102563767669,0.9772720665444037,0.9297302386483018,0.9341997999323902,0.7592475837045565,0.961547760547571,0.9204195980659343,0.9082858771354853,0.9443906999572441,0.9501646649685295,0.9244470030289983,0.9757917053871926,0.9748157508574952,0.9283329448830683,0.9385192426477051,0.9216781754702046,0.918015445868512,0.9720451727083207,0.9393685364684715,0.953684629204183,0.9602629632890697,0.9250711697241154,0.9411306511944992,0.9355000750954738,0.9697762817614076,0.9500668082302922,0.9842397307460468,0.9075307084131914,1.0,0.895099947385326,0,0.8910808785555266,0.9040042313980637,0.9113785874722194,0,0.9441003391353657,0.8947724577642224,0.9495477636197109,0.7461355113102968,0.9456982165332368,0,0.9379669657734678,0.9406050063009664,0.8542136429002796,0.750732432466039,0.8928327153648863,0,0.6685164602696426,0.9681516758208851,0.8541149101462949,0.8105588875126869,0.9324197641165917,0.9213585551370193,0.9582062013320374,0.7891493198173071,0.9484738296659556,0.955301666011731,0.9373783121477659,0.936169034204129,0.9379587567809597
Julius_Caesar,0.9699111506477183,0.8841593521118173,0.8643783286076885,0.912123122421575,0.9401870936474404,0.8885261120812704,0.7936027849055137,0.9133468929131128,0.9263363179298011,0.8907713306814156,0.8745859070341647,0.8928509279927814,0.8603359876879593,0.906571971561183,0.8773629982399902,0.8553052698193859,0.8639174754507553,0.9112881503982098,0.8588463669964642,0.8928725426559554,0.895205191192155,0.8738093385647372,0.8956314503485618,0.8757952207948675,0.9100887843548509,0.9097377242185839,0.8642465431389803,0.8810108031244692,0.8978338321119722,0.8466944534978946,0.895099947385326,1.0,0,0.8719529869214172,0.799814895253995,0.8896845216364608,0,0.853026294030188,0.9093447903406495,0.866405650847122,0.8489962100959091,0.8917002155916839,0,0.9168744281869855,0.8428253307711587,0.9545155156228264,0.9173394255590069,0.8803864542280133,0,0.8718757666623056,0.9395060206720317,0.8482428875471267,0.7857976726475324,0.9467823877165871,0.8962244239196664,0.903816532109634,0.7503179884697925,0.919125456180264,0.9366795246236975,0.8860948544483659,0.9217149798353534,0.878506160782678
Koran,0.0,0.0,0.0,0.0,0.0,0.0,0.0,0.0,0.0,0.0,0.0,0.0,0.0,0.0,0.0,0.0,0.0,0.0,0.0,0.0,0.0,0.0,0.0,0.0,0.0,0.0,0.0,0.0,0.0,0.0,0.0,0.0,0,0.0,0.0,0.0,0,0.0,0.0,0.0,0.0,0.0,0,0.0,0.0,0.0,0.0,0.0,0,0.0,0.0,0.0,0.0,0.0,0.0,0.0,0.0,0.0,0.0,0.0,0.0,0.0
Maize,0.9018305013746568,0.8219228548918059,0.8754067005880879,0.8946981889007231,0.8368333236815725,0.9241918459225529,0.8030035816588836,0.9199040150234742,0.9030041348689277,0.9121742387011007,0.8669141210242286,0.8702211434891926,0.8893441330743116,0.9081566702285049,0.8645128587136767,0.852340584537478,0.8917194089583333,0.911464040080535,0.881746757960598,0.9293349862637779,0.8544418743947808,0.8649285213606152,0.8601167874389541,0.8678018981345138,0.8469365291906433,0.9037836975233431,0.8685683837281407,0.856956501480878,0.8938816540103706,0.8917668620324033,0.8910808785555266,0.8719529869214172,0,1.0,0.9167492220238368,0.8582648544986945,0,0.8529603536051866,0.9183160148998611,0.8980793573198619,0.8651663516495509,0.8694355921178041,0,0.8562221878576781,0.8211003697276817,0.8816291013158372,0.7779573384827643,0.8433229324146388,0,0.6851050435232274,0.8624605302264068,0.8506688009606121,0.8421637711943146,0.8754599644278903,0.9087580590178377,0.8553631102513848,0.8152277432054955,0.8666550606990074,0.8670203059358024,0.8566056090393583,0.8848263832921702,0.8636881040336524
Milk,0.829389481495635,0.8787448511194726,0.9025609243155012,0.9030661371381323,0.8041822284401242,0.8713645843059474,0.6560647383656414,0.9088394801463815,0.9081090268585622,0.8505113551372442,0.8994069641456787,0.8388627084535265,0.875856821597844,0.882771119457498,0.9141414368798771,0.9045340337332908,0.8867288918260161,0.8666181218400786,0.9138445698464844,0.9313094739574356,0.8498162850550989,0.8393565161692491,0.9097437944409359,0.8423407879122475,0.8411570694707831,0.8840029834806437,0.8934682314771483,0.8962044977061974,0.910628269320052,0.8965366209157446,0.9040042313980637,0.799814895253995,0,0.9167492220238368,1.0,0.8666426707222403,0,0.8575434664362649,0.8322298335424498,0.9139415579020326,0.7694553006296685,0.8531676133538736,0,0.8801228850553262,0.8419623986954408,0.8209605520742334,0.6428978757402545,0.8827459750761731,0,0.5834333819291009,0.8758088073552739,0.8050739534119892,0.7621369795142084,0.850076855045849,0.8389811249743591,0.8433966341489628,0.746615131530574,0.8490343446467279,0.840814708673939,0.8974835226498545,0.8554310848065143,0.8197578779167374
Mohandas_Karamchand_Gandhi,0.8907609702688999,0.952341118289235,0.9137655460466603,0.8951886883267287,0.9239583322233421,0.805426688469293,0.6410895368293649,0.8873667855691236,0.8573860759865569,0.8028332581608756,0.8554915268054638,0.8325922685757585,0.788616539476572,0.8967570477244526,0.9036842689998161,0.8867032463337571,0.9351710323790946,0.824406160049949,0.8538417017459092,0.8898123786034576,0.9014733677749749,0.8181974450613543,0.899581599179377,0.8829003634643162,0.8999201229926913,0.8446432580090245,0.9078524744754521,0.8889028646270354,0.9229087065534167,0.8477161290923884,0.9113785874722194,0.8896845216364608,0,0.8582648544986945,0.8666426707222403,1.0,0,0.8184903395735958,0.815679022934241,0.9364080394027613,0.650028329715311,0.8986788151971864,0,0.8949558879047089,0.8587080072569088,0.8928727032103042,0.773521437001712,0.9315291355778164,0,0.699611434885408,0.924349693709362,0.688373171059004,0.6637799727020491,0.9174160342343852,0.8774592085811084,0.930666325618239,0.5989306085280461,0.9061948811655007,0.9150572011592644,0.9143175876335092,0.8548686647902843,0.8212004472255692
Money,0.0,0.0,0.0,0.0,0.0,0.0,0.0,0.0,0.0,0.0,0.0,0.0,0.0,0.0,0.0,0.0,0.0,0.0,0.0,0.0,0.0,0.0,0.0,0.0,0.0,0.0,0.0,0.0,0.0,0.0,0.0,0.0,0,0.0,0.0,0.0,0,0.0,0.0,0.0,0.0,0.0,0,0.0,0.0,0.0,0.0,0.0,0,0.0,0.0,0.0,0.0,0.0,0.0,0.0,0.0,0.0,0.0,0.0,0.0,0.0
