,Adolf_Hitler,Africa,Asia,Association_football,Barack_Obama,Bible,Buddha,Buddhism,China,Christianity,Christmas,Dog,Earth,English_Language,Europe,Eye,George_W._Bush,Ghana,Gold,Hinduism,Human,India,Internet,Iran,Iraq,Iron,Islam,Italy,Japan,Jesus,Judaism,Julius_Caesar,Koran,Maize,Milk,Mohandas_Karamchand_Gandhi,Money,Moon,Moses,Muhammad,New_York_City,Niger,Osama_Bin_Laden,Paris,Periodic_table,Pope_Benedict_XVI,Pope_John_Paul_II,Religion,Rice,Roman_Catholic_Church,Rome,Russia,Silver,South_Africa,South_America,Soviet_Union,Sun,United_Kingdom,United_States,Water,Wikipedia,World_War_II
Adolf_Hitler,1.0,0.9665541851971327,0.940827866445804,0.972527968318113,0.9876886829432412,0.9742215235707055,0.9817454018101325,0.9684590908617752,0.9676308061840395,0.9645233042762785,0.9709180621815703,0.9672697843715302,0.9619837441329786,0.9424048491269326,0.9492661861587205,0.9447992860061215,0.9739359818816055,0.9617407232784496,0.9437380608892714,0.960259794504442,0.9402073680488983,0.9642193163807989,0.9595039359964833,0.9708900635872589,0.9739042841532971,0.9526813978160552,0.9574779883736725,0.9694506796258008,0.964597597146983,0.9768407648761892,0.9444615861833545,0.9892490502995779,0.9376192320348484,0.9705722593944607,0.9554352858681856,0.9940388605470591,0.9516091824776424,0.9764144834797811,0.9799934134738322,0.9875359406216276,0.960714607797395,0.9716201084787434,0.9672237434618917,0.9601419493036373,0.9662524854618045,0.9788738005695291,0.968907028094355,0.9233402778386978,0.954353589805786,0.9489283425763877,0.9753574335598407,0.9641258226764013,0.9622534987474174,0.9607173555096102,0.9573059254670827,0.9751944774509406,0.9442757080761164,0.9600751397636286,0.9670630134225362,0.9468024205569048,0.9707196756716836,0.976270363285288
Africa,0.9665541851971327,1.0,0.9822122525637388,0.9857942235355439,0.9465333884563828,0.9776432885746622,0.9573416013640402,0.9762850185476574,0.9868917350443697,0.976910072098641,0.9744751684808584,0.9809134027867992,0.9936587625199511,0.9752123408104051,0.9795764292053829,0.982355710790958,0.9473994694670625,0.9886319698198999,0.9766781233462779,0.9853523448270103,0.9818961325558353,0.9875378496715804,0.9867004552866095,0.9924574689743826,0.9936413264107279,0.9863646500022739,0.960298536889821,0.9906868085798171,0.9908934768638765,0.9654766473289137,0.9751881438063944,0.9680810441349874,0.9470603875275713,0.9905751958691389,0.9893990499724922,0.966761778340374,0.9754494521385151,0.9865161992673301,0.961579673749267,0.9489913814883119,0.9820877644935474,0.9826259679307968,0.941196877663273,0.9756701468175532,0.9854610791220297,0.936955057784351,0.9346747077465178,0.9569445093361981,0.9841950324338754,0.967321238945116,0.9842442936331026,0.9886289294675216,0.9865110832160041,0.9922914048357273,0.9908767922087209,0.9769683019870548,0.985048806338901,0.985989531541561,0.986964975265804,0.9851939680925612,0.9876031340663982,0.977305039888627
Asia,0.940827866445804,0.9822122525637388,1.0,0.9660445105101017,0.9231419172033098,0.9737854003881494,0.9507194733979506,0.9800885311879294,0.977099615776563,0.9835492774015219,0.9595854561589432,0.9704472416130945,0.9887766539353101,0.9927563162887683,0.9945343798809475,0.9898639189982525,0.9189775421125149,0.9801029098383887,0.9882142947747946,0.9879701917296003,0.992910851191445,0.9878961311802513,0.9818519185505311,0.9839356851516862,0.9826400761545893,0.9883670944202534,0.9706020211608286,0.9868570275419518,0.9887404136908643,0.9565716288849369,0.9925848994659333,0.9433789101946043,0.9709035337783403,0.9816142937445427,0.9815764914673896,0.9364879534663495,0.9670152654065436,0.975291048450796,0.9487070646252844,0.9278533342237352,0.9768188185874759,0.9626980621400616,0.9050325799863522,0.9750418926629816,0.9772365015022345,0.9165125819765397,0.9131694250274869,0.9832703392430117,0.9844220481494956,0.9782353893823629,0.9826907636322335,0.990541944134008,0.9820841425512971,0.9915695570684186,0.9940758179182382,0.963718586712341,0.9802299391428042,0.9844506600211969,0.9806636476780786,0.9922729560409929,0.9768446311617602,0.9415756583045315
Association_football,0.972527968318113,0.9857942235355439,0.9660445105101017,1.0,0.9637506743853252,0.9840030141434118,0.9704928563968355,0.9836158502643605,0.9714862706379679,0.9759082233545813,0.9804839368325038,0.9917252390460479,0.9860065327927031,0.9648129713721463,0.9717588351959746,0.9756666807686911,0.95197920575312,0.9775046352487944,0.9752012222284959,0.9807077255325218,0.9679175195280068,0.9689462559422033,0.9772845961737905,0.9813205915015398,0.9819944776623715,0.9856487832025127,0.9685855831639767,0.977375622526652,0.9780717616537608,0.9819988691139019,0.9666620175627874,0.9674125816134977,0.9553560857008527,0.9910566629602756,0.9880246472159991,0.9694704682760799,0.9735631263993889,0.9874368280527259,0.9829885451168139,0.9703815298678834,0.9674054775167867,0.9756887156142388,0.939873508952585,0.9720579771622179,0.9855370688153305,0.9485152226259231,0.9404103958633552,0.9559893945448719,0.9867629935844238,0.964273034986191,0.9780245829659052,0.9679784922222069,0.9837339456813584,0.9769517504228835,0.9711913019121939,0.9645905626006126,0.9808337432318085,0.9626255870469712,0.972086135884121,0.9807363099307091,0.9910154427121967,0.9682143406833206
Barack_Obama,0.9876886829432412,0.9465333884563828,0.9231419172033098,0.9637506743853252,1.0,0.9673060497386711,0.9689093788324573,0.9573393302207343,0.9530297665481662,0.9490744911131507,0.9553545294165725,0.9581649102424408,0.9456786011227861,0.9253848656999645,0.9354464587921317,0.9251342504152985,0.9810401728861643,0.9465381206651918,0.9374682765548515,0.9430712481639114,0.9182775809866428,0.9401556637386996,0.9404828728825014,0.9582398792200851,0.9602728289258812,0.9438118114460402,0.9471589635386695,0.9486164666537317,0.9459106475865496,0.968404056174352,0.924408963201925,0.9766394553517802,0.9342530243990873,0.9617934077915692,0.9338734328955791,0.9748592265453002,0.9344418655771157,0.9697427229515768,0.974806481658017,0.9834731536784517,0.9543097418475949,0.9660985102401076,0.9736671831295599,0.9591904580441644,0.9461977141061997,0.9912427827472686,0.9807238678350423,0.903281945248997,0.9477939989631037,0.9388566378264095,0.9675706462673669,0.9436927046190184,0.9537156361511551,0.9420969964978783,0.9343610354634398,0.950265301144547,0.9321208293490664,0.9412551066610811,0.9518785024032831,0.9308614872281142,0.9555221170395011,0.945772609526278
Bible,0.9742215235707055,0.9776432885746622,0.9737854003881494,0.9840030141434118,0.9673060497386711,1.0,0.9787068190982976,0.9927871492978887,0.9793527030767457,0.9882241162791595,0.9780503768692916,0.9833373114289878,0.9793773673275306,0.9808300218547837,0.9828502710534224,0.9812299896831637,0.9609885783598919,0.9860460327364134,0.9728310132317272,0.9860949825772568,0.9724517770907691,0.973342807889709,0.9822587357851027,0.9855186703805061,0.9876623724813735,0.9779369106129745,0.9869144480679165,0.9840787513532371,0.9852404337822283,0.9885378150091968,0.9820272470653572,0.9760429390360761,0.9801581046840471,0.9851370422922816,0.9734556631610524,0.9695798708734502,0.9585417985445678,0.9884599216924036,0.9848108723731323,0.9778569535646758,0.9823228937292003,0.9774075799809041,0.9462267733312607,0.9875128867545837,0.9863736957080775,0.9626929322843325,0.961773336672646,0.9672646441579041,0.978757024234128,0.9841203254568286,0.9927517836532912,0.9798346761734705,0.9706283491619402,0.9853407184525456,0.9743895397164675,0.9759198631891355,0.9693270831047757,0.973205937055203,0.9835065777953077,0.9758725850546088,0.9876615509951069,0.9513116951915347
Buddha,0.9817454018101325,0.9573416013640402,0.9507194733979506,0.9704928563968355,0.9689093788324573,0.9787068190982976,1.0,0.9843703968915112,0.9460217173761389,0.984187183480905,0.9846399741230297,0.9760814743384062,0.9563266777774575,0.9633631835332742,0.967979458323396,0.9539636937866701,0.9372523062014539,0.951663391826683,0.9621237240265342,0.9677039827025311,0.9568873909690375,0.9575086706785799,0.9570363403565822,0.9552501283932241,0.9638388910390734,0.9645600781572323,0.9843936584455458,0.9746625803269365,0.9579142845731239,0.9840823644497638,0.9655769422788664,0.9791621201741577,0.9662612213793761,0.97532568029522,0.9555833023718661,0.9678762875727148,0.9273016810230748,0.9685183868581825,0.9894668897182056,0.9857494995885719,0.957024004124489,0.9463588079557047,0.9291706855221872,0.9691719080040826,0.9670878040944471,0.9679164994947834,0.9537212698634951,0.9517603231957029,0.9555766215421844,0.9617750348123668,0.9749925173125118,0.9587385078407801,0.9554905416643101,0.9612842180651561,0.9538742726343451,0.9513308500711077,0.9409426632018788,0.9537010816408469,0.9498925541394091,0.9611756321640084,0.9670592724449156,0.9456373284110505
Buddhism,0.9684590908617752,0.9762850185476574,0.9800885311879294,0.9836158502643605,0.9573393302207343,0.9927871492978887,0.9843703968915112,1.0,0.9715236278314721,0.9961965341591321,0.9840813681319998,0.9875615512586094,0.9806601254304923,0.9892432972224767,0.9919079522709505,0.9840132584004221,0.9369392270572923,0.9758128606449807,0.9838844193064752,0.9895313372112872,0.982396358011006,0.9770736738994255,0.9807921605819387,0.9780734424494167,0.9818859403946796,0.9847474676260307,0.9940718008764048,0.9884192291243575,0.9839250269293391,0.9900767911056821,0.9903646461662037,0.9707587868340903,0.9874745221778582,0.9893790923381436,0.9782505712552277,0.9612129466310456,0.9533044023561141,0.9830389534363024,0.9881308177288198,0.974267014426392,0.976945601309369,0.9643280143573144,0.9244579246883529,0.9836622456823297,0.9882904224225065,0.951842428100104,0.9437977252071166,0.9814293616695537,0.9817039428792945,0.9850598164457917,0.990638676740151,0.9798399369324258,0.9727212893359145,0.9848787459737571,0.9782892889224732,0.9665115642346793,0.968889976358887,0.9726893203459939,0.9748957132743287,0.9856100887185699,0.9856200219992294,0.9488185031400114
China,0.9676308061840395,0.9868917350443697,0.977099615776563,0.9714862706379679,0.9530297665481662,0.9793527030767457,0.9460217173761389,0.9715236278314721,1.0,0.9681808106568033,0.9538260666531396,0.9627876965287001,0.9871915407800512,0.9679723687906737,0.9740221070660631,0.9758597336052925,0.9646812045659078,0.9929474039128106,0.9638889899970429,0.9783118891201211,0.9711480497486191,0.986965698093846,0.9808844484830178,0.9966503365514587,0.9944120777224156,0.9703081867057021,0.952986677112011,0.9829235454657896,0.9949005587837952,0.9602940907238634,0.9700857689474314,0.9661988470281904,0.947257127098688,0.9788633030180235,0.9742918369232222,0.9690898194138338,0.9765896684729672,0.9854263866015487,0.9538360885077645,0.9484517453561873,0.9860822770736567,0.9920576756418563,0.9561278244978584,0.9752050110093411,0.9792645109854019,0.946126547538409,0.9509458624170427,0.9481645421558754,0.9788196229392704,0.9714473310608811,0.9878042489061282,0.9917948856845126,0.9769408363725468,0.989844319995032,0.9870660498840397,0.9887394172348475,0.9770637519574573,0.9879438831145654,0.9978751350222321,0.969444681820967,0.9797010154180925,0.9685214648800272
Christianity,0.9645233042762785,0.976910072098641,0.9835492774015219,0.9759082233545813,0.9490744911131507,0.9882241162791595,0.984187183480905,0.9961965341591321,0.9681808106568033,1.0,0.9852091410562702,0.9835012068409013,0.9774610215612866,0.9917718770657722,0.9939916436802944,0.9812301554781994,0.9265946980095543,0.9728105706888488,0.9836494714229308,0.9898658849885235,0.9874761421315895,0.9818346114890798,0.9781843912334833,0.9758944212116704,0.9821591263733358,0.9833951775830879,0.9951231019789112,0.9929871174949496,0.9829995649286986,0.9831534967726352,0.9930604485295377,0.969990800629161,0.9855709240842009,0.9868805098561679,0.9750153493451215,0.9553054212998786,0.9447148773580659,0.977436042617354,0.982222336191658,0.9662716535021122,0.9780417818601427,0.9601453961302702,0.9185241818189892,0.9827674229016959,0.9824351271472018,0.9448833385147868,0.9395696183200052,0.9831977292730013,0.9751830068895306,0.98190343102196,0.9891951824028281,0.9824083885690821,0.9699848056055816,0.986959213730091,0.9822524558763742,0.9613631910095819,0.9624345972663473,0.9778582372762312,0.972449760155337,0.9854833806272632,0.9798191124430207,0.9454480766406695
Christmas,0.9709180621815703,0.9744751684808584,0.9595854561589432,0.9804839368325038,0.9553545294165725,0.9780503768692916,0.9846399741230297,0.9840813681319998,0.9538260666531396,0.9852091410562702,1.0,0.9849121907791657,0.9699836074801294,0.9665968273923762,0.9710451354187036,0.9609844147869508,0.937396506374885,0.9633626587204335,0.9736527455961338,0.9824981090206533,0.971256039248256,0.9666055177577776,0.9763288518952066,0.965159089189815,0.9746755526259772,0.9770717013467439,0.9802838919767277,0.9842445494953934,0.9640732718763348,0.9839469996561245,0.9697875462960969,0.9783349332610456,0.960605312919061,0.982161715842045,0.9751760520966831,0.9658886796900228,0.9417580037799126,0.980555744324393,0.9864796564451673,0.9746220654854055,0.9663236534558167,0.955266575149427,0.9251388021047096,0.9682550045340511,0.9797360021073419,0.9488612741842882,0.9449736753306353,0.9622566130142229,0.9692556592586572,0.9571070641637396,0.9768413532586058,0.9619649276387239,0.9679697536764341,0.9735512771045728,0.9668410168662597,0.9499087126551519,0.9574210837628996,0.9656578574093483,0.9591645468315357,0.9757361264854156,0.9802530659031922,0.9612944478393561
Dog,0.9672697843715302,0.9809134027867992,0.9704472416130945,0.9917252390460479,0.9581649102424408,0.9833373114289878,0.9760814743384062,0.9875615512586094,0.9627876965287001,0.9835012068409013,0.9849121907791657,1.0,0.9794556397874842,0.97458983388711,0.9770510197754441,0.9752463791979641,0.9423265380131748,0.9683223495033119,0.9806049531396841,0.9852221188165097,0.9756133480938963,0.969388961693041,0.9825260367053108,0.9749732366317764,0.978701511571179,0.9848852983110886,0.979830179851471,0.9787490396576021,0.9725708447397059,0.9856438064286424,0.9737801406823037,0.9696503115670085,0.968377349676545,0.9867756963326136,0.9869642250142912,0.9654128096320248,0.9623335293941951,0.9842530511472717,0.9859712165289446,0.9703621851170662,0.9681572160331793,0.9640136223571067,0.9304023243140053,0.9720588434429571,0.9861529523342709,0.9452218077519068,0.9381438473124859,0.9705861475483574,0.9848343895771526,0.9658080756351471,0.9779006376365834,0.9668390676161861,0.9790704526751723,0.9753542864318098,0.9715676783404248,0.9530461988733491,0.9758570364910701,0.9614260745609834,0.9655715916035108,0.9865140579593662,0.9926681600165076,0.9565175498931118
Earth,0.9619837441329786,0.9936587625199511,0.9887766539353101,0.9860065327927031,0.9456786011227861,0.9793773673275306,0.9563266777774575,0.9806601254304923,0.9871915407800512,0.9774610215612866,0.9699836074801294,0.9794556397874842,1.0,0.9785444575950759,0.9851116953954274,0.9892935336810538,0.9451099759823326,0.9893876559049,0.9858394348050699,0.9878890143101353,0.9842485195054138,0.9870121134920645,0.9877154150078749,0.9926303700511788,0.989831558214175,0.9911036728640482,0.9634768161695066,0.9870726806523374,0.9920805573735434,0.9672051926319273,0.9808144546641389,0.9569923498089172,0.9569215386760256,0.9914521422143583,0.9931117273983271,0.9609601184690909,0.9858331321113918,0.9896318811688383,0.9628736353210846,0.9486878258654583,0.9776133708673987,0.9807539868565259,0.931753080893786,0.9744715600598347,0.98575208340301,0.9336064379360351,0.92712836262935,0.9671856256719682,0.9941495033498332,0.9739714538781905,0.9852275518288769,0.9887790382512673,0.9919879767605994,0.9926892998614875,0.9921897003733298,0.9771147393730653,0.9932312680319787,0.9829278386855362,0.9884331305880879,0.9906392024257369,0.9893114035053914,0.9708307485017892
English_Language,0.9424048491269326,0.9752123408104051,0.9927563162887683,0.9648129713721463,0.9253848656999645,0.9808300218547837,0.9633631835332742,0.9892432972224767,0.9679723687906737,0.9917718770657722,0.9665968273923762,0.97458983388711,0.9785444575950759,1.0,0.9969139674551686,0.9880484296159804,0.9122525041243228,0.9731549477981739,0.9835645398639206,0.9870313790550539,0.9893572576544147,0.9805738200668342,0.9810857535562786,0.9748584528605753,0.9773839020136192,0.9829909586411469,0.9846425526794709,0.9876891064633078,0.9840794549331172,0.9699077826036828,0.996366817233599,0.9512403713252046,0.9831617835311889,0.9813505618650596,0.9737561616495166,0.9360643503712232,0.9460643696967405,0.9695120084899941,0.960885931428985,0.9415096288182951,0.9784615888811699,0.9508103776920017,0.9021270539439581,0.9805778639906536,0.9807296235488339,0.9230197796953311,0.9181425185695893,0.9875880196662249,0.9755451717251595,0.9859940403719062,0.9861908599541737,0.9856850797529816,0.9668710798350314,0.9884567863992748,0.9854491230539366,0.9589971185067947,0.9660005425492579,0.9789011414002473,0.973327238032428,0.9880484274483163,0.976239317425378,0.9319284223626717
Europe,0.9492661861587205,0.9795764292053829,0.9945343798809475,0.9717588351959746,0.9354464587921317,0.9828502710534224,0.967979458323396,0.9919079522709505,0.9740221070660631,0.9939916436802944,0.9710451354187036,0.9770510197754441,0.9851116953954274,0.9969139674551686,1.0,0.9896170063017804,0.9187385682240963,0.9778149814973617,0.9910580621319063,0.9887558714165832,0.9919403079566993,0.9838985979759981,0.979379344999012,0.9797467917735025,0.9823477251983266,0.9898042726194833,0.9860860568946376,0.9906270990527786,0.988307922834409,0.9707717800580006,0.9966525976468513,0.9538607167753912,0.9829196953124819,0.9881535662248621,0.9779053303833104,0.9398165868108325,0.9529819461469903,0.9765093302155916,0.9667881241954194,0.946754565413585,0.9808911101811438,0.9602849426117304,0.9100747233684473,0.9843872433172132,0.9809457258698974,0.9319224260746247,0.9257286180679422,0.9858496030804517,0.9828987050509057,0.9871717884400262,0.9889512312701337,0.9883632442374917,0.9760440522372781,0.991552116658219,0.9880740849316941,0.9610031722420121,0.9746433332106548,0.9822660799428479,0.9771859005488156,0.9917123181397893,0.9772182969167005,0.9380646944276017
Eye,0.9447992860061215,0.982355710790958,0.9898639189982525,0.9756666807686911,0.9251342504152985,0.9812299896831637,0.9539636937866701,0.9840132584004221,0.9758597336052925,0.9812301554781994,0.9609844147869508,0.9752463791979641,0.9892935336810538,0.9880484296159804,0.9896170063017804,1.0,0.9204342251000897,0.9832635491314266,0.9821301048344699,0.983320253276975,0.9826020351631939,0.9751405885387235,0.9817938235041843,0.9819082899203396,0.9797786198097109,0.9869878222927229,0.9709312036369782,0.980284744828557,0.9898173941598615,0.9654251988802467,0.9885935063366958,0.9466915820769373,0.9686146981255284,0.9835089833732502,0.9857977069641436,0.9449971393381008,0.9708648684702228,0.9751924845415629,0.9576845798603149,0.940422559261322,0.9704228233466244,0.9612997061380121,0.910734605079017,0.9746545291933383,0.9849511264744185,0.916081683852758,0.9073069945714759,0.9750341331422321,0.9840020228618075,0.9882729703159626,0.9806776120726995,0.9862019029369631,0.9777532133776301,0.9880561831340114,0.9837127598197596,0.9729508502206332,0.9830429206030696,0.9735331237030902,0.9794367371036118,0.9901767234077694,0.9823884463006477,0.9480591963155252
George_W._Bush,0.9739359818816055,0.9473994694670625,0.9189775421125149,0.95197920575312,0.9810401728861643,0.9609885783598919,0.9372523062014539,0.9369392270572923,0.9646812045659078,0.9265946980095543,0.937396506374885,0.9423265380131748,0.9451099759823326,0.9122525041243228,0.9187385682240963,0.9204342251000897,1.0,0.9604288987429055,0.9201426708258599,0.9408827644099658,0.9121098614177396,0.9385632990199904,0.9504733553504829,0.9664856635580855,0.9650430191735258,0.929773398599575,0.9207404907677179,0.940262989374588,0.9462789292342922,0.9517908387866681,0.9133676153212242,0.9695117384806449,0.9109960273062333,0.9460099798389756,0.933872454404969,0.9748899967844086,0.9488336684071915,0.9723213430477013,0.9479849479759237,0.9618033796515408,0.9581083652984754,0.9767645041335166,0.9830390783370482,0.9507291574617227,0.9447247728700129,0.9743670296977086,0.9814109243847076,0.8907421547194073,0.9462080722508324,0.9278955001003613,0.9616825803083944,0.9441029092186665,0.9483859682149426,0.9435641285461377,0.9353095093093622,0.9605145301642679,0.9373842490031808,0.9466473783830909,0.9651572580267224,0.920788160698893,0.9571213232070306,0.9489586514188728
Ghana,0.9617407232784496,0.9886319698198999,0.9801029098383887,0.9775046352487944,0.9465381206651918,0.9860460327364134,0.951663391826683,0.9758128606449807,0.9929474039128106,0.9728105706888488,0.9633626587204335,0.9683223495033119,0.9893876559049,0.9731549477981739,0.9778149814973617,0.9832635491314266,0.9604288987429055,1.0,0.9690591991653361,0.9837645711312871,0.9778114602335585,0.982247765063281,0.9851170183976907,0.9949578402274613,0.9950548235699368,0.9773336201447271,0.9619576858132984,0.9848363075459479,0.9927711608504981,0.9664689921895256,0.977282209971431,0.9660823731644971,0.9552307648426671,0.9830629795736266,0.9807076731692261,0.9643982091466672,0.9737011574644078,0.9886365423779202,0.9585415950317923,0.9518886493439589,0.9875988249968802,0.9888158586844341,0.949457257347949,0.9835247594858234,0.9814085781569003,0.9417237338426268,0.9491351205179044,0.9554485283829449,0.9831957681618694,0.9765402814571776,0.9874510131961964,0.9895959110869819,0.9771193924077907,0.9935456549437984,0.9853441065373747,0.9848651458080604,0.9828385330700696,0.986922088258311,0.9955689153534799,0.9766756888087225,0.9836776698905559,0.9613496908189556
Gold,0.9437380608892714,0.9766781233462779,0.9882142947747946,0.9752012222284959,0.9374682765548515,0.9728310132317272,0.9621237240265342,0.9838844193064752,0.9638889899970429,0.9836494714229308,0.9736527455961338,0.9806049531396841,0.9858394348050699,0.9835645398639206,0.9910580621319063,0.9821301048344699,0.9201426708258599,0.9690591991653361,1.0,0.9832099331065627,0.9862630164722198,0.9724649681242249,0.9756111657154066,0.9736655019123405,0.9753989097667017,0.995971255424931,0.9747183034888219,0.9809009484290626,0.9766334076216938,0.9634473702412475,0.9831869149657388,0.944357554783319,0.9719310342010344,0.9878682598489974,0.9822013048890708,0.9336231574138694,0.9599582992083125,0.980827840204901,0.9646292671571105,0.9410373833998489,0.9693382662233893,0.9575320447585278,0.9041092118604054,0.9752888029997567,0.9761180582070598,0.9304749789803733,0.9208971988321326,0.9785571714521898,0.9894174031560169,0.9720165697317232,0.9786666431585604,0.9742854712159631,0.9874827653748368,0.981339204717289,0.9794898163216855,0.9446631381231668,0.9837840447949513,0.9705263998427006,0.9656385436855215,0.994421093838133,0.9773476651483444,0.936994740782089
Hinduism,0.960259794504442,0.9853523448270103,0.9879701917296003,0.9807077255325218,0.9430712481639114,0.9860949825772568,0.9677039827025311,0.9895313372112872,0.9783118891201211,0.9898658849885235,0.9824981090206533,0.9852221188165097,0.9878890143101353,0.9870313790550539,0.9887558714165832,0.983320253276975,0.9408827644099658,0.9837645711312871,0.9832099331065627,1.0,0.9920471660709487,0.9895789610449799,0.9930161838907112,0.9874317809644824,0.9895286806566106,0.9854463150670144,0.9840058232808964,0.9924995088902692,0.9863958969856887,0.9789345270991495,0.9912110402211174,0.9657242962403437,0.9775111363419632,0.9838986694757047,0.9870782290339202,0.9607866260417283,0.9675214613962335,0.9872220138715289,0.9732423090766666,0.9575174226283001,0.980465382367021,0.9726300381248033,0.9219793135361563,0.9755392432109988,0.9871924211855351,0.9342776681233782,0.9364149870036785,0.9864787213183436,0.9875454184555579,0.9727130668147708,0.9879653647968551,0.9848349527051283,0.978766347335955,0.9918744087814136,0.9915792022654356,0.9679248134014448,0.9778751216029475,0.982992443395973,0.9844024380773203,0.9914466136268103,0.9903932842933078,0.95868013241905
Human,0.9402073680488983,0.9818961325558353,0.992910851191445,0.9679175195280068,0.9182775809866428,0.9724517770907691,0.9568873909690375,0.982396358011006,0.9711480497486191,0.9874761421315895,0.971256039248256,0.9756133480938963,0.9842485195054138,0.9893572576544147,0.9919403079566993,0.9826020351631939,0.9121098614177396,0.9778114602335585,0.9862630164722198,0.9920471660709487,1.0,0.9879606370975165,0.9826021612426096,0.9786861844076308,0.9831952651107417,0.9847975405179987,0.9770288186844468,0.9910743846935552,0.9838506190407006,0.9610334520218231,0.993299804618911,0.9487510838653428,0.9722734605110381,0.9809826336196796,0.9832910029735376,0.9380647615631853,0.9553050926547377,0.9753645161416856,0.9562277513854718,0.9338880631005673,0.9761495157556449,0.9622647190324958,0.8987744078552575,0.9740350630964116,0.9764136897945627,0.9145718986205079,0.9169799252083352,0.9867207419571232,0.9828270110164378,0.9687530423483021,0.9786347550050367,0.9845477229675769,0.9746524552880438,0.9907742325392358,0.9914986232702833,0.9546230716007879,0.9775312301284015,0.9820800940904775,0.9754362917869419,0.9924193243586076,0.9778317908816431,0.9400129912542633
India,0.9642193163807989,0.9875378496715804,0.9878961311802513,0.9689462559422033,0.9401556637386996,0.973342807889709,0.9575086706785799,0.9770736738994255,0.986965698093846,0.9818346114890798,0.9666055177577776,0.969388961693041,0.9870121134920645,0.9805738200668342,0.9838985979759981,0.9751405885387235,0.9385632990199904,0.982247765063281,0.9724649681242249,0.9895789610449799,0.9879606370975165,1.0,0.9841428060830674,0.9898670931994232,0.9906592796500489,0.9757899452120791,0.9674693509604158,0.9934511811888925,0.9909312696792439,0.9628661373897712,0.9837691225396282,0.9641803841899258,0.9576123090292908,0.9797435285017043,0.9796656669708427,0.9632990071063408,0.9683831217477351,0.9789257421591238,0.9571726789737647,0.9449268367620551,0.9815085417690388,0.9769967102794883,0.9298634630516684,0.9687200934972926,0.9779775784846969,0.9309453009927607,0.9340108378400563,0.9711095980297824,0.9781420818970594,0.9651547514623247,0.985536190388231,0.9930767891359733,0.9771274661828178,0.9926439089042066,0.9976904435031037,0.9757813926457545,0.971498220734103,0.9916649066258989,0.9888461790790182,0.9812199116857167,0.9796357354465496,0.9673439260163414
Internet,0.9595039359964833,0.9867004552866095,0.9818519185505311,0.9772845961737905,0.9404828728825014,0.9822587357851027,0.9570363403565822,0.9807921605819387,0.9808844484830178,0.9781843912334833,0.9763288518952066,0.9825260367053108,0.9877154150078749,0.9810857535562786,0.979379344999012,0.9817938235041843,0.9504733553504829,0.9851170183976907,0.9756111657154066,0.9930161838907112,0.9826021612426096,0.9841428060830674,1.0,0.9870196825086319,0.9880767290618886,0.9788250305714266,0.9698445405503383,0.9863398394205529,0.983688022436903,0.9774811787738876,0.9817904609998307,0.9682236690166872,0.9616925717636701,0.9802952247952351,0.9888871092964494,0.9663145382133597,0.9734281330531906,0.9881671648690543,0.9664051756783537,0.9547921654686831,0.9819631865950499,0.9712432924859785,0.9329101047311508,0.9710599672166801,0.9908923736265126,0.9306500696528844,0.9354468415902903,0.9757627462085644,0.9863434404891845,0.9710958234858142,0.9863691874527881,0.9832409359018234,0.9757522775285017,0.9901834715068134,0.9879340536614426,0.9724614415433851,0.9802151206921006,0.9831121796200415,0.9866321680759026,0.9863456142316696,0.994237113000628,0.9656636262395274
Iran,0.9708900635872589,0.9924574689743826,0.9839356851516862,0.9813205915015398,0.9582398792200851,0.9855186703805061,0.9552501283932241,0.9780734424494167,0.9966503365514587,0.9758944212116704,0.965159089189815,0.9749732366317764,0.9926303700511788,0.9748584528605753,0.9797467917735025,0.9819082899203396,0.9664856635580855,0.9949578402274613,0.9736655019123405,0.9874317809644824,0.9786861844076308,0.9898670931994232,0.9870196825086319,1.0,0.9974411882243539,0.9807466943918799,0.9628785274347537,0.9876755373491257,0.9952521687988778,0.9674746431963168,0.9761770745292296,0.9691534798198421,0.9579259941827442,0.9849971550552391,0.9828532124394448,0.9716409468561925,0.9817940679262929,0.9914940289701766,0.9618788293488387,0.9546670633487693,0.9869140222799958,0.9935492063192609,0.9535611030107788,0.9798652394456066,0.9834475536252744,0.9487463725692171,0.9513442495424607,0.958357662492645,0.9860089652868241,0.9727837278562256,0.9904440558358392,0.9922506239425456,0.9863931508577636,0.9928101802607937,0.9913695491158087,0.9866042623438694,0.9833081995753514,0.988047929887905,0.9973785507173678,0.9797271006456925,0.9878711434712247,0.9707257533335293
Iraq,0.9739042841532971,0.9936413264107279,0.9826400761545893,0.9819944776623715,0.9602728289258812,0.9876623724813735,0.9638388910390734,0.9818859403946796,0.9944120777224156,0.9821591263733358,0.9746755526259772,0.978701511571179,0.989831558214175,0.9773839020136192,0.9823477251983266,0.9797786198097109,0.9650430191735258,0.9950548235699368,0.9753989097667017,0.9895286806566106,0.9831952651107417,0.9906592796500489,0.9880767290618886,0.9974411882243539,1.0,0.9817201490479356,0.9705061075891068,0.992955651032712,0.9942136915876009,0.9730552303702656,0.9798617317994975,0.977665613410322,0.9615255590412243,0.9878877980013033,0.9825403566000797,0.9735289082961683,0.9717227756186309,0.9924296188409489,0.9693023796482706,0.9614301292748534,0.9917278363082117,0.9921707460166372,0.9562574719187139,0.9852676950816529,0.9838309523200335,0.9543939669939098,0.9598242230067645,0.9612234784106055,0.984610781271031,0.9738459832702377,0.9926767455761919,0.9925865892669392,0.982610949172485,0.9950087282700709,0.9909408499795478,0.9829052303236171,0.98035658377258,0.9916408336558549,0.9954798553077749,0.9813911783849263,0.9874019597248854,0.9693131646423447
Iron,0.9526813978160552,0.9863646500022739,0.9883670944202534,0.9856487832025127,0.9438118114460402,0.9779369106129745,0.9645600781572323,0.9847474676260307,0.9703081867057021,0.9833951775830879,0.9770717013467439,0.9848852983110886,0.9911036728640482,0.9829909586411469,0.9898042726194833,0.9869878222927229,0.929773398599575,0.9773336201447271,0.995971255424931,0.9854463150670144,0.9847975405179987,0.9757899452120791,0.9788250305714266,0.9807466943918799,0.9817201490479356,1.0,0.9726321043129283,0.9840914001167198,0.9829599235756247,0.9672339386242752,0.982600456707635,0.951962397472636,0.9658525271832139,0.9933346974999497,0.9877614977926039,0.9445683592505121,0.9693036524086365,0.983804166676513,0.967611303945324,0.9461729315401449,0.9724546756203603,0.965433625044703,0.9173679592855922,0.9779972497095533,0.9818185894151553,0.9358946227688042,0.9251602627017418,0.9730567423040479,0.9912852365694618,0.9753142645710197,0.9812596385859029,0.9790509799674837,0.9917638322164909,0.9853728352429705,0.9829583777950234,0.9561936057718977,0.987834446869545,0.9741960499732959,0.9718819874460966,0.995690134836168,0.9826962546742931,0.9520429846088464
Islam,0.9574779883736725,0.960298536889821,0.9706020211608286,0.9685855831639767,0.9471589635386695,0.9869144480679165,0.9843936584455458,0.9940718008764048,0.952986677112011,0.9951231019789112,0.9802838919767277,0.979830179851471,0.9634768161695066,0.9846425526794709,0.9860860568946376,0.9709312036369782,0.9207404907677179,0.9619576858132984,0.9747183034888219,0.9840058232808964,0.9770288186844468,0.9674693509604158,0.9698445405503383,0.9628785274347537,0.9705061075891068,0.9726321043129283,1.0,0.9809201426040552,0.9687689458482168,0.9855260931938061,0.9874711981138755,0.9635479376114294,0.9916473865071483,0.9759779179935105,0.9623106667185194,0.9476036758969915,0.9283301901649523,0.9703391475062465,0.985578415365199,0.9706535637518956,0.9674304560985126,0.9476475177660394,0.9080388424446698,0.976337201031593,0.973872924890777,0.9433602901602336,0.9385012883741242,0.9815260711852873,0.9668856295309567,0.9757563791523053,0.981488373361497,0.9673543585472097,0.954459987101413,0.9742980994387047,0.9663042584333639,0.9471379827328074,0.9504985885620562,0.9615277045354718,0.9595555766045507,0.9763795951390136,0.9727008454720398,0.9270885781499745
Italy,0.9694506796258008,0.9906868085798171,0.9868570275419518,0.977375622526652,0.9486164666537317,0.9840787513532371,0.9746625803269365,0.9884192291243575,0.9829235454657896,0.9929871174949496,0.9842445494953934,0.9787490396576021,0.9870726806523374,0.9876891064633078,0.9906270990527786,0.980284744828557,0.940262989374588,0.9848363075459479,0.9809009484290626,0.9924995088902692,0.9910743846935552,0.9934511811888925,0.9863398394205529,0.9876755373491257,0.992955651032712,0.9840914001167198,0.9809201426040552,1.0,0.990897428344118,0.9751762583565399,0.9894916583738478,0.9751060625702342,0.9689981113914856,0.9898493478981277,0.9813521427686486,0.9644679618358049,0.9575957271897285,0.9842882608636204,0.9717734168757551,0.9592946545402137,0.9875611162233209,0.9753564393265236,0.9330643340157403,0.9829712943018929,0.9844415472236577,0.9455597930662252,0.9455662071490811,0.9738470608348127,0.9794077066074508,0.9755309268576663,0.9924330312758455,0.9922898183395901,0.9773875679259357,0.995810735061409,0.9936433817877698,0.9740822869716327,0.9715283612596387,0.9920270309083011,0.9858738630136914,0.9856508253192252,0.9830902355767488,0.9649140965263171
Japan,0.964597597146983,0.9908934768638765,0.9887404136908643,0.9780717616537608,0.9459106475865496,0.9852404337822283,0.9579142845731239,0.9839250269293391,0.9949005587837952,0.9829995649286986,0.9640732718763348,0.9725708447397059,0.9920805573735434,0.9840794549331172,0.988307922834409,0.9898173941598615,0.9462789292342922,0.9927711608504981,0.9766334076216938,0.9863958969856887,0.9838506190407006,0.9909312696792439,0.983688022436903,0.9952521687988778,0.9942136915876009,0.9829599235756247,0.9687689458482168,0.990897428344118,1.0,0.9672214531183824,0.9854572256390036,0.9640381772157084,0.9624392821218758,0.9872768329655667,0.9823747670943312,0.9634855011165956,0.9747163902288248,0.9837303712297523,0.9615963778732355,0.950036755272781,0.985392553317876,0.9840462356583757,0.9396873711415146,0.9809422413518782,0.9860899583952911,0.9398212248902944,0.9386835884989253,0.966207685071106,0.9832957557297013,0.9833931195557253,0.9907319038609845,0.9963902693250652,0.9812973863471446,0.9955169542170031,0.992905744989804,0.9868260268155078,0.9809394984263808,0.9889145616063326,0.9945723951527401,0.9831493347689204,0.9837815496275902,0.9653707154747481
Jesus,0.9768407648761892,0.9654766473289137,0.9565716288849369,0.9819988691139019,0.968404056174352,0.9885378150091968,0.9840823644497638,0.9900767911056821,0.9602940907238634,0.9831534967726352,0.9839469996561245,0.9856438064286424,0.9672051926319273,0.9699077826036828,0.9707717800580006,0.9654251988802467,0.9517908387866681,0.9664689921895256,0.9634473702412475,0.9789345270991495,0.9610334520218231,0.9628661373897712,0.9774811787738876,0.9674746431963168,0.9730552303702656,0.9672339386242752,0.9855260931938061,0.9751762583565399,0.9672214531183824,1.0,0.9714874426393351,0.9820744381456569,0.971428040570556,0.9800261397295328,0.9710431707636091,0.9740673494428781,0.9461924714061178,0.9792435540583753,0.9954667446729456,0.9898516521337299,0.9701723122117766,0.9573530444488015,0.9417712124738672,0.9739274543698675,0.983655076120964,0.9566777998641567,0.9528705612687548,0.9638509255892118,0.9711860558243961,0.9723483596421514,0.9829449805968079,0.9635115622826014,0.9582793722836449,0.9712082842244636,0.9611325377649713,0.9608779367055963,0.954070644876751,0.9615812934654979,0.9657034743085912,0.9690538218617372,0.9848756307036697,0.952474392713157
Judaism,0.9444615861833545,0.9751881438063944,0.9925848994659333,0.9666620175627874,0.924408963201925,0.9820272470653572,0.9655769422788664,0.9903646461662037,0.9700857689474314,0.9930604485295377,0.9697875462960969,0.9737801406823037,0.9808144546641389,0.996366817233599,0.9966525976468513,0.9885935063366958,0.9133676153212242,0.977282209971431,0.9831869149657388,0.9912110402211174,0.993299804618911,0.9837691225396282,0.9817904609998307,0.9761770745292296,0.9798617317994975,0.982600456707635,0.9874711981138755,0.9894916583738478,0.9854572256390036,0.9714874426393351,1.0,0.9514877813507739,0.9834371865011534,0.9808376044033136,0.9766532736184236,0.9395454172118227,0.9501369923602657,0.9724784150332472,0.9640462738431004,0.9440733489376358,0.9765220808543797,0.9550255371667404,0.9008983945485527,0.9779556734936349,0.9797437909064238,0.9218699324754073,0.9199149667548627,0.9912570175874302,0.9792164847276986,0.9840864724782954,0.9852433826253898,0.9864713024763224,0.9663956168277448,0.9905500421168036,0.9876162797894983,0.9610509881365735,0.9696571168249227,0.9802161331468227,0.9760278040868413,0.9895449207692706,0.9764452825659854,0.9349602708344935
Julius_Caesar,0.9892490502995779,0.9680810441349874,0.9433789101946043,0.9674125816134977,0.9766394553517802,0.9760429390360761,0.9791621201741577,0.9707587868340903,0.9661988470281904,0.969990800629161,0.9783349332610456,0.9696503115670085,0.9569923498089172,0.9512403713252046,0.9538607167753912,0.9466915820769373,0.9695117384806449,0.9660823731644971,0.944357554783319,0.9657242962403437,0.9487510838653428,0.9641803841899258,0.9682236690166872,0.9691534798198421,0.977665613410322,0.951962397472636,0.9635479376114294,0.9751060625702342,0.9640381772157084,0.9820744381456569,0.9514877813507739,1.0,0.9418723100062709,0.97150462936692,0.9573065869924284,0.9878253951913647,0.9375613786881438,0.974187150405802,0.9793797674293507,0.9856672167083302,0.9764004982041127,0.9663809369454406,0.9725140239119185,0.9718535667036008,0.9711256308844525,0.9717052781873037,0.9733540598030962,0.9303522511256618,0.9525933341247109,0.9580704868354522,0.9801366399463012,0.9673708592727669,0.9538982548819767,0.9674832174446382,0.9589069064506849,0.9693641631835503,0.9394459814161427,0.9716924637924929,0.968791850650323,0.9505150608229477,0.9717505987542392,0.9661868051057808
Koran,0.9376192320348484,0.9470603875275713,0.9709035337783403,0.9553560857008527,0.9342530243990873,0.9801581046840471,0.9662612213793761,0.9874745221778582,0.947257127098688,0.9855709240842009,0.960605312919061,0.968377349676545,0.9569215386760256,0.9831617835311889,0.9829196953124819,0.9686146981255284,0.9109960273062333,0.9552307648426671,0.9719310342010344,0.9775111363419632,0.9722734605110381,0.9576123090292908,0.9616925717636701,0.9579259941827442,0.9615255590412243,0.9658525271832139,0.9916473865071483,0.9689981113914856,0.9624392821218758,0.971428040570556,0.9834371865011534,0.9418723100062709,1.0,0.963794936581795,0.9513175049267762,0.9277655276492365,0.9227501490608883,0.9635644447928319,0.9693088231419525,0.9533730473762464,0.9593347191413821,0.9411749067728318,0.8891530559720364,0.9718058242397187,0.9615325482940992,0.9302790871048752,0.9246829193116072,0.9801396130903337,0.9631435711196998,0.971614744344717,0.974444279888312,0.9608415387167185,0.9492078326122989,0.9660516164698576,0.959747442638602,0.93935759060316,0.9448771407914255,0.9504944763606258,0.9551010264482939,0.9703603905111082,0.9632371340007237,0.9031166085452264
