,Adolf_Hitler,Africa,Asia,Association_football,Barack_Obama,Bible,Buddha,Buddhism,China,Christianity,Christmas,Dog,Earth,English_Language,Europe,Eye,George_W._Bush,Ghana,Gold,Hinduism,Human,India,Internet,Iran,Iraq,Iron,Islam,Italy,Japan,Jesus,Judaism,Julius_Caesar,Koran,Maize,Milk,Mohandas_Karamchand_Gandhi,Money,Moon,Moses,Muhammad,New_York_City,Niger,Osama_Bin_Laden,Paris,Periodic_table,Pope_Benedict_XVI,Pope_John_Paul_II,Religion,Rice,Roman_Catholic_Church,Rome,Russia,Silver,South_Africa,South_America,Soviet_Union,Sun,United_Kingdom,United_States,Water,Wikipedia,World_War_II
Adolf_Hitler,1.0,0.9506487168852079,0.9285231095620137,0.9607319777326938,0.9941407109279681,0.9648537144962301,0.9731562797516135,0.9643212679998105,0.9723099112919311,0.9593176409867843,0.9823283014174372,0.9637477120757352,0.9708354016816618,0.7990989214279332,0.969439548305243,0.9459253364863188,0.9888480230703591,0.9087091614542283,0.9610410986131513,0.8924348478554912,0.9565278631812315,0.9629984556118886,0.9618947951922115,0.9433609887579326,0.979872031411696,0.9688485713863139,0.9626079441066151,0.9717199023149101,0.960409134872315,0.9728895040819696,0.961977822522447,0.9875206026995406,0.896323913920077,0.9531223193978526,0.9526402033503383,0.9920891704333579,0.9481962846449776,0.9678225220107312,0.9767856277681354,0.9869450776557321,0.9291817247951838,0.8964510669127354,0.9933516056321144,0.9659686465300249,0.9641626784391598,0.9675400218993908,0.9666564471789839,0.9173407288320735,0.976150348526697,0.8871403862809366,0.9782701291642489,0.9455994072999511,0.9627982322412623,0.9573946464196792,0.9448126358926043,0.9580177377758243,0.9533001459050298,0.9573340529177379,0.957751120968609,0.9403807923028618,0.9636638437471169,0.992887685541427
Africa,0.9506487168852079,1.0,0.972238359173643,0.9734993026464721,0.9547873951321132,0.9806750046469636,0.9502678521681459,0.970193085452415,0.9768766838308509,0.9756678973377124,0.9620043317632174,0.9788814750154858,0.9791178907830707,0.836405358159163,0.9822111406360319,0.9712655384672692,0.9277553071367197,0.9684431383406589,0.9762925375856354,0.9303302825337076,0.9621899050838401,0.989986451710461,0.9662055481604747,0.9621627794757484,0.971068731636802,0.9886636387302806,0.9308211948665559,0.9829669047727786,0.9791734278628421,0.9491699732011103,0.9616761008928627,0.9180596375474818,0.9273418223977934,0.9798907751944356,0.9770834166606528,0.9447176934617944,0.9770670483192391,0.9847582260630883,0.9325789981461196,0.9446951409460287,0.9421982168139154,0.9453438412403176,0.9461601115935263,0.9685627427417888,0.9780869303647461,0.9006347457037779,0.9094479092548454,0.9556642735274695,0.9747378071134842,0.8891024878947575,0.9717445921997964,0.9907034354350804,0.9813122973988296,0.9754122867055206,0.9759908698079711,0.9694333879529602,0.9837368463250414,0.9863822386267975,0.9657801868787776,0.9908938680288032,0.9556439056947844,0.9472304066269707
Asia,0.9285231095620137,0.972238359173643,1.0,0.9667225143875583,0.92186566917235,0.9752721712638908,0.9505801478631443,0.9756017207223074,0.9521525100350503,0.9826406637568805,0.9610142488796791,0.9716432477739149,0.9671364155305928,0.9093353042429241,0.9654187817537799,0.9735529656402355,0.8927615958746148,0.9717761611875447,0.9600542562414938,0.94836102913556,0.9726828898023796,0.9715354015328832,0.9749075857097739,0.9640848992520095,0.9380623498738635,0.9633294197723863,0.9375100349985717,0.9647344885056739,0.956899720935001,0.9478557813710968,0.9618234280662786,0.9000524297729742,0.939585331616093,0.9800855840993381,0.9759030042784074,0.9355483689445483,0.973296013400447,0.9574566177124396,0.9240557937242622,0.9340195748110969,0.8931774967130569,0.9562184188680187,0.921875504789273,0.9263925113607123,0.983269594678324,0.8616610550848984,0.8687310390848982,0.9799991058442807,0.9726315710618976,0.9011747705213607,0.9512980416605891,0.9817095715931404,0.9711916179376409,0.9742918174980878,0.9657667474161749,0.9461282205218933,0.9625566334166422,0.964284795000519,0.9384938009880082,0.960809135957825,0.9585840962864914,0.9267478424100584
Association_football,0.9607319777326938,0.9734993026464721,0.9667225143875583,1.0,0.9603766094967778,0.9827610000063273,0.9689747846425733,0.9781140678737839,0.9649087196677849,0.9829998062485348,0.9812293459508135,0.9905014685392242,0.9806398439794431,0.8311824070041228,0.9857102425888751,0.9816096548930796,0.9481920495210514,0.9476054968716311,0.9785964532880959,0.9202878973961724,0.9852430883708742,0.9731845099098302,0.9711362497276935,0.9524648350722081,0.9634933123429706,0.9794072449798795,0.961228832595939,0.9717485956663269,0.9640702360486638,0.9755706709855562,0.9759703580754557,0.9424939955652786,0.9397352912785065,0.9858832592391099,0.9807026673480569,0.9689897835531276,0.9678578661381534,0.9833877206821283,0.9523564935389894,0.9685048510561597,0.9316117863292587,0.9471640185007794,0.9579198627263019,0.9614229211633921,0.9832704743487529,0.9202391948018582,0.9305781687952916,0.949371029726212,0.9861921611923231,0.9037297441797979,0.9682327065847789,0.9728348491880802,0.9836252597811405,0.9691546701691234,0.9539500662744944,0.9442952739623847,0.9887032584240556,0.9668236709922571,0.9575112106982936,0.9766951251993711,0.9864649128363481,0.9532207693802984
Barack_Obama,0.9941407109279681,0.9547873951321132,0.92186566917235,0.9603766094967778,1.0,0.9681150952624119,0.9614447078466481,0.9569499541334748,0.9812525210458783,0.9517706865943474,0.9711672695246969,0.9673647653854334,0.978367266793667,0.774645930335406,0.97089953246564,0.9378314484732396,0.9922659742312492,0.9181176637436865,0.9674835286740266,0.8813382556170162,0.9529823830738472,0.9677100370153467,0.9647797913998302,0.9404482666413685,0.9812127268920913,0.9780850833725081,0.9463090976769746,0.9776083665576745,0.9700746766524957,0.9609483888143165,0.9523677866826314,0.9736770079171213,0.8894241935508986,0.9565988612951097,0.9593724966599758,0.9832449867967961,0.9499923273282124,0.9755200116649962,0.9591277968490439,0.9735370795552262,0.9573997047555989,0.8989071638612012,0.994715423622818,0.9832312268143386,0.9607540490252248,0.9680692573440659,0.9730091710611088,0.9053308750881668,0.9771089198068226,0.8716265000631869,0.9839255686641634,0.9466635358190334,0.9674957522843955,0.956431222694967,0.9365475839569919,0.9604866386783633,0.9572112571678578,0.9618573172411669,0.9723004984730332,0.952193773240823,0.9587721725611508,0.9889678792125698
Bible,0.9648537144962301,0.9806750046469636,0.9752721712638908,0.9827610000063273,0.9681150952624119,1.0,0.9605162928763958,0.9773693288091433,0.9850811468348644,0.9832935680684295,0.9726647695525528,0.9829622676992522,0.988356229213305,0.8447922945770091,0.9805356412673931,0.9750446632911495,0.9491901466669113,0.9705224431341987,0.9775129720180092,0.93273306258831,0.9778721237325818,0.9888535000887145,0.9832660726844806,0.9676268424025696,0.9708009824898153,0.9846687535792388,0.9485419458641956,0.9871370194327537,0.9802330485510208,0.9639087714068532,0.9699735616912414,0.9351916216703156,0.9340590745450339,0.9827276426350672,0.9857282108419837,0.9606906594293639,0.9846022247187575,0.9865298902754717,0.9458572366828332,0.9531602965005925,0.9401971286830711,0.9424263398170177,0.9583225965117529,0.9690877891592525,0.9887729231444412,0.9211321000342126,0.9262402497875574,0.9559777840094726,0.984728165382803,0.9032055658042183,0.982336670889528,0.9813703809909864,0.9782804476696877,0.9809285726828105,0.9713108355860871,0.9634788641055626,0.982368184166229,0.9835240656100496,0.9753223950529466,0.978053381885705,0.9751850893784353,0.9644677343585554
Buddha,0.9731562797516135,0.9502678521681459,0.9505801478631443,0.9689747846425733,0.9614447078466481,0.9605162928763958,1.0,0.9929327515227204,0.9524731126329271,0.9832008614892048,0.9889932477445577,0.9716919490276636,0.9634849999871704,0.883003229316088,0.9557992653357626,0.9663569327925685,0.9581038282348328,0.9292673543503928,0.9727563518040329,0.953782776948707,0.983974462557463,0.9513242808247395,0.9703505140380057,0.9685774064313386,0.947202755117602,0.9586504016462806,0.9934175735710961,0.9627229512505525,0.9551430533086678,0.9949668330860857,0.9661239552204391,0.9595447671914566,0.9485758297054655,0.963392665648003,0.9586254733363755,0.9753780129244392,0.9637319291132844,0.9573380397672286,0.987799961083134,0.9909222334772271,0.8967292125460595,0.9306272490680128,0.9691379101349751,0.9390288839026518,0.9830521869288318,0.9302692465177509,0.9261683380777637,0.9590708318594912,0.9732425899494083,0.9314341689462671,0.9736935831899148,0.9528086958902414,0.971390573625669,0.9771223255615631,0.9412366545669475,0.9630953241801679,0.9499759828240976,0.9531345925958257,0.9231456056819934,0.9399649598509003,0.9891320256705114,0.9527713644792667
Buddhism,0.9643212679998105,0.970193085452415,0.9756017207223074,0.9781140678737839,0.9569499541334748,0.9773693288091433,0.9929327515227204,1.0,0.964851406273346,0.9937743468780393,0.9859293682233592,0.9841290155802959,0.9750649663714196,0.8992985358381058,0.9672531549569523,0.9804969767936094,0.9428176939822935,0.9600003399317876,0.9829268327464218,0.9652861534050142,0.9900519391298953,0.9701008235329497,0.983437876242354,0.9783121164915279,0.949567908347284,0.9731321293530686,0.9818783417236907,0.9760580237126224,0.9691887259532013,0.9874735195809117,0.9717119475118613,0.9412764017794598,0.9544380748246477,0.9787429708702545,0.9748136350503557,0.9659095742457102,0.9835060647012538,0.9705354053926243,0.972219453794862,0.9780085573222674,0.9096532001739439,0.945990201051032,0.959602646801684,0.9494550459629283,0.9947744542022267,0.9115387446826937,0.912618438619374,0.9762642198234062,0.9815328094738363,0.9273750207564371,0.9787781330490354,0.9747118555405642,0.984162466643707,0.9891614392188601,0.9564027453664308,0.9741482394217107,0.965058273784274,0.9702887411004633,0.9406626825421813,0.9622015101924754,0.9892983942157406,0.9493440502252323
China,0.9723099112919311,0.9768766838308509,0.9521525100350503,0.9649087196677849,0.9812525210458783,0.9850811468348644,0.9524731126329271,0.964851406273346,1.0,0.9630212428392678,0.9579387814697675,0.9731926968313513,0.9908800309321373,0.823719136278012,0.9708487538086973,0.9532963011310261,0.9616075246109573,0.9574338109542935,0.9814127771628801,0.9179107682367144,0.9541263984733765,0.9906232380900736,0.9751595421783302,0.967958691779122,0.9833892559215869,0.9917738017387616,0.933376235966386,0.996848887878897,0.9944157114395678,0.9502906880095435,0.9399187657228637,0.935285672463949,0.9031135321196586,0.9768531516452967,0.978963109899846,0.9541676564518417,0.9799861424732309,0.9815779618857245,0.9432072725919356,0.9518315330143319,0.972593411823593,0.9258829174180148,0.9748117755142047,0.9868835208808185,0.9775385058164526,0.9352208763403207,0.9380337504973272,0.9326864334916268,0.9830375145511357,0.8871034068618272,0.9940100954621168,0.9673505202394056,0.9798677250660749,0.9772198346793805,0.961298240854139,0.9751450061946159,0.9631542656244189,0.9858768907751044,0.9795099231357296,0.9757351590380067,0.9563843947182844,0.9717616188205292
Christianity,0.9593176409867843,0.9756678973377124,0.9826406637568805,0.9829998062485348,0.9517706865943474,0.9832935680684295,0.9832008614892048,0.9937743468780393,0.9630212428392678,1.0,0.9835656034844673,0.981819873421455,0.9744863012939364,0.8961691991286654,0.9703851792265714,0.9866989240063461,0.9350503484188114,0.9678568163194526,0.9795858881617452,0.9655830393538186,0.9904180367639285,0.9737128475189202,0.9793771609489289,0.979305108835257,0.9528614866180685,0.9731232570990102,0.9777793763286805,0.9743723764633859,0.9690701319399916,0.9828074915290521,0.976669774685987,0.9394865829466199,0.9635230218887653,0.9846009674956894,0.981392586159675,0.9634909993942017,0.9814334877875096,0.9691806791959967,0.9659786793606439,0.9717908322469281,0.9072872134084734,0.9602880458981488,0.951100973800507,0.9452800972513125,0.9955537364904268,0.9109061209434902,0.9147056598340866,0.981340803012043,0.9848507863721858,0.9352438220341642,0.9724448787036385,0.9806101773397161,0.9805601082038747,0.9878927212837371,0.9729226243026186,0.9618886216592504,0.9731409369280423,0.9733633347309973,0.9394563093298748,0.9663923382327388,0.9884952544815113,0.9446471589553069
Christmas,0.9823283014174372,0.9620043317632174,0.9610142488796791,0.9812293459508135,0.9711672695246969,0.9726647695525528,0.9889932477445577,0.9859293682233592,0.9579387814697675,0.9835656034844673,1.0,0.9802301204762932,0.9700572228402843,0.8511842888999204,0.9785564956487542,0.9779416517233974,0.9651346272459087,0.9346526859866697,0.9667093122201494,0.9294986409109443,0.9861549018494159,0.9617905579641937,0.9736936205716952,0.9541544397554698,0.9649889138324749,0.9673146841325277,0.98268650893818,0.964561328758834,0.9530099216587588,0.9895677185323148,0.9832742480599193,0.9740359339013511,0.9392026816065768,0.9703349072172027,0.9656070874139354,0.9899842281219355,0.9590349409148946,0.9703127116924402,0.9835953223777307,0.9893942951557956,0.900567773189277,0.9319741274593026,0.9741459035526358,0.9459188578684208,0.9814344942129295,0.9397794750410092,0.9378447663938356,0.9571169591088668,0.9812411178420963,0.9121249990752684,0.9691488138349311,0.9656391861429006,0.9711878231670088,0.9681244280733208,0.9567871248164755,0.9516373453927017,0.9711563041501345,0.9589672016345735,0.9438468479793379,0.9515343508550359,0.9850290301279929,0.9735848646762479
Dog,0.9637477120757352,0.9788814750154858,0.9716432477739149,0.9905014685392242,0.9673647653854334,0.9829622676992522,0.9716919490276636,0.9841290155802959,0.9731926968313513,0.981819873421455,0.9802301204762932,1.0,0.9842058991054162,0.8370511737661217,0.9890075988508177,0.9795101733804523,0.9489338196618401,0.9606870268953304,0.9851886133129814,0.9193623420444925,0.9832694609188106,0.9785962534838036,0.982635899319793,0.954017700606656,0.9622177482325401,0.9863579077119516,0.9546945955539246,0.9813402546965517,0.9715607484604537,0.9712936473590918,0.9715206732896757,0.9365649841078979,0.926049806916347,0.985332842083919,0.9793839722256009,0.9682033687625163,0.9758152439260166,0.9895447734672985,0.9465671146519502,0.9660500354267673,0.9422845582903384,0.9388867031380357,0.9631587524652823,0.9738946467169284,0.9867228489255379,0.9134198990372634,0.9265841094940743,0.9522184808489693,0.9883680001419994,0.8887014538427221,0.9768091184160229,0.9820988889444006,0.9924727994741367,0.9764588252583444,0.9465289583183669,0.9652668731745495,0.9835415012675726,0.9723829530737428,0.9704743474590257,0.9835944143646278,0.9809574148543441,0.9580189233628384
Earth,0.9708354016816618,0.9791178907830707,0.9671364155305928,0.9806398439794431,0.978367266793667,0.988356229213305,0.9634849999871704,0.9750649663714196,0.9908800309321373,0.9744863012939364,0.9700572228402843,0.9842058991054162,1.0,0.8375516485665639,0.9790652911269929,0.9619403499723883,0.9593777310476659,0.9589674023938288,0.9833760576825398,0.9243289156378504,0.9759056682563149,0.986660713710232,0.9865952491859525,0.9677539597012152,0.9777961621211028,0.9922283837592084,0.9480289885506822,0.9915522726955044,0.989989309796314,0.9611541223466494,0.9639263309673892,0.9401483147108352,0.9217286709491909,0.9882215908059491,0.987489380157359,0.9656640739336366,0.9799830655310326,0.9846897247247646,0.944369928726035,0.9609212398052421,0.9677614390442375,0.9456685333493228,0.9749859029520445,0.9813820002459331,0.98391713082673,0.9258293636808587,0.9329069302823043,0.9434015880723485,0.9905790242733812,0.8914273343643159,0.9901056671529954,0.9707808698430365,0.9888945451180112,0.9806240697662227,0.9572608854510596,0.9673383372746969,0.9752584500795375,0.9796180838116424,0.9810855700387249,0.9782607544481821,0.9707018646474501,0.9699262519632725
English_Language,0.7990989214279332,0.836405358159163,0.9093353042429241,0.8311824070041228,0.774645930335406,0.8447922945770091,0.883003229316088,0.8992985358381058,0.823719136278012,0.8961691991286654,0.8511842888999204,0.8370511737661217,0.8375516485665639,1.0,0.8045910579094494,0.8636168940022402,0.7500141030331403,0.8758037636644143,0.85912172339907,0.9526569269626577,0.8758070078753668,0.8423731767278883,0.8709543189624728,0.9227494491281587,0.7927293983556429,0.8270095625403195,0.8820346585241775,0.8495732012218467,0.852151188849909,0.8663765053071932,0.8234072855814172,0.770080245462059,0.9029114867184223,0.8722384530406174,0.8657906494719293,0.8000995212703724,0.8775600148503472,0.7965903178839971,0.8540101311471788,0.8404917819790528,0.73046079773839,0.8911975784948778,0.7985609007189526,0.767520165474856,0.897544344310379,0.733561618754828,0.720305814227512,0.9407298375810497,0.8554285360298927,0.8968032840667773,0.8459997268389025,0.8562201518000205,0.856513513062746,0.897684416387888,0.8578947346078617,0.8544045251094564,0.7971689516515797,0.8441222632369423,0.7506124330291473,0.8087754940315185,0.8666351971477304,0.7735390154324694
Europe,0.969439548305243,0.9822111406360319,0.9654187817537799,0.9857102425888751,0.97089953246564,0.9805356412673931,0.9557992653357626,0.9672531549569523,0.9708487538086973,0.9703851792265714,0.9785564956487542,0.9890075988508177,0.9790652911269929,0.8045910579094494,1.0,0.9690631394433631,0.9509973079143782,0.9413018656145001,0.9729962307286183,0.8924451225516586,0.9683289152476554,0.9837863146680205,0.9669381396409966,0.9400976542974093,0.9766783015849589,0.985208247815844,0.9384476242702988,0.9761044838930807,0.9638565547486841,0.9603566053544624,0.9738525326872295,0.9491651287744661,0.9079679586576439,0.9766328329057972,0.9720869167430274,0.9720373964693457,0.9593539603904648,0.9902880243944692,0.9396362203017236,0.9611810540415124,0.9369904069102305,0.9276644161754495,0.9635176895370949,0.9728338091967457,0.9724891584276589,0.9236991611467296,0.93829364370587,0.9386185033031784,0.9834191275486106,0.8799229752547922,0.9662873095316103,0.9839293263130299,0.9821903673048448,0.9620167360499536,0.9548079505278563,0.9551937238460083,0.9877573453993346,0.9705292627397804,0.9732624412531385,0.9792741616922223,0.9633249231394105,0.9703780010990956
Eye,0.9459253364863188,0.9712655384672692,0.9735529656402355,0.9816096548930796,0.9378314484732396,0.9750446632911495,0.9663569327925685,0.9804969767936094,0.9532963011310261,0.9866989240063461,0.9779416517233974,0.9795101733804523,0.9619403499723883,0.8636168940022402,0.9690631394433631,1.0,0.9179967278082293,0.9655677096465116,0.9617811340429584,0.94476874034439,0.9808822585562379,0.9615304180524754,0.9705629943142556,0.9525590338792923,0.9429164220258092,0.9664686311387509,0.957285698136264,0.9617136014702119,0.9556101147945136,0.965134381645454,0.9648870957844944,0.9250799317434703,0.9394148032131273,0.979074509991072,0.9739343923809824,0.9512442480911132,0.973242180641501,0.9635162359085625,0.9534300222168298,0.9592331923037681,0.898193262209236,0.945124690087582,0.9351539420824971,0.9333621141235818,0.9822745736635096,0.8844016518010314,0.8870543316890391,0.9740345466933625,0.9747943651873034,0.8931407165138475,0.9550279677226453,0.9719850183273395,0.9674227226491261,0.9666942776490504,0.9706849538843135,0.9388308698606528,0.9750491614298796,0.9596643121330812,0.9368982816824566,0.9701886502708353,0.9764525954243699,0.936650118123806
George_W._Bush,0.9888480230703591,0.9277553071367197,0.8927615958746148,0.9481920495210514,0.9922659742312492,0.9491901466669113,0.9581038282348328,0.9428176939822935,0.9616075246109573,0.9350503484188114,0.9651346272459087,0.9489338196618401,0.9593777310476659,0.7500141030331403,0.9509973079143782,0.9179967278082293,1.0,0.8868301140826491,0.9521701688078433,0.8651217725108571,0.9425398500580868,0.942117117861422,0.943260752155739,0.9243444978614279,0.9682576446456261,0.9551728012150853,0.9505479075058771,0.9553914288842776,0.9467529435902321,0.9630997284486429,0.9410318076241473,0.979567194675789,0.8870769425457137,0.9346667699968065,0.9378615516061077,0.9805928784320557,0.9258393252493671,0.958078664935861,0.9655557398700884,0.972124366913652,0.9357602924814967,0.8805942138986891,0.991335226434241,0.96367279484572,0.9438195049148086,0.9792026058756375,0.9781590186088842,0.8784981306342197,0.9602813334724832,0.8731081862681584,0.9713203113986446,0.9190842658215417,0.9465565592535464,0.9384103696530852,0.9144180299879688,0.9379802043592003,0.9389753130569384,0.9407110386446197,0.9482844046078015,0.9243910969533133,0.9563335580060629,0.9802943202895951
Ghana,0.9087091614542283,0.9684431383406589,0.9717761611875447,0.9476054968716311,0.9181176637436865,0.9705224431341987,0.9292673543503928,0.9600003399317876,0.9574338109542935,0.9678568163194526,0.9346526859866697,0.9606870268953304,0.9589674023938288,0.8758037636644143,0.9413018656145001,0.9655677096465116,0.8868301140826491,1.0,0.9546995905385782,0.9470093802873144,0.9582328404585447,0.9609628406148413,0.9717440959382501,0.956465592483433,0.9189229133642768,0.9613173586815683,0.912041918850665,0.962268225553618,0.9641443193820902,0.9209341170958184,0.92936225387067,0.8651914961424788,0.9287609677192334,0.9692013293743262,0.9755833344281158,0.9049412339968461,0.9797313203523744,0.9521942503359913,0.904413414043932,0.9057660363872643,0.9156589175802614,0.9538094921456447,0.9068937630254086,0.9342801006783751,0.9727889512542189,0.8498329163466997,0.8562688424694508,0.9646830310736305,0.957192537686169,0.8658302649661853,0.9528962609275454,0.9685713233576904,0.9565929370452505,0.9664123704785189,0.9569561313180672,0.9415638044398852,0.9495390582859125,0.9609713073801844,0.9416356563451231,0.9721427006318611,0.9440600363536741,0.9057391040483507
Gold,0.9610410986131513,0.9762925375856354,0.9600542562414938,0.9785964532880959,0.9674835286740266,0.9775129720180092,0.9727563518040329,0.9829268327464218,0.9814127771628801,0.9795858881617452,0.9667093122201494,0.9851886133129814,0.9833760576825398,0.85912172339907,0.9729962307286183,0.9617811340429584,0.9521701688078433,0.9546995905385782,1.0,0.9417620322180074,0.9718811738503117,0.9846286980965335,0.9700085800320255,0.9800813680195182,0.9679042864924204,0.9900859343875662,0.95900484968876,0.989050895399603,0.9865845672115866,0.9739584396622724,0.9477076701124689,0.9321344150031136,0.9404396544673308,0.9853672863447308,0.979833295585774,0.9539255785074457,0.9770028896570501,0.9792333899623928,0.9513531237456241,0.9641732993250551,0.9559433624085292,0.9485229024219675,0.9674246437987442,0.9793935829916705,0.9872350183557768,0.9326568670118538,0.9427865872765229,0.9515516426920604,0.9874008574203335,0.9307815557120651,0.9882566794199479,0.976270103341782,0.9946163111303308,0.9865263528376554,0.9492601705679381,0.9788861967115395,0.9681691055220033,0.9827262701727538,0.951941039369686,0.9744312148015392,0.9785802145129232,0.9457782998129354
Hinduism,0.8924348478554912,0.9303302825337076,0.94836102913556,0.9202878973961724,0.8813382556170162,0.93273306258831,0.953782776948707,0.9652861534050142,0.9179107682367144,0.9655830393538186,0.9294986409109443,0.9193623420444925,0.9243289156378504,0.9526569269626577,0.8924451225516586,0.94476874034439,0.8651217725108571,0.9470093802873144,0.9417620322180074,1.0,0.9513621263919934,0.9251664888605357,0.9389799134892077,0.9799814343755093,0.8911611840217731,0.9209665715832671,0.9515301541721757,0.9319223087309203,0.939062339841938,0.9445088540368302,0.907091749417214,0.8648467817748516,0.9665038772770573,0.9437098852687331,0.942370587181794,0.8866420950749136,0.9550868753982508,0.8999765711494884,0.9357817403640493,0.9203638288513216,0.8479858655844847,0.9484010832157237,0.8903177643211115,0.8762411299492078,0.9635221298014052,0.8427334043505565,0.8315878387474258,0.9760473797511515,0.9305401268734913,0.9448980488756867,0.9368259586067597,0.9314071424054229,0.9314846638393982,0.9664827931581759,0.9424765430880754,0.9325297681387187,0.9037175122876668,0.9351607748376957,0.8580242866717193,0.9121709125715931,0.9491088128397408,0.8669169351581932
Human,0.9565278631812315,0.9621899050838401,0.9726828898023796,0.9852430883708742,0.9529823830738472,0.9778721237325818,0.983974462557463,0.9900519391298953,0.9541263984733765,0.9904180367639285,0.9861549018494159,0.9832694609188106,0.9759056682563149,0.8758070078753668,0.9683289152476554,0.9808822585562379,0.9425398500580868,0.9582328404585447,0.9718811738503117,0.9513621263919934,1.0,0.9581609308873332,0.9850996834441094,0.9637899508198045,0.941544013705985,0.9666028474609966,0.9789823507848096,0.962116926360763,0.9593627804354969,0.9825072561355033,0.9799585948645312,0.940936419777904,0.9606904308260094,0.9804821836373293,0.9806481263495749,0.9669264538482506,0.970804909192668,0.967391076807397,0.9623435579735472,0.9712471084937806,0.9094438455296338,0.9567796687983261,0.9538705199607416,0.9412067972461524,0.9871961733953432,0.9046153752316515,0.9089381577797162,0.9680112687349082,0.9817422511439412,0.9126336589730685,0.9677955906360582,0.9651707178501975,0.9759260792243534,0.9781751111594488,0.9496262284932946,0.946162174501738,0.9717745240385195,0.9550886967913473,0.9425839423895138,0.9600473858700838,0.992571810334631,0.9448934276632727
India,0.9629984556118886,0.989986451710461,0.9715354015328832,0.9731845099098302,0.9677100370153467,0.9888535000887145,0.9513242808247395,0.9701008235329497,0.9906232380900736,0.9737128475189202,0.9617905579641937,0.9785962534838036,0.986660713710232,0.8423731767278883,0.9837863146680205,0.9615304180524754,0.942117117861422,0.9609628406148413,0.9846286980965335,0.9251664888605357,0.9581609308873332,1.0,0.9697819666615995,0.9708356520865447,0.9829668445392761,0.9933676646175041,0.9325058482156637,0.9945160391395678,0.9878905320297611,0.9529374368251576,0.9537308940521518,0.9287231230370288,0.9162454101038104,0.9814752307035732,0.9795122317887304,0.9516531848254735,0.9794040687502251,0.9866412194131715,0.9358813869984053,0.9479515206923377,0.953450167617885,0.9368622945277009,0.9599721536587424,0.980005150502631,0.9823957077242678,0.9239513291323919,0.9315997627749348,0.9501517351846908,0.9832459278802169,0.9071011954143593,0.9835167299868023,0.9883442133697479,0.9856103900841743,0.9799309395557103,0.9714137457567158,0.978178499126329,0.9769036525412855,0.992681152645704,0.9727770072424544,0.9821499794747093,0.9568043034735817,0.9622597750635088
Internet,0.9618947951922115,0.9662055481604747,0.9749075857097739,0.9711362497276935,0.9647797913998302,0.9832660726844806,0.9703505140380057,0.983437876242354,0.9751595421783302,0.9793771609489289,0.9736936205716952,0.982635899319793,0.9865952491859525,0.8709543189624728,0.9669381396409966,0.9705629943142556,0.943260752155739,0.9717440959382501,0.9700085800320255,0.9389799134892077,0.9850996834441094,0.9697819666615995,1.0,0.9639960046037549,0.9499917648693308,0.9758193228412768,0.9534341886888813,0.9788485537292211,0.9759922878923254,0.9603992186804938,0.965886589340351,0.9286738783527848,0.9287701779197454,0.9800530475090099,0.9848361109192955,0.9610793791347898,0.9817992039722195,0.972356405735859,0.9451174356994223,0.9574827169210434,0.9357799451809274,0.9375932928172726,0.9621133227138178,0.9601235538171992,0.986164920241631,0.8989415479673678,0.9032013487069067,0.9608490068646272,0.9832056732528234,0.8765437830832288,0.9807728832113833,0.9670645446861714,0.9778583487824757,0.9825227377874359,0.9497980280062784,0.963372077534984,0.9631728088376255,0.9659708805762917,0.9693262514508293,0.9662611855812425,0.9737170661573423,0.9594141264863496
Iran,0.9433609887579326,0.9621627794757484,0.9640848992520095,0.9524648350722081,0.9404482666413685,0.9676268424025696,0.9685774064313386,0.9783121164915279,0.967958691779122,0.979305108835257,0.9541544397554698,0.954017700606656,0.9677539597012152,0.9227494491281587,0.9400976542974093,0.9525590338792923,0.9243444978614279,0.956465592483433,0.9800813680195182,0.9799814343755093,0.9637899508198045,0.9708356520865447,0.9639960046037549,1.0,0.9513924129551307,0.9665239684276217,0.9628469540545953,0.9766854030379166,0.980759071698686,0.9661119976388214,0.9319472638636173,0.9148403286588153,0.9638483810134638,0.9751982466665777,0.973264094602077,0.9308472015483322,0.9731885492788225,0.9450652960968972,0.9544590341690414,0.9512891254562957,0.9184236832144687,0.9588356650450653,0.9469680828516743,0.9407056620960247,0.9847563085749381,0.9095796729512442,0.9069709009801149,0.971371778757549,0.9718176278486493,0.9557559139651366,0.9788496943333447,0.9607023683117891,0.9699995189018944,0.9903617213026698,0.9632452117676487,0.9674273935509965,0.9383556919136208,0.9741802117731272,0.9157473531322448,0.9452645272991377,0.9676660585980267,0.9244794865613
Iraq,0.979872031411696,0.971068731636802,0.9380623498738635,0.9634933123429706,0.9812127268920913,0.9708009824898153,0.947202755117602,0.949567908347284,0.9833892559215869,0.9528614866180685,0.9649889138324749,0.9622177482325401,0.9777961621211028,0.7927293983556429,0.9766783015849589,0.9429164220258092,0.9682576446456261,0.9189229133642768,0.9679042864924204,0.8911611840217731,0.941544013705985,0.9829668445392761,0.9499917648693308,0.9513924129551307,1.0,0.9822662008011378,0.9335530355371542,0.9817918174232282,0.9738430339093044,0.9528220707679685,0.9473389952126151,0.9593086835285961,0.8971558528185775,0.9666880962721289,0.9609689241868755,0.969250192813542,0.9464909477134651,0.9739031628205828,0.9501672444702789,0.9593755302053487,0.9507103044767211,0.9127013854429479,0.9796138224146435,0.9757870134923508,0.9621122713915226,0.9621174140129787,0.9611730410473015,0.9187634071818637,0.9761301996581567,0.8991069626258372,0.9784715713488282,0.9624086181247472,0.9669986064347051,0.9573154830909215,0.963640414129689,0.9573308179669817,0.9674003354588583,0.9789857150269465,0.9629741984553293,0.9572612167240845,0.9472744891678364,0.9797305275864865
Iron,0.9688485713863139,0.9886636387302806,0.9633294197723863,0.9794072449798795,0.9780850833725081,0.9846687535792388,0.9586504016462806,0.9731321293530686,0.9917738017387616,0.9731232570990102,0.9673146841325277,0.9863579077119516,0.9922283837592084,0.8270095625403195,0.985208247815844,0.9664686311387509,0.9551728012150853,0.9613173586815683,0.9900859343875662,0.9209665715832671,0.9666028474609966,0.9933676646175041,0.9758193228412768,0.9665239684276217,0.9822662008011378,1.0,0.9391539975354741,0.9942354625739158,0.9917696590828001,0.9572813750634884,0.9544190110135107,0.9366543886080987,0.9170407879600652,0.9883135071953063,0.9856173042794334,0.9598736410664856,0.977452506760652,0.988407370382848,0.9412546697114356,0.9584163688225112,0.9712124409921261,0.9435811438978239,0.9724103207934449,0.9890073117144318,0.9817256506006852,0.9307157282886992,0.940896143860449,0.9469086566947307,0.9899212723496167,0.8939845690493701,0.9875371543722677,0.9811639313766266,0.9922861327650477,0.9772612456634312,0.9630779910913633,0.9745247296286773,0.9806938895607493,0.9862549048006516,0.9765510584667556,0.9875697528291023,0.9650623931781152,0.9640013006884018
Islam,0.9626079441066151,0.9308211948665559,0.9375100349985717,0.961228832595939,0.9463090976769746,0.9485419458641956,0.9934175735710961,0.9818783417236907,0.933376235966386,0.9777793763286805,0.98268650893818,0.9546945955539246,0.9480289885506822,0.8820346585241775,0.9384476242702988,0.957285698136264,0.9505479075058771,0.912041918850665,0.95900484968876,0.9515301541721757,0.9789823507848096,0.9325058482156637,0.9534341886888813,0.9628469540545953,0.9335530355371542,0.9391539975354741,1.0,0.9432433118731401,0.9385757214099869,0.9953188159218617,0.9610637434962493,0.9617577714593218,0.9594271346696133,0.9521448657672967,0.9456804937077128,0.9680318620112524,0.9460093493516109,0.9359148294581424,0.9895819816221351,0.987829825843335,0.8727866162194498,0.9329380290122989,0.9574624020512806,0.9143078352205047,0.9726674516721396,0.9272918533259434,0.9211980289024209,0.9494497729552674,0.9640046981724043,0.9437105721690083,0.9584053449578789,0.9323468728816386,0.9544934816823638,0.9658228605327625,0.933286779672042,0.9371242358444696,0.9345333756376765,0.9358652923874424,0.8964817806163295,0.9170964534463552,0.9872437528780066,0.9391141191102584
Italy,0.9717199023149101,0.9829669047727786,0.9647344885056739,0.9717485956663269,0.9776083665576745,0.9871370194327537,0.9627229512505525,0.9760580237126224,0.996848887878897,0.9743723764633859,0.964561328758834,0.9813402546965517,0.9915522726955044,0.8495732012218467,0.9761044838930807,0.9617136014702119,0.9553914288842776,0.962268225553618,0.989050895399603,0.9319223087309203,0.962116926360763,0.9945160391395678,0.9788485537292211,0.9766854030379166,0.9817918174232282,0.9942354625739158,0.9432433118731401,1.0,0.9949660077326089,0.9597664406978573,0.9477587301398845,0.9338548534306063,0.9167748009936025,0.9834937031732478,0.9815599418129578,0.957310867828751,0.9850935460733309,0.9840931076125982,0.9473907396079656,0.9587771678046679,0.9644331753719988,0.9353466511093848,0.9731770964383121,0.9853013126921036,0.9867839779030337,0.9309414534524246,0.9366546811884383,0.9485068529463564,0.9871526206605846,0.9040526584825688,0.9942482730451013,0.9781731175553354,0.9889558850574612,0.985112944356232,0.9642894723711958,0.9835286158619213,0.9680563084096093,0.9901401022092244,0.9741734431159049,0.9796908496882013,0.9648989546596326,0.9665451530894758
Japan,0.960409134872315,0.9791734278628421,0.956899720935001,0.9640702360486638,0.9700746766524957,0.9802330485510208,0.9551430533086678,0.9691887259532013,0.9944157114395678,0.9690701319399916,0.9530099216587588,0.9715607484604537,0.989989309796314,0.852151188849909,0.9638565547486841,0.9556101147945136,0.9467529435902321,0.9641443193820902,0.9865845672115866,0.939062339841938,0.9593627804354969,0.9878905320297611,0.9759922878923254,0.980759071698686,0.9738430339093044,0.9917696590828001,0.9385757214099869,0.9949660077326089,1.0,0.9507739480312518,0.9352850587906718,0.9223986965171536,0.9224823384884385,0.9837093372619385,0.9847607867196133,0.9418268178292649,0.9814293995454243,0.9728215947808689,0.9392972861864671,0.9501852788568178,0.9729490487652132,0.944673121262626,0.9668869938622845,0.9808382918647992,0.9803810243418998,0.9188012173483852,0.9245046323207973,0.9460404368434896,0.9844938383113709,0.9012142985694795,0.9922630239348228,0.9668708022573961,0.9841505794508786,0.9848595685687754,0.9613723789165299,0.9749807987526372,0.9584360639215934,0.9835790009411333,0.9653382737669837,0.9766984028886928,0.9593246424696837,0.9528974849485566
Jesus,0.9728895040819696,0.9491699732011103,0.9478557813710968,0.9755706709855562,0.9609483888143165,0.9639087714068532,0.9949668330860857,0.9874735195809117,0.9502906880095435,0.9828074915290521,0.9895677185323148,0.9712936473590918,0.9611541223466494,0.8663765053071932,0.9603566053544624,0.965134381645454,0.9630997284486429,0.9209341170958184,0.9739584396622724,0.9445088540368302,0.9825072561355033,0.9529374368251576,0.9603992186804938,0.9661119976388214,0.9528220707679685,0.9572813750634884,0.9953188159218617,0.9597664406978573,0.9507739480312518,1.0,0.9693021904579999,0.9669145170749575,0.9573724762711184,0.9629365569417649,0.9558909543532831,0.9770152549669511,0.9565538065106236,0.9589690416759044,0.9887626368665352,0.990254248662097,0.894391355302679,0.9327545700690238,0.96851056649034,0.9376699751228105,0.9808623529880043,0.9409863017407766,0.9395230411355029,0.9495184733764028,0.9743993990867146,0.9439995822491001,0.970280827203064,0.9526160253112634,0.9695212001575535,0.9734862809416832,0.9424749482998511,0.9532266321114715,0.9552405098694998,0.955079131641232,0.9201471133303276,0.937769983349442,0.992797749551403,0.9531129156927879
Judaism,0.961977822522447,0.9616761008928627,0.9618234280662786,0.9759703580754557,0.9523677866826314,0.9699735616912414,0.9661239552204391,0.9717119475118613,0.9399187657228637,0.976669774685987,0.9832742480599193,0.9715206732896757,0.9639263309673892,0.8234072855814172,0.9738525326872295,0.9648870957844944,0.9410318076241473,0.92936225387067,0.9477076701124689,0.907091749417214,0.9799585948645312,0.9537308940521518,0.965886589340351,0.9319472638636173,0.9473389952126151,0.9544190110135107,0.9610637434962493,0.9477587301398845,0.9352850587906718,0.9693021904579999,1.0,0.9554145115651362,0.9286064341501652,0.9569757180005463,0.9546626311505333,0.9771865430431836,0.9492122063069219,0.9692039085637524,0.9502828662816698,0.9651639492790117,0.884847197643341,0.9187481258195369,0.9476754025000339,0.9341449087911164,0.9683248303491827,0.9095606807170152,0.9141389522435398,0.9407930908205664,0.9658376712863483,0.8831308790583268,0.9491593455744477,0.9642241111913941,0.9596881041419375,0.9577213418940781,0.9474333924347732,0.9370239914181521,0.9762107334844996,0.9493686579761577,0.9496410541800646,0.9479984030436994,0.9702809099685372,0.960362850790494
Julius_Caesar,0.9875206026995406,0.9180596375474818,0.9000524297729742,0.9424939955652786,0.9736770079171213,0.9351916216703156,0.9595447671914566,0.9412764017794598,0.935285672463949,0.9394865829466199,0.9740359339013511,0.9365649841078979,0.9401483147108352,0.770080245462059,0.9491651287744661,0.9250799317434703,0.979567194675789,0.8651914961424788,0.9321344150031136,0.8648467817748516,0.940936419777904,0.9287231230370288,0.9286738783527848,0.9148403286588153,0.9593086835285961,0.9366543886080987,0.9617577714593218,0.9338548534306063,0.9223986965171536,0.9669145170749575,0.9554145115651362,1.0,0.8891992351504128,0.9262158804124317,0.9214583519096207,0.9875203098910599,0.9068663022826565,0.9359380310221359,0.9745243600503309,0.9826898366835426,0.8866009816693114,0.8802898451126646,0.9783456293430609,0.9288298767649426,0.9356019840995288,0.9640676647014167,0.9624632149837605,0.8912184504379198,0.9554999836563053,0.8823598687572833,0.9462422417113773,0.9136844896725157,0.9327130555924932,0.9266761904460816,0.922667274299237,0.9164938611576228,0.9303888134765013,0.9223038051479313,0.9187999474780075,0.9005771825937264,0.9498658187369085,0.9782744746078351
Koran,0.896323913920077,0.9273418223977934,0.939585331616093,0.9397352912785065,0.8894241935508986,0.9340590745450339,0.9485758297054655,0.9544380748246477,0.9031135321196586,0.9635230218887653,0.9392026816065768,0.926049806916347,0.9217286709491909,0.9029114867184223,0.9079679586576439,0.9394148032131273,0.8870769425457137,0.9287609677192334,0.9404396544673308,0.9665038772770573,0.9606904308260094,0.9162454101038104,0.9287701779197454,0.9638483810134638,0.8971558528185775,0.9170407879600652,0.9594271346696133,0.9167748009936025,0.9224823384884385,0.9573724762711184,0.9286064341501652,0.8891992351504128,1.0,0.9462735269036643,0.942800056750863,0.9051117176807982,0.9283551675039324,0.9054689222838987,0.9368827632992103,0.9264827266053848,0.8488145880440392,0.9612871233540053,0.9004703669727607,0.8773242202390271,0.9542359941873697,0.8683140856238566,0.8712120774155362,0.9532959005649042,0.9347107381093723,0.943774593648409,0.9260432959676241,0.9275823172509011,0.9280393815954621,0.9537171840639028,0.9324525234752833,0.9015686146783,0.9217471997272083,0.9290386354834728,0.8560622187500271,0.9078303312669112,0.9634413762457026,0.8687631970561284
