,Adolf_Hitler,Africa,Asia,Association_football,Barack_Obama,Bible,Buddha,Buddhism,China,Christianity,Christmas,Dog,Earth,English_Language,Europe,Eye,George_W._Bush,Ghana,Gold,Hinduism,Human,India,Internet,Iran,Iraq,Iron,Islam,Italy,Japan,Jesus,Judaism,Julius_Caesar,Koran,Maize,Milk,Mohandas_Karamchand_Gandhi,Money,Moon,Moses,Muhammad,New_York_City,Niger,Osama_Bin_Laden,Paris,Periodic_table,Pope_Benedict_XVI,Pope_John_Paul_II,Religion,Rice,Roman_Catholic_Church,Rome,Russia,Silver,South_Africa,South_America,Soviet_Union,Sun,United_Kingdom,United_States,Water,Wikipedia,World_War_II
Adolf_Hitler,0,0.0,0.0,0.0,0,0.0,0.0,0,0.0,0,0.0,0.0,0.0,0.0,0.0,0.0,0,0.0,0,0,0,0.0,0.0,0.0,0.0,0,0.0,0.0,0.0,0.0,0,0.0,0.0,0,0,0,0.0,0,0,0.0,0,0.0,0,0.0,0,0,0,0,0,0,0.0,0.0,0,0.0,0.0,0.0,0.0,0.0,0.0,0.0,0.0,0.0
Africa,0,1.0,0.8500465427018965,0.5606889695355783,0,0.9566032790938318,0.9246073875307607,0,0.6062447089322472,0,0.927348449312712,0.5016571463888281,0.9496354552789514,0.8222068953693709,0.9379500917137729,0.5117957927754242,0,0.4768651829131161,0,0,0,0.5354171370573668,0.9708979836259708,0.5809002514698405,0.506109735646418,0,0.954521731944062,0.9239473682087479,0.5514092257951639,0.9039317810708498,0,0.5092303841755701,0.9370814803489775,0,0,0,0.6069223444855214,0,0,0.9244815461671837,0,0.47796380938918226,0,0.6391582643164281,0,0,0,0,0,0,0.6647635529294333,0.5732112879084751,0,0.4966337708290027,0.9673285922370873,0.6045584887278915,0.9647543320385824,0.8856137078704099,0.9880270323766293,0.44612653794452795,0.9581034859931518,0.965156660694715
Asia,0,0.8500465427018965,1.0,0.6708481148191886,0,0.8532345097735932,0.8900596714629284,0,0.5812730069013577,0,0.7939938630585395,0.6385508568141008,0.8258447976100742,0.7377189468456499,0.8926602889995244,0.6561867415266417,0,0.7053157339975265,0,0,0,0.6487300740092935,0.798810637238124,0.6730277563787909,0.6639963997439069,0,0.8400300097644864,0.8790279976559242,0.8021720847815146,0.860224187836737,0,0.58117775602466,0.8084839275784518,0,0,0,0.6751555818345515,0,0,0.7728215401990652,0,0.7066720076748174,0,0.7537190297653584,0,0,0,0,0,0,0.7053265619225245,0.700926746630731,0,0.7105712845647597,0.8586620369838702,0.7269530619870268,0.8385913990511891,0.7876147779383437,0.8558388451597533,0.6267347654239085,0.8578647767752448,0.7915448464870513
Association_football,0,0.5606889695355783,0.6708481148191886,1.0,0,0.5824514550232086,0.6444854500234979,0,0.4533195363651628,0,0.6630477020592302,0.8914003559538187,0.5571400446164669,0.6011333973099161,0.619925019153208,0.7930905553545756,0,0.3969833908098076,0,0,0,0.7435223956449146,0.5101887649051117,0.5835585150955649,0.5580809183750252,0,0.5275027259900974,0.5596946846538687,0.6273452808679364,0.5554954922486548,0,0.6575959492214292,0.5572112968110887,0,0,0,0.6495924548932419,0,0,0.49822257427054817,0,0.39732992619017277,0,0.8012687981316089,0,0,0,0,0,0,0.6199874066337029,0.5782951966127113,0,0.39397217545900537,0.5723741190574211,0.6603302477064307,0.6071996901687029,0.5001048188075512,0.5589706577373841,0.5881716976750462,0.5544969956629305,0.5059593341616158
Barack_Obama,0,0.0,0.0,0.0,0,0.0,0.0,0,0.0,0,0.0,0.0,0.0,0.0,0.0,0.0,0,0.0,0,0,0,0.0,0.0,0.0,0.0,0,0.0,0.0,0.0,0.0,0,0.0,0.0,0,0,0,0.0,0,0,0.0,0,0.0,0,0.0,0,0,0,0,0,0,0.0,0.0,0,0.0,0.0,0.0,0.0,0.0,0.0,0.0,0.0,0.0
Bible,0,0.9566032790938318,0.8532345097735932,0.5824514550232086,0,1.0,0.9492275680087665,0,0.6673319720238414,0,0.944006436778493,0.5236306472375047,0.9378320974115335,0.7758801774444581,0.94148411210393,0.5598991961996556,0,0.6111351825312209,0,0,0,0.5820004802601683,0.9389176988987725,0.6277723162289448,0.5504537121938102,0,0.959246702293159,0.9512015543949637,0.652676734176962,0.9081690151148856,0,0.5741963884746346,0.9094475922463876,0,0,0,0.6845991345041932,0,0,0.9176213145444538,0,0.6114485005072794,0,0.6298804304508524,0,0,0,0,0,0,0.6910947404650882,0.6262030483811938,0,0.6308458474191514,0.9642178135478154,0.6736106024856605,0.9470328859805837,0.903869448654935,0.9670058996419829,0.49172252823733775,0.9608573945052264,0.9639279842846303
Buddha,0,0.9246073875307607,0.8900596714629284,0.6444854500234979,0,0.9492275680087665,1.0,0,0.739233617412436,0,0.8878243514451253,0.6316766174015851,0.8798504595133813,0.7204173724939679,0.9110268034805571,0.7020904842685636,0,0.5911380777823597,0,0,0,0.719864926908274,0.8703410321254673,0.7622891649542044,0.609456188586972,0,0.9208108074362227,0.9200504504390267,0.7373595982091999,0.8992971099193766,0,0.6926760958499624,0.891309903350709,0,0,0,0.783507587722351,0,0,0.8566510996538259,0,0.5936537708442129,0,0.7390795985855163,0,0,0,0,0,0,0.757273193404328,0.7672634406141686,0,0.608960393539108,0.9030792434461818,0.7534071657280694,0.9024124687031149,0.8700851703267515,0.91662618855518,0.6415181337861351,0.931265807230734,0.901927422457414
Buddhism,0,0.0,0.0,0.0,0,0.0,0.0,0,0.0,0,0.0,0.0,0.0,0.0,0.0,0.0,0,0.0,0,0,0,0.0,0.0,0.0,0.0,0,0.0,0.0,0.0,0.0,0,0.0,0.0,0,0,0,0.0,0,0,0.0,0,0.0,0,0.0,0,0,0,0,0,0,0.0,0.0,0,0.0,0.0,0.0,0.0,0.0,0.0,0.0,0.0,0.0
China,0,0.6062447089322472,0.5812730069013577,0.4533195363651628,0,0.6673319720238414,0.739233617412436,0,1.0,0,0.6178434247090357,0.5763539780776887,0.45959930360909956,0.37904902178945166,0.6421655395208495,0.5938556868486718,0,0.47894704483015804,0,0,0,0.7918075824648958,0.47940088355874,0.9099883613178742,0.52678658400752,0,0.5452034348784376,0.6073796450099312,0.6820042482662665,0.5676462121975466,0,0.9191450300180578,0.5209316694553834,0,0,0,0.8489999351458408,0,0,0.4090686116111948,0,0.4859417837755643,0,0.655399234784421,0,0,0,0,0,0,0.7737305757377162,0.818201168547059,0,0.5200300773385533,0.5832712625801407,0.7431681173023454,0.5317184211069672,0.7643540724027301,0.603468431388956,0.7046642634176441,0.5546425538475397,0.5426442960641341
Christianity,0,0.0,0.0,0.0,0,0.0,0.0,0,0.0,0,0.0,0.0,0.0,0.0,0.0,0.0,0,0.0,0,0,0,0.0,0.0,0.0,0.0,0,0.0,0.0,0.0,0.0,0,0.0,0.0,0,0,0,0.0,0,0,0.0,0,0.0,0,0.0,0,0,0,0,0,0,0.0,0.0,0,0.0,0.0,0.0,0.0,0.0,0.0,0.0,0.0,0.0
Christmas,0,0.927348449312712,0.7939938630585395,0.6630477020592302,0,0.944006436778493,0.8878243514451253,0,0.6178434247090357,0,1.0,0.5702674092325344,0.9231558853687701,0.8254637525659396,0.9466424321325652,0.5308128625815007,0,0.5060752164318553,0,0,0,0.5501151484935554,0.9130150752006397,0.5897494804141094,0.6075129743894547,0,0.9298475955966833,0.9114816556107627,0.5598401378274317,0.8429919921843059,0,0.56016134970642,0.8824311730526483,0,0,0,0.6726359978592257,0,0,0.8944323195993366,0,0.5064788084250746,0,0.6428389725284784,0,0,0,0,0,0,0.6790180953188891,0.5565492437975735,0,0.5256526849447977,0.940739450648025,0.6545344150970582,0.9358252774133666,0.8727474614786868,0.9467643807433536,0.45330701466514567,0.9242938448202712,0.9339426057626655
Dog,0,0.5016571463888281,0.6385508568141008,0.8914003559538187,0,0.5236306472375047,0.6316766174015851,0,0.5763539780776887,0,0.5702674092325344,1.0,0.47065646073131046,0.4472135954999579,0.5229546460469836,0.8563488385776753,0,0.41675199686203546,0,0,0,0.8563488385776753,0.4065334685826547,0.741940826802374,0.5179323973782372,0,0.43915964474397745,0.4586272179294161,0.7389637445303641,0.526030245261659,0,0.7745966692414834,0.47991284346019025,0,0,0,0.7883561227922861,0,0,0.34973306018701006,0,0.42252132466123205,0,0.8035839261936375,0,0,0,0,0,0,0.669438681395203,0.752548979356139,0,0.4168474525604294,0.48667257677292647,0.848528137423857,0.505546790866855,0.42666196518331173,0.4817281318102131,0.769800358919501,0.45757692150744184,0.387057498243368
Earth,0,0.9496354552789514,0.8258447976100742,0.5571400446164669,0,0.9378320974115335,0.8798504595133813,0,0.45959930360909956,0,0.9231558853687701,0.47065646073131046,1.0,0.8201957440404475,0.8938595941257326,0.4799396742255997,0,0.4981442557911315,0,0,0,0.4438151826172212,0.965963926998224,0.48315056904459724,0.46746453457765885,0,0.9768803119366428,0.9191925511979354,0.5306777920096746,0.9040777879809054,0,0.4065029113820249,0.9562688903498219,0,0,0,0.553339539841505,0,0,0.9685032502093724,0,0.4983409652848541,0,0.5563123133528767,0,0,0,0,0,0,0.6051388741269558,0.504882775574242,0,0.5063470631098722,0.9557168393339511,0.5952979665356471,0.984430156355889,0.7896817287207883,0.9570828493943608,0.42482300573514803,0.9573798131302544,0.9638041430273465
English_Language,0,0.8222068953693709,0.7377189468456499,0.6011333973099161,0,0.7758801774444581,0.7204173724939679,0,0.37904902178945166,0,0.8254637525659396,0.4472135954999579,0.8201957440404475,1.0,0.8366168139716661,0.4061811972299616,0,0.3253039650937654,0,0,0,0.4061811972299616,0.8124238990952867,0.3578300267477955,0.5939138709164986,0,0.8084522230340506,0.7691412267163386,0.36719403681726276,0.745907903714021,0,0.3849001794597505,0.823625381241185,0,0,0,0.4147806778921701,0,0,0.7923783636903521,0,0.3246189182581887,0,0.6328592700460897,0,0,0,0,0,0,0.7257747386024231,0.32881335013854035,0,0.33740050620836115,0.8456332589987793,0.3865006029094686,0.8563916592311799,0.7516719423227841,0.8470464028113088,0.2581988897471611,0.8312517430937794,0.7942372000027078
Europe,0,0.9379500917137729,0.8926602889995244,0.619925019153208,0,0.94148411210393,0.9110268034805571,0,0.6421655395208495,0,0.9466424321325652,0.5229546460469836,0.8938595941257326,0.8366168139716661,1.0,0.5163468602239234,0,0.6027214248742798,0,0,0,0.5659955967839161,0.9096873960673278,0.6123408073386887,0.6885717318132426,0,0.9235421672230657,0.9487622001819459,0.6283650788006993,0.8648723631228599,0,0.5680984951722015,0.8564653909064018,0,0,0,0.656563402927879,0,0,0.8813719016546803,0,0.6025602596683851,0,0.6729995664826985,0,0,0,0,0,0,0.6947384289753283,0.5808902177519139,0,0.6234879198285033,0.9475340491020621,0.6253271016776359,0.9174093956031364,0.9239150120130791,0.9589119325384022,0.4541193581203285,0.9463737250340899,0.9269058003796481
Eye,0,0.5117957927754242,0.6561867415266417,0.7930905553545756,0,0.5598991961996556,0.7020904842685636,0,0.5938556868486718,0,0.5308128625815007,0.8563488385776753,0.4799396742255997,0.4061811972299616,0.5163468602239234,1.0,0,0.4751655437274014,0,0,0,0.9090909090909091,0.40936760055317706,0.7644707871564383,0.511766315719159,0,0.5094196137095356,0.5244036822288748,0.7990034651257414,0.6442354241315423,0,0.753778361444409,0.5415799011073226,0,0,0,0.8122955416108235,0,0,0.4204746686390287,0,0.4820124859855517,0,0.7259195875914237,0,0,0,0,0,0,0.6396021490668314,0.8484848484848485,0,0.4753642114668674,0.47781572776864983,0.7706746355884524,0.5232660706926008,0.4529398491942119,0.4821747968406264,0.8090398349558905,0.49794633908181785,0.43554993400227043
George_W._Bush,0,0.0,0.0,0.0,0,0.0,0.0,0,0.0,0,0.0,0.0,0.0,0.0,0.0,0.0,0,0.0,0,0,0,0.0,0.0,0.0,0.0,0,0.0,0.0,0.0,0.0,0,0.0,0.0,0,0,0,0.0,0,0,0.0,0,0.0,0,0.0,0,0,0,0,0,0,0.0,0.0,0,0.0,0.0,0.0,0.0,0.0,0.0,0.0,0.0,0.0
Ghana,0,0.4768651829131161,0.7053157339975265,0.3969833908098076,0,0.6111351825312209,0.5911380777823597,0,0.47894704483015804,0,0.5060752164318553,0.41675199686203546,0.4981442557911315,0.3253039650937654,0.6027214248742798,0.4751655437274014,0,1.0,0,0,0,0.5019894050668515,0.4760508328690019,0.5757320013505804,0.6118564559440298,0,0.5579097581431316,0.6927659953028722,0.8621931510528119,0.6548937455218735,0,0.44482341745737963,0.4351321660920171,0,0,0,0.5866402734268805,0,0,0.46256909045678063,0,0.999726104893461,0,0.38061927277356444,0,0,0,0,0,0,0.416387943172777,0.6450499988772519,0,0.9981855425559206,0.5740123566304736,0.5777744299251247,0.47506517465498227,0.6028369042771379,0.5063736877791878,0.5759528408061222,0.5243294987454826,0.47645892014304686
Gold,0,0.0,0.0,0.0,0,0.0,0.0,0,0.0,0,0.0,0.0,0.0,0.0,0.0,0.0,0,0.0,0,0,0,0.0,0.0,0.0,0.0,0,0.0,0.0,0.0,0.0,0,0.0,0.0,0,0,0,0.0,0,0,0.0,0,0.0,0,0.0,0,0,0,0,0,0,0.0,0.0,0,0.0,0.0,0.0,0.0,0.0,0.0,0.0,0.0,0.0
Hinduism,0,0.0,0.0,0.0,0,0.0,0.0,0,0.0,0,0.0,0.0,0.0,0.0,0.0,0.0,0,0.0,0,0,0,0.0,0.0,0.0,0.0,0,0.0,0.0,0.0,0.0,0,0.0,0.0,0,0,0,0.0,0,0,0.0,0,0.0,0,0.0,0,0,0,0,0,0,0.0,0.0,0,0.0,0.0,0.0,0.0,0.0,0.0,0.0,0.0,0.0
Human,0,0.0,0.0,0.0,0,0.0,0.0,0,0.0,0,0.0,0.0,0.0,0.0,0.0,0.0,0,0.0,0,0,0,0.0,0.0,0.0,0.0,0,0.0,0.0,0.0,0.0,0,0.0,0.0,0,0,0,0.0,0,0,0.0,0,0.0,0,0.0,0,0,0,0,0,0,0.0,0.0,0,0.0,0.0,0.0,0.0,0.0,0.0,0.0,0.0,0.0
India,0,0.5354171370573668,0.6487300740092935,0.7435223956449146,0,0.5820004802601683,0.719864926908274,0,0.7918075824648958,0,0.5501151484935554,0.8563488385776753,0.4438151826172212,0.4061811972299616,0.5659955967839161,0.9090909090909091,0,0.5019894050668515,0,0,0,1.0,0.39216728120220323,0.8664002254439634,0.5582905262390825,0,0.48739632624087836,0.5244036822288748,0.830963603730771,0.6292532049656926,0,0.9045340337332909,0.527451729774088,0,0,0,0.9206016138256,0,0,0.3552490091739091,0,0.508580103323338,0,0.7967410107710748,0,0,0,0,0,0,0.7817359599705717,0.9090909090909091,0,0.5171962620759517,0.5212535212021635,0.8257228238447705,0.509848991956893,0.5774983077226201,0.5125822164612065,0.8090398349558905,0.4998615173090556,0.42904407806984657
Internet,0,0.9708979836259708,0.798810637238124,0.5101887649051117,0,0.9389176988987725,0.8703410321254673,0,0.47940088355874,0,0.9130150752006397,0.4065334685826547,0.965963926998224,0.8124238990952867,0.9096873960673278,0.40936760055317706,0,0.4760508328690019,0,0,0,0.39216728120220323,1.0,0.4589927053524701,0.466534835362364,0,0.9598316593995782,0.9235812923451726,0.4716636986557758,0.8725171192620595,0,0.3765102367056986,0.92150655148595,0,0,0,0.4938545327850783,0,0,0.9643211373428474,0,0.476099024070549,0,0.5058372424397856,0,0,0,0,0,0,0.537844326385357,0.4529417429089774,0,0.4908597023010789,0.9525337822796408,0.5145163433788305,0.9595750862091216,0.8338396969642811,0.966864776102005,0.3537691243791587,0.9496690214297451,0.9789139124383299
Iran,0,0.5809002514698405,0.6730277563787909,0.5835585150955649,0,0.6277723162289448,0.7622891649542044,0,0.9099883613178742,0,0.5897494804141094,0.741940826802374,0.48315056904459724,0.3578300267477955,0.6123408073386887,0.7644707871564383,0,0.5757320013505804,0,0,0,0.8664002254439634,0.4589927053524701,1.0,0.6259686371487613,0,0.5610316238194922,0.6161215871427468,0.8241927808273362,0.6215415778373958,0,0.9296696802013682,0.5359484960671985,0,0,0,0.9107651110783744,0,0,0.4091972634681084,0,0.5851262495308842,0,0.7345116671384883,0,0,0,0,0,0,0.756978119245116,0.951341424016901,0,0.5990803976504,0.5519728723459062,0.8640987597877146,0.5340459642556671,0.6855933804350748,0.5613255072790923,0.9071147352221454,0.541130549438121,0.4910364162849789
Iraq,0,0.506109735646418,0.6639963997439069,0.5580809183750252,0,0.5504537121938102,0.609456188586972,0,0.52678658400752,0,0.6075129743894547,0.5179323973782372,0.46746453457765885,0.5939138709164986,0.6885717318132426,0.511766315719159,0,0.6118564559440298,0,0,0,0.5582905262390825,0.466534835362364,0.6259686371487613,1.0,0,0.5612578438727697,0.6309600322260303,0.6378887729670178,0.5673872376814912,0,0.5400617248673216,0.4747911572128388,0,0,0,0.6374150947947472,0,0,0.44490905566841055,0,0.6137808684281331,0,0.5708432963305404,0,0,0,0,0,0,0.5819143739626464,0.604814736759006,0,0.6208387981564661,0.5557499877109785,0.5352643613280604,0.5012478535169514,0.6490382020206372,0.5424291883970249,0.5290502621624715,0.5420084090303575,0.46349837375816927
Iron,0,0.0,0.0,0.0,0,0.0,0.0,0,0.0,0,0.0,0.0,0.0,0.0,0.0,0.0,0,0.0,0,0,0,0.0,0.0,0.0,0.0,0,0.0,0.0,0.0,0.0,0,0.0,0.0,0,0,0,0.0,0,0,0.0,0,0.0,0,0.0,0,0,0,0,0,0,0.0,0.0,0,0.0,0.0,0.0,0.0,0.0,0.0,0.0,0.0,0.0
Islam,0,0.954521731944062,0.8400300097644864,0.5275027259900974,0,0.959246702293159,0.9208108074362227,0,0.5452034348784376,0,0.9298475955966833,0.43915964474397745,0.9768803119366428,0.8084522230340506,0.9235421672230657,0.5094196137095356,0,0.5579097581431316,0,0,0,0.48739632624087836,0.9598316593995782,0.5610316238194922,0.5612578438727697,0,1.0,0.961214807823799,0.5772801342772406,0.922722834815504,0,0.45956208994726955,0.9598458282447969,0,0,0,0.6062809023278464,0,0,0.9711402468764535,0,0.5583595536837682,0,0.5707741690960478,0,0,0,0,0,0,0.6363917722501525,0.5763634160944222,0,0.5707434790721593,0.9594056981072091,0.5928064091907618,0.9728280025766388,0.8642671076544757,0.9618519117780359,0.4640619642200193,0.9727165241531442,0.9739061553218117
Italy,0,0.9239473682087479,0.8790279976559242,0.5596946846538687,0,0.9512015543949637,0.9200504504390267,0,0.6073796450099312,0,0.9114816556107627,0.4586272179294161,0.9191925511979354,0.7691412267163386,0.9487622001819459,0.5244036822288748,0,0.6927659953028722,0,0,0,0.5244036822288748,0.9235812923451726,0.6161215871427468,0.6309600322260303,0,0.961214807823799,1.0,0.6746797273657675,0.9092912281396386,0,0.5180745433377698,0.8857797370406192,0,0,0,0.6413730150683137,0,0,0.9251527501316932,0,0.692902457265104,0,0.5888904468163266,0,0,0,0,0,0,0.6410845398199567,0.6192426460362246,0,0.7066476255558923,0.9371877410488073,0.6013033126933406,0.9246306568554847,0.9012620409962735,0.9345961835351454,0.5213024533419364,0.9442165041634786,0.9414310116601073
Japan,0,0.5514092257951639,0.8021720847815146,0.6273452808679364,0,0.652676734176962,0.7373595982091999,0,0.6820042482662665,0,0.5598401378274317,0.7389637445303641,0.5306777920096746,0.36719403681726276,0.6283650788006993,0.7990034651257414,0,0.8621931510528119,0,0,0,0.830963603730771,0.4716636986557758,0.8241927808273362,0.6378887729670178,0,0.5772801342772406,0.6746797273657675,1.0,0.7216025383352986,0,0.741998516004452,0.5298049551470501,0,0,0,0.8567155772382753,0,0,0.4456738347992814,0,0.8672998339322048,0,0.6535747971715778,0,0,0,0,0,0,0.64959413046308,0.9055372604758403,0,0.863674955596922,0.5866631020813138,0.851524299687802,0.5424467955257853,0.6050976510475085,0.5497754812789064,0.853281833651959,0.5574948654150366,0.4835640563098292
Jesus,0,0.9039317810708498,0.860224187836737,0.5554954922486548,0,0.9081690151148856,0.8992971099193766,0,0.5676462121975466,0,0.8429919921843059,0.526030245261659,0.9040777879809054,0.745907903714021,0.8648723631228599,0.6442354241315423,0,0.6548937455218735,0,0,0,0.6292532049656926,0.8725171192620595,0.6215415778373958,0.5673872376814912,0,0.922722834815504,0.9092912281396386,0.7216025383352986,1.0,0,0.5217491947499509,0.9003088483383404,0,0,0,0.7050480775921935,0,0,0.8509839557936887,0,0.6567690783540912,0,0.5777483045827791,0,0,0,0,0,0,0.6558798109978862,0.7041643007949417,0,0.6624609565540097,0.9145290291643732,0.6622694489747111,0.8977446649450124,0.8005835514675693,0.8966606123230235,0.5851851851851851,0.8815540854823632,0.8709034843781898
Judaism,0,0.0,0.0,0.0,0,0.0,0.0,0,0.0,0,0.0,0.0,0.0,0.0,0.0,0.0,0,0.0,0,0,0,0.0,0.0,0.0,0.0,0,0.0,0.0,0.0,0.0,0,0.0,0.0,0,0,0,0.0,0,0,0.0,0,0.0,0,0.0,0,0,0,0,0,0,0.0,0.0,0,0.0,0.0,0.0,0.0,0.0,0.0,0.0,0.0,0.0
Julius_Caesar,0,0.5092303841755701,0.58117775602466,0.6575959492214292,0,0.5741963884746346,0.6926760958499624,0,0.9191450300180578,0,0.56016134970642,0.7745966692414834,0.4065029113820249,0.3849001794597505,0.5680984951722015,0.753778361444409,0,0.44482341745737963,0,0,0,0.9045340337332909,0.3765102367056986,0.9296696802013682,0.5400617248673216,0,0.45956208994726955,0.5180745433377698,0.741998516004452,0.5217491947499509,0,1.0,0.4607687923142415,0,0,0,0.8980265101338746,0,0,0.3313642632341289,0,0.45316192259920124,0,0.7633862853691145,0,0,0,0,0,0,0.8249579113843055,0.8542821429703302,0,0.4729814184596277,0.4922284470114216,0.8215838362577491,0.4894935754389833,0.6384484012603777,0.5042500086217748,0.8198915917499229,0.48274649656683055,0.43268531836273044
Koran,0,0.9370814803489775,0.8084839275784518,0.5572112968110887,0,0.9094475922463876,0.891309903350709,0,0.5209316694553834,0,0.8824311730526483,0.47991284346019025,0.9562688903498219,0.823625381241185,0.8564653909064018,0.5415799011073226,0,0.4351321660920171,0,0,0,0.527451729774088,0.92150655148595,0.5359484960671985,0.4747911572128388,0,0.9598458282447969,0.8857797370406192,0.5298049551470501,0.9003088483383404,0,0.4607687923142415,1.0,0,0,0,0.5863088910032318,0,0,0.9260036849789232,0,0.4349076764774202,0,0.6227759260307506,0,0,0,0,0,0,0.6847589739485167,0.5698362437737915,0,0.44581882864157135,0.9362793805798524,0.5760388609228753,0.9633377563957847,0.7995281867785573,0.9366841195706374,0.4540350657568354,0.9260498714120226,0.9277582485027029
Maize,0,0.0,0.0,0.0,0,0.0,0.0,0,0.0,0,0.0,0.0,0.0,0.0,0.0,0.0,0,0.0,0,0,0,0.0,0.0,0.0,0.0,0,0.0,0.0,0.0,0.0,0,0.0,0.0,0,0,0,0.0,0,0,0.0,0,0.0,0,0.0,0,0,0,0,0,0,0.0,0.0,0,0.0,0.0,0.0,0.0,0.0,0.0,0.0,0.0,0.0
Milk,0,0.0,0.0,0.0,0,0.0,0.0,0,0.0,0,0.0,0.0,0.0,0.0,0.0,0.0,0,0.0,0,0,0,0.0,0.0,0.0,0.0,0,0.0,0.0,0.0,0.0,0,0.0,0.0,0,0,0,0.0,0,0,0.0,0,0.0,0,0.0,0,0,0,0,0,0,0.0,0.0,0,0.0,0.0,0.0,0.0,0.0,0.0,0.0,0.0,0.0
Mohandas_Karamchand_Gandhi,0,0.0,0.0,0.0,0,0.0,0.0,0,0.0,0,0.0,0.0,0.0,0.0,0.0,0.0,0,0.0,0,0,0,0.0,0.0,0.0,0.0,0,0.0,0.0,0.0,0.0,0,0.0,0.0,0,0,0,0.0,0,0,0.0,0,0.0,0,0.0,0,0,0,0,0,0,0.0,0.0,0,0.0,0.0,0.0,0.0,0.0,0.0,0.0,0.0,0.0
Money,0,0.6069223444855214,0.6751555818345515,0.6495924548932419,0,0.6845991345041932,0.783507587722351,0,0.8489999351458408,0,0.6726359978592257,0.7883561227922861,0.553339539841505,0.4147806778921701,0.656563402927879,0.8122955416108235,0,0.5866402734268805,0,0,0,0.9206016138256,0.4938545327850783,0.9107651110783744,0.6374150947947472,0,0.6062809023278464,0.6413730150683137,0.8567155772382753,0.7050480775921935,0,0.8980265101338746,0.5863088910032318,0,0,0,1.0,0,0,0.45750223154128783,0,0.594601241265192,0,0.6960879082223046,0,0,0,0,0,0,0.7620007620011432,0.9386526258613962,0,0.6048437900703162,0.6080665504255415,0.9181561700975343,0.5914324970735868,0.6610314328126122,0.597735435630417,0.8567672841626655,0.5818283350303824,0.5380729104549659
Moon,0,0.0,0.0,0.0,0,0.0,0.0,0,0.0,0,0.0,0.0,0.0,0.0,0.0,0.0,0,0.0,0,0,0,0.0,0.0,0.0,0.0,0,0.0,0.0,0.0,0.0,0,0.0,0.0,0,0,0,0.0,0,0,0.0,0,0.0,0,0.0,0,0,0,0,0,0,0.0,0.0,0,0.0,0.0,0.0,0.0,0.0,0.0,0.0,0.0,0.0
Moses,0,0.0,0.0,0.0,0,0.0,0.0,0,0.0,0,0.0,0.0,0.0,0.0,0.0,0.0,0,0.0,0,0,0,0.0,0.0,0.0,0.0,0,0.0,0.0,0.0,0.0,0,0.0,0.0,0,0,0,0.0,0,0,0.0,0,0.0,0,0.0,0,0,0,0,0,0,0.0,0.0,0,0.0,0.0,0.0,0.0,0.0,0.0,0.0,0.0,0.0
Muhammad,0,0.9244815461671837,0.7728215401990652,0.49822257427054817,0,0.9176213145444538,0.8566510996538259,0,0.4090686116111948,0,0.8944323195993366,0.34973306018701006,0.9685032502093724,0.7923783636903521,0.8813719016546803,0.4204746686390287,0,0.46256909045678063,0,0,0,0.3552490091739091,0.9643211373428474,0.4091972634681084,0.44490905566841055,0,0.9711402468764535,0.9251527501316932,0.4456738347992814,0.8509839557936887,0,0.3313642632341289,0.9260036849789232,0,0,0,0.45750223154128783,0,0,1.0,0,0.46134285861558,0,0.4810876846589468,0,0,0,0,0,0,0.5165552764248666,0.41790983629466527,0,0.4720196383391676,0.9176578771844316,0.46535148726496195,0.9591748623389126,0.7914146161418822,0.9325727698567343,0.3293319614340499,0.9618470418081164,0.9784362482306431
New_York_City,0,0.0,0.0,0.0,0,0.0,0.0,0,0.0,0,0.0,0.0,0.0,0.0,0.0,0.0,0,0.0,0,0,0,0.0,0.0,0.0,0.0,0,0.0,0.0,0.0,0.0,0,0.0,0.0,0,0,0,0.0,0,0,0.0,0,0.0,0,0.0,0,0,0,0,0,0,0.0,0.0,0,0.0,0.0,0.0,0.0,0.0,0.0,0.0,0.0,0.0
Niger,0,0.47796380938918226,0.7066720076748174,0.39732992619017277,0,0.6114485005072794,0.5936537708442129,0,0.4859417837755643,0,0.5064788084250746,0.42252132466123205,0.4983409652848541,0.3246189182581887,0.6025602596683851,0.4820124859855517,0,0.999726104893461,0,0,0,0.508580103323338,0.476099024070549,0.5851262495308842,0.6137808684281331,0,0.5583595536837682,0.692902457265104,0.8672998339322048,0.6567690783540912,0,0.45316192259920124,0.4349076764774202,0,0,0,0.594601241265192,0,0,0.46134285861558,0,1.0,0,0.3821575588180526,0,0,0,0,0,0,0.4213111974004709,0.6540694363635964,0,0.9983349024538649,0.5721558882723824,0.5860443225791493,0.475568314227924,0.6041692898436257,0.5063422811353641,0.5873392043566587,0.5241980405110873,0.4757242727273692
Osama_Bin_Laden,0,0.0,0.0,0.0,0,0.0,0.0,0,0.0,0,0.0,0.0,0.0,0.0,0.0,0.0,0,0.0,0,0,0,0.0,0.0,0.0,0.0,0,0.0,0.0,0.0,0.0,0,0.0,0.0,0,0,0,0.0,0,0,0.0,0,0.0,0,0.0,0,0,0,0,0,0,0.0,0.0,0,0.0,0.0,0.0,0.0,0.0,0.0,0.0,0.0,0.0
Paris,0,0.6391582643164281,0.7537190297653584,0.8012687981316089,0,0.6298804304508524,0.7390795985855163,0,0.655399234784421,0,0.6428389725284784,0.8035839261936375,0.5563123133528767,0.6328592700460897,0.6729995664826985,0.7259195875914237,0,0.38061927277356444,0,0,0,0.7967410107710748,0.5058372424397856,0.7345116671384883,0.5708432963305404,0,0.5707741690960478,0.5888904468163266,0.6535747971715778,0.5777483045827791,0,0.7633862853691145,0.6227759260307506,0,0,0,0.6960879082223046,0,0,0.4810876846589468,0,0.3821575588180526,0,1.0,0,0,0,0,0,0,0.8442957118463564,0.6905088760015982,0,0.3925452100222569,0.6309673525642892,0.6968731476445665,0.6219167718839582,0.663810899478918,0.6340894218985734,0.62151711553602,0.6322316628213926,0.5337046681734657
Periodic_table,0,0.0,0.0,0.0,0,0.0,0.0,0,0.0,0,0.0,0.0,0.0,0.0,0.0,0.0,0,0.0,0,0,0,0.0,0.0,0.0,0.0,0,0.0,0.0,0.0,0.0,0,0.0,0.0,0,0,0,0.0,0,0,0.0,0,0.0,0,0.0,0,0,0,0,0,0,0.0,0.0,0,0.0,0.0,0.0,0.0,0.0,0.0,0.0,0.0,0.0
Pope_Benedict_XVI,0,0.0,0.0,0.0,0,0.0,0.0,0,0.0,0,0.0,0.0,0.0,0.0,0.0,0.0,0,0.0,0,0,0,0.0,0.0,0.0,0.0,0,0.0,0.0,0.0,0.0,0,0.0,0.0,0,0,0,0.0,0,0,0.0,0,0.0,0,0.0,0,0,0,0,0,0,0.0,0.0,0,0.0,0.0,0.0,0.0,0.0,0.0,0.0,0.0,0.0
Pope_John_Paul_II,0,0.0,0.0,0.0,0,0.0,0.0,0,0.0,0,0.0,0.0,0.0,0.0,0.0,0.0,0,0.0,0,0,0,0.0,0.0,0.0,0.0,0,0.0,0.0,0.0,0.0,0,0.0,0.0,0,0,0,0.0,0,0,0.0,0,0.0,0,0.0,0,0,0,0,0,0,0.0,0.0,0,0.0,0.0,0.0,0.0,0.0,0.0,0.0,0.0,0.0
Religion,0,0.0,0.0,0.0,0,0.0,0.0,0,0.0,0,0.0,0.0,0.0,0.0,0.0,0.0,0,0.0,0,0,0,0.0,0.0,0.0,0.0,0,0.0,0.0,0.0,0.0,0,0.0,0.0,0,0,0,0.0,0,0,0.0,0,0.0,0,0.0,0,0,0,0,0,0,0.0,0.0,0,0.0,0.0,0.0,0.0,0.0,0.0,0.0,0.0,0.0
Rice,0,0.0,0.0,0.0,0,0.0,0.0,0,0.0,0,0.0,0.0,0.0,0.0,0.0,0.0,0,0.0,0,0,0,0.0,0.0,0.0,0.0,0,0.0,0.0,0.0,0.0,0,0.0,0.0,0,0,0,0.0,0,0,0.0,0,0.0,0,0.0,0,0,0,0,0,0,0.0,0.0,0,0.0,0.0,0.0,0.0,0.0,0.0,0.0,0.0,0.0
Roman_Catholic_Church,0,0.0,0.0,0.0,0,0.0,0.0,0,0.0,0,0.0,0.0,0.0,0.0,0.0,0.0,0,0.0,0,0,0,0.0,0.0,0.0,0.0,0,0.0,0.0,0.0,0.0,0,0.0,0.0,0,0,0,0.0,0,0,0.0,0,0.0,0,0.0,0,0,0,0,0,0,0.0,0.0,0,0.0,0.0,0.0,0.0,0.0,0.0,0.0,0.0,0.0
Rome,0,0.6647635529294333,0.7053265619225245,0.6199874066337029,0,0.6910947404650882,0.757273193404328,0,0.7737305757377162,0,0.6790180953188891,0.669438681395203,0.6051388741269558,0.7257747386024231,0.6947384289753283,0.6396021490668314,0,0.416387943172777,0,0,0,0.7817359599705717,0.537844326385357,0.756978119245116,0.5819143739626464,0,0.6363917722501525,0.6410845398199567,0.64959413046308,0.6558798109978862,0,0.8249579113843055,0.6847589739485167,0,0,0,0.7620007620011432,0,0,0.5165552764248666,0,0.4213111974004709,0,0.8442957118463564,0,0,0,0,0,0,1.0,0.7106690545187015,0,0.4399854090530592,0.6819674434040859,0.6885303726590963,0.6817598401548487,0.7435666724194027,0.6808571371640126,0.6324555320336759,0.6722264968030175,0.5830003378083745
Russia,0,0.5732112879084751,0.700926746630731,0.5782951966127113,0,0.6262030483811938,0.7672634406141686,0,0.818201168547059,0,0.5565492437975735,0.752548979356139,0.504882775574242,0.32881335013854035,0.5808902177519139,0.8484848484848485,0,0.6450499988772519,0,0,0,0.9090909090909091,0.4529417429089774,0.951341424016901,0.604814736759006,0,0.5763634160944222,0.6192426460362246,0.9055372604758403,0.7041643007949417,0,0.8542821429703302,0.5698362437737915,0,0,0,0.9386526258613962,0,0,0.41790983629466527,0,0.6540694363635964,0,0.6905088760015982,0,0,0,0,0,0,0.7106690545187015,1.0,0,0.6579040686701445,0.5526252609041454,0.8807710121010884,0.5366831494283084,0.6190177938987562,0.543713622263229,0.928897588282689,0.5343347253993354,0.477324377357834
Silver,0,0.0,0.0,0.0,0,0.0,0.0,0,0.0,0,0.0,0.0,0.0,0.0,0.0,0.0,0,0.0,0,0,0,0.0,0.0,0.0,0.0,0,0.0,0.0,0.0,0.0,0,0.0,0.0,0,0,0,0.0,0,0,0.0,0,0.0,0,0.0,0,0,0,0,0,0,0.0,0.0,0,0.0,0.0,0.0,0.0,0.0,0.0,0.0,0.0,0.0
South_Africa,0,0.4966337708290027,0.7105712845647597,0.39397217545900537,0,0.6308458474191514,0.608960393539108,0,0.5200300773385533,0,0.5256526849447977,0.4168474525604294,0.5063470631098722,0.33740050620836115,0.6234879198285033,0.4753642114668674,0,0.9981855425559206,0,0,0,0.5171962620759517,0.4908597023010789,0.5990803976504,0.6208387981564661,0,0.5707434790721593,0.7066476255558923,0.863674955596922,0.6624609565540097,0,0.4729814184596277,0.44581882864157135,0,0,0,0.6048437900703162,0,0,0.4720196383391676,0,0.9983349024538649,0,0.3925452100222569,0,0,0,0,0,0,0.4399854090530592,0.6579040686701445,0,1.0,0.5904034669776453,0.5872085422545579,0.48773834361073076,0.6347379902611704,0.5266099526143441,0.5791049421531741,0.5404614062286694,0.4950611667724212
South_America,0,0.9673285922370873,0.8586620369838702,0.5723741190574211,0,0.9642178135478154,0.9030792434461818,0,0.5832712625801407,0,0.940739450648025,0.48667257677292647,0.9557168393339511,0.8456332589987793,0.9475340491020621,0.47781572776864983,0,0.5740123566304736,0,0,0,0.5212535212021635,0.9525337822796408,0.5519728723459062,0.5557499877109785,0,0.9594056981072091,0.9371877410488073,0.5866631020813138,0.9145290291643732,0,0.4922284470114216,0.9362793805798524,0,0,0,0.6080665504255415,0,0,0.9176578771844316,0,0.5721558882723824,0,0.6309673525642892,0,0,0,0,0,0,0.6819674434040859,0.5526252609041454,0,0.5904034669776453,1.0,0.6049664730828795,0.9584282404744026,0.8877801917964309,0.9754417123925065,0.4169966023391369,0.9546804519974311,0.9541766776010637
Soviet_Union,0,0.6045584887278915,0.7269530619870268,0.6603302477064307,0,0.6736106024856605,0.7534071657280694,0,0.7431681173023454,0,0.6545344150970582,0.848528137423857,0.5952979665356471,0.3865006029094686,0.6253271016776359,0.7706746355884524,0,0.5777744299251247,0,0,0,0.8257228238447705,0.5145163433788305,0.8640987597877146,0.5352643613280604,0,0.5928064091907618,0.6013033126933406,0.851524299687802,0.6622694489747111,0,0.8215838362577491,0.5760388609228753,0,0,0,0.9181561700975343,0,0,0.46535148726496195,0,0.5860443225791493,0,0.6968731476445665,0,0,0,0,0,0,0.6885303726590963,0.8807710121010884,0,0.5872085422545579,0.6049664730828795,1.0,0.6012089031397667,0.5622508328670651,0.5970945398681978,0.8709296863229077,0.5786893057780501,0.527891848069277
Sun,0,0.9647543320385824,0.8385913990511891,0.6071996901687029,0,0.9470328859805837,0.9024124687031149,0,0.5317184211069672,0,0.9358252774133666,0.505546790866855,0.984430156355889,0.8563916592311799,0.9174093956031364,0.5232660706926008,0,0.47506517465498227,0,0,0,0.509848991956893,0.9595750862091216,0.5340459642556671,0.5012478535169514,0,0.9728280025766388,0.9246306568554847,0.5424467955257853,0.8977446649450124,0,0.4894935754389833,0.9633377563957847,0,0,0,0.5914324970735868,0,0,0.9591748623389126,0,0.475568314227924,0,0.6219167718839582,0,0,0,0,0,0,0.6817598401548487,0.5366831494283084,0,0.48773834361073076,0.9584282404744026,0.6012089031397667,1.0,0.8389477439275667,0.9703191580212833,0.45108352622852843,0.9627299727407768,0.9665024033457151
United_Kingdom,0,0.8856137078704099,0.7876147779383437,0.5001048188075512,0,0.903869448654935,0.8700851703267515,0,0.7643540724027301,0,0.8727474614786868,0.42666196518331173,0.7896817287207883,0.7516719423227841,0.9239150120130791,0.4529398491942119,0,0.6028369042771379,0,0,0,0.5774983077226201,0.8338396969642811,0.6855933804350748,0.6490382020206372,0,0.8642671076544757,0.9012620409962735,0.6050976510475085,0.8005835514675693,0,0.6384484012603777,0.7995281867785573,0,0,0,0.6610314328126122,0,0,0.7914146161418822,0,0.6041692898436257,0,0.663810899478918,0,0,0,0,0,0,0.7435666724194027,0.6190177938987562,0,0.6347379902611704,0.8877801917964309,0.5622508328670651,0.8389477439275667,1.0,0.8984494192613316,0.45907588265972504,0.8764387539874594,0.864738766224143
United_States,0,0.9880270323766293,0.8558388451597533,0.5589706577373841,0,0.9670058996419829,0.91662618855518,0,0.603468431388956,0,0.9467643807433536,0.4817281318102131,0.9570828493943608,0.8470464028113088,0.9589119325384022,0.4821747968406264,0,0.5063736877791878,0,0,0,0.5125822164612065,0.966864776102005,0.5613255072790923,0.5424291883970249,0,0.9618519117780359,0.9345961835351454,0.5497754812789064,0.8966606123230235,0,0.5042500086217748,0.9366841195706374,0,0,0,0.597735435630417,0,0,0.9325727698567343,0,0.5063422811353641,0,0.6340894218985734,0,0,0,0,0,0,0.6808571371640126,0.543713622263229,0,0.5266099526143441,0.9754417123925065,0.5970945398681978,0.9703191580212833,0.8984494192613316,1.0,0.4145041872535175,0.96935282656211,0.9728264054717843
Water,0,0.44612653794452795,0.6267347654239085,0.5881716976750462,0,0.49172252823733775,0.6415181337861351,0,0.7046642634176441,0,0.45330701466514567,0.769800358919501,0.42482300573514803,0.2581988897471611,0.4541193581203285,0.8090398349558905,0,0.5759528408061222,0,0,0,0.8090398349558905,0.3537691243791587,0.9071147352221454,0.5290502621624715,0,0.4640619642200193,0.5213024533419364,0.853281833651959,0.5851851851851851,0,0.8198915917499229,0.4540350657568354,0,0,0,0.8567672841626655,0,0,0.3293319614340499,0,0.5873392043566587,0,0.62151711553602,0,0,0,0,0,0,0.6324555320336759,0.928897588282689,0,0.5791049421531741,0.4169966023391369,0.8709296863229077,0.45108352622852843,0.45907588265972504,0.4145041872535175,1.0,0.4071624669789648,0.3575484012842746
Wikipedia,0,0.9581034859931518,0.8578647767752448,0.5544969956629305,0,0.9608573945052264,0.931265807230734,0,0.5546425538475397,0,0.9242938448202712,0.45757692150744184,0.9573798131302544,0.8312517430937794,0.9463737250340899,0.49794633908181785,0,0.5243294987454826,0,0,0,0.4998615173090556,0.9496690214297451,0.541130549438121,0.5420084090303575,0,0.9727165241531442,0.9442165041634786,0.5574948654150366,0.8815540854823632,0,0.48274649656683055,0.9260498714120226,0,0,0,0.5818283350303824,0,0,0.9618470418081164,0,0.5241980405110873,0,0.6322316628213926,0,0,0,0,0,0,0.6722264968030175,0.5343347253993354,0,0.5404614062286694,0.9546804519974311,0.5786893057780501,0.9627299727407768,0.8764387539874594,0.96935282656211,0.4071624669789648,1.0,0.9746526297599761
World_War_II,0,0.965156660694715,0.7915448464870513,0.5059593341616158,0,0.9639279842846303,0.901927422457414,0,0.5426442960641341,0,0.9339426057626655,0.387057498243368,0.9638041430273465,0.7942372000027078,0.9269058003796481,0.43554993400227043,0,0.47645892014304686,0,0,0,0.42904407806984657,0.9789139124383299,0.4910364162849789,0.46349837375816927,0,0.9739061553218117,0.9414310116601073,0.4835640563098292,0.8709034843781898,0,0.43268531836273044,0.9277582485027029,0,0,0,0.5380729104549659,0,0,0.9784362482306431,0,0.4757242727273692,0,0.5337046681734657,0,0,0,0,0,0,0.5830003378083745,0.477324377357834,0,0.4950611667724212,0.9541766776010637,0.527891848069277,0.9665024033457151,0.864738766224143,0.9728264054717843,0.3575484012842746,0.9746526297599761,1.0
